12 0.633015625 0.8369097222222223 0.11564062499999998 0.09443055555555557
18 0.53046875 0.475375 0.13984375 0.26324999999999993
14 0.41471484375 0.3242777777777778 0.06575781250000001 0.13261111111111112
2 0.5017109375 0.2723333333333333 0.056265624999999986 0.18911111111111106
17 0.4963046875 0.9041805555555555 0.083015625 0.11275000000000009
12 0.52734375 0.7184722222222223 0.15734375000000006 0.2243333333333333
12 0.42281250000000004 0.9453472222222222 0.07046875000000004 0.10930555555555561
18 0.33544140625 0.8382777777777779 0.08674218749999998 0.13947222222222233
12 0.2679296875 0.24562500000000004 0.06195312499999996 0.10430555555555558
14 0.6121875 0.035347222222222224 0.08687500000000004 0.07069444444444445
18 0.27861328125 0.9815277777777777 0.07503906249999996 0.03694444444444432
19 0.706859375 0.9441319444444444 0.14518749999999994 0.10798611111111112
12 0.26433984374999997 0.09353472222222223 0.08977343749999997 0.16626388888888885
19 0.3609375 0.94375 0.06015625 0.1125
16 0.27084375 0.33836805555555555 0.058609374999999984 0.09734722222222227
14 0.672875 0.09979861111111112 0.08714062499999997 0.12476388888888891
8 0.6605390625 0.03173611111111111 0.056296874999999955 0.06347222222222222
14 0.18962890625 0.2964027777777778 0.027773437500000008 0.10580555555555557
17 0.50078125 0.9805555555555555 0.09296875 0.03888888888888889
14 0.382421875 0.7260416666666667 0.06953125 0.20402777777777784
2 0.425484375 0.5960972222222222 0.048843749999999984 0.20469444444444443
0 0.4521562500000001 0.38170833333333337 0.06846875000000008 0.1326388888888889
3 0.450546875 0.12789583333333332 0.1125 0.24051388888888886
16 0.36517968749999996 0.13624999999999998 0.13871874999999995 0.27249999999999996
18 0.1304140625 0.21453472222222222 0.121203125 0.42906944444444445