19 0.175 0.9569444444444445 0.0390625 0.08611111111111111
19 0.5266015625 0.9708472222222222 0.057421875 0.05830555555555558
19 0.41828125 0.9588402777777778 0.03965624999999999 0.04865277777777774
17 0.7421875 0.9458333333333333 0.06953125 0.10833333333333334
15 0.26128515625 0.9153888888888888 0.13305468750000002 0.1692222222222221
19 0.45618359374999995 0.9100208333333332 0.09519531249999993 0.09454166666666658
19 0.43768359375 0.8133472222222222 0.10508593749999999 0.10766666666666665
19 0.45455468750000005 0.7432430555555556 0.13101562500000002 0.1481527777777778
19 0.54890234375 0.8530625000000001 0.013601562500000063 0.030763888888889014
12 0.698546875 0.7439027777777778 0.135546875 0.19972222222222216
19 0.8144218750000001 0.7312916666666667 0.06532812499999992 0.11447222222222224
19 0.46232421874999996 0.6763819444444444 0.11274218749999995 0.1476527777777777
14 0.47635937500000003 0.5070138888888889 0.16320312500000003 0.37683333333333324
19 0.5689804687500001 0.5846180555555555 0.06674218750000005 0.12943055555555563
19 0.63560546875 0.6206666666666667 0.1468671875 0.2055833333333333
19 0.41411718750000004 0.5589513888888888 0.05637500000000002 0.0817638888888889
19 0.57871484375 0.3979375 0.04371093750000003 0.11312500000000002
19 0.55863671875 0.48664583333333333 0.02817968749999995 0.08440277777777776
17 0.2539453125 0.518875 0.065421875 0.10022222222222218
17 0.65334375 0.43966666666666665 0.06245312500000004 0.154
17 0.784921875 0.48634722222222226 0.11882812500000002 0.13450000000000004
12 0.26712109375 0.37977777777777777 0.1358359375 0.21377777777777773
17 0.43730859375 0.3015625 0.06586718749999995 0.15506944444444443
17 0.5028554687500001 0.21677083333333333 0.07494531250000006 0.188125
19 0.36124609375 0.1827152777777778 0.06438281249999997 0.1834583333333334
2 0.5123320312499999 0.13277083333333334 0.20513281249999996 0.26306944444444447
7 0.69165234375 0.18214583333333334 0.1888828125 0.35181944444444446
19 0.32133203125 0.048499999999999995 0.11757031250000001 0.09230555555555554
2 0.321640625 0.05136111111111111 0.12362500000000001 0.08791666666666666