19 0.3724765625 0.9430555555555555 0.093953125 0.11388888888888889
12 0.55859375 0.975 0.04296875 0.05
19 0.78067578125 0.9034791666666666 0.15514843749999993 0.19304166666666667
17 0.46998046875000005 0.9409305555555556 0.059554687500000016 0.11813888888888881
17 0.67373046875 0.905486111111111 0.06341406250000006 0.10458333333333326
17 0.6098359375 0.8679791666666665 0.08179687500000003 0.09843055555555541
19 0.44153125 0.81625 0.09532812499999999 0.09919444444444454
19 0.5569843750000001 0.832361111111111 0.12242187500000004 0.25441666666666674
19 0.68525390625 0.6695208333333332 0.22366406249999998 0.3596250000000001
19 0.5215468750000001 0.6194097222222222 0.09995312500000005 0.17143055555555564
17 0.42648828125 0.7193819444444445 0.08492968750000003 0.11568055555555551
19 0.39361328125000006 0.5461180555555555 0.13119531250000005 0.29448611111111106
19 0.47582031250000006 0.5007847222222223 0.11696875000000002 0.21951388888888881
19 0.20644921875 0.4306805555555555 0.06088281250000003 0.10108333333333329
8 0.6059375 0.4802222222222222 0.10853125000000005 0.16436111111111115
17 0.2952109375 0.4743263888888889 0.06351562499999996 0.1439583333333333
12 0.1965234375 0.3001666666666667 0.08271875 0.15294444444444444
19 0.5880703125 0.2889861111111111 0.09595312499999994 0.2058888888888889
12 0.5301640625 0.3180069444444444 0.07720312499999996 0.17451388888888886
12 0.44584765624999995 0.33408333333333334 0.05746093749999996 0.11961111111111115
8 0.3015078125 0.23375694444444445 0.10614062500000002 0.3224861111111111
8 0.77392578125 0.15888194444444442 0.12660156250000004 0.31390277777777775
11 0.5218046875 0.13165277777777776 0.15882812499999996 0.15294444444444444
17 0.4543046875000001 0.042888888888888886 0.07940625000000008 0.08577777777777777
17 0.3418046875 0.07518055555555556 0.08470312499999996 0.08236111111111112
19 0.21209765625000002 0.03935416666666667 0.1508828125 0.07870833333333334
12 0.52975 0.029944444444444444 0.09000000000000004 0.05988888888888889
8 0.7110664062500001 0.008770833333333334 0.06088281250000005 0.017541666666666667
10 0.5683906249999999 0.6227430555555555 0.13884375000000002 0.15687500000000007