3 0.66103515625 0.9777569444444445 0.05777343750000004 0.044486111111111074
19 0.5116640625 0.9669930555555556 0.06409374999999998 0.06601388888888884
14 0.61144921875 0.9340277777777778 0.10413281249999998 0.13194444444444445
19 0.25119921875 0.9634652777777777 0.07525781250000003 0.07306944444444431
17 0.795984375 0.7861388888888888 0.10632812499999993 0.1518055555555555
17 0.57094140625 0.89775 0.09302343749999994 0.1006666666666667
11 0.43892187499999996 0.8352083333333332 0.12450000000000006 0.15988888888888875
12 0.2742421875 0.8607361111111111 0.07859375000000002 0.22480555555555573
12 0.69469140625 0.6980138888888889 0.0669921875 0.23983333333333343
19 0.18459765625000002 0.7082986111111111 0.06530468750000003 0.13106944444444452
17 0.22879296875000002 0.6133611111111111 0.08757031250000002 0.20652777777777784
2 0.42378906250000004 0.6640277777777778 0.14253125000000005 0.2744444444444444
19 0.5491406249999999 0.7654166666666667 0.08004687500000003 0.1617777777777778
19 0.61516796875 0.5242361111111111 0.09810156249999995 0.1438055555555555
10 0.30547265625 0.3646597222222222 0.13813281249999995 0.27318055555555554
2 0.42080078125 0.40684722222222225 0.11380468750000002 0.2658333333333333
10 0.53779296875 0.4489236111111111 0.1721640624999999 0.2310972222222222
17 0.244234375 0.25956944444444446 0.06568750000000004 0.17041666666666666
19 0.19519921875000001 0.2723263888888889 0.06367968750000001 0.1596805555555556
8 0.74346484375 0.32490277777777776 0.12242968750000002 0.20308333333333337
19 0.385265625 0.23611805555555554 0.080078125 0.08865277777777776
19 0.49194921875000003 0.902861111111111 0.06677343750000002 0.09861111111111111
19 0.53851953125 0.6465555555555556 0.06389843749999997 0.09861111111111111
3 0.5687265625 0.21907638888888892 0.07526562499999993 0.1620416666666667
19 0.7825390625 0.17330555555555555 0.10773437500000008 0.15530555555555556
10 0.6384531250000001 0.10284722222222221 0.08898437500000007 0.20569444444444443
10 0.2210859375 0.04920833333333333 0.06985937499999999 0.09841666666666667
19 0.25814453125 0.13686111111111113 0.04985156249999996 0.0861388888888889
19 0.4931249999999999 0.07191666666666667 0.14578124999999992 0.14383333333333334
19 0.6436640625 0.7394722222222222 0.040671874999999955 0.07394444444444445
3 0.40357421875000005 0.965923611111111 0.06535156250000003 0.06815277777777769
19 0.238375 0.4627222222222222 0.047140625000000026 0.11008333333333332