19 0.47590625 0.9439583333333333 0.07829687500000002 0.1120833333333334
19 0.390234375 0.9777777777777777 0.0515625 0.044444444444444446
19 0.40670312500000005 0.9610972222222223 0.09076562500000004 0.07780555555555553
19 0.29236718749999996 0.8681805555555554 0.12921875 0.2636388888888888
17 0.221921875 0.9563749999999999 0.061921874999999994 0.08724999999999991
17 0.40984375 0.8310277777777778 0.08295312500000004 0.17399999999999996
17 0.222546875 0.758451388888889 0.06578125000000001 0.15593055555555552
3 0.58075390625 0.776798611111111 0.3149140624999999 0.44640277777777787
19 0.28565234375 0.722875 0.06824218750000002 0.1529722222222223
12 0.37005078125 0.7254444444444446 0.09049218750000003 0.15825000000000009
18 0.1906484375 0.5375624999999999 0.09414062499999998 0.2769861111111112
19 0.3533984375 0.6104236111111111 0.028187500000000032 0.05273611111111115
0 0.303125 0.5674652777777778 0.09000000000000004 0.17565277777777782
19 0.56676953125 0.5886458333333334 0.07211718749999996 0.1813194444444444
19 0.71692578125 0.48442361111111104 0.07705468750000008 0.06165277777777776
19 0.5358984375 0.4235486111111111 0.091015625 0.14931944444444442
2 0.24797265624999998 0.29875694444444445 0.2161015625 0.35279166666666667
19 0.3643125 0.4988194444444444 0.022625000000000027 0.059027777777777776
19 0.25187890625000003 0.242875 0.10749218750000003 0.1779722222222222
0 0.34883203125 0.2841666666666667 0.06675781250000004 0.08966666666666667
19 0.5503515625000001 0.28928472222222223 0.08414062500000004 0.17495833333333338
19 0.6325546875000001 0.22011111111111115 0.06948437500000004 0.12977777777777777
19 0.46170703125 0.18805555555555556 0.18544531250000004 0.3761111111111111
17 0.724984375 0.2041527777777778 0.09387500000000007 0.13724999999999998
17 0.33851171874999997 0.03139583333333333 0.05872656249999997 0.06279166666666666
19 0.3127578125 0.09 0.10404687500000005 0.18
19 0.733046875 0.07264583333333333 0.016453124999999957 0.033069444444444436