12 0.35078125 0.9659722222222222 0.11953125 0.06805555555555555
19 0.5287109375 0.9305000000000001 0.021015625000000072 0.03738888888888899
19 0.24744921875 0.7732013888888889 0.06432031250000003 0.13204166666666659
19 0.52687109375 0.7504027777777778 0.0716796875 0.17333333333333328
19 0.597328125 0.7702083333333333 0.061812499999999916 0.17769444444444452
12 0.4514296875 0.8119097222222221 0.10628124999999997 0.1514305555555555
19 0.48296875000000006 0.5745694444444445 0.18420312499999997 0.31397222222222215
17 0.4291953125 0.6667708333333333 0.07417187500000004 0.11204166666666661
8 0.6010390624999999 0.6184999999999999 0.09149999999999991 0.16888888888888892
19 0.6943359375 0.5841944444444445 0.090234375 0.1496388888888889
19 0.5089375 0.4317222222222222 0.12240625000000005 0.12938888888888883
9 0.39457421875 0.27896527777777774 0.1903984375 0.5095694444444444
19 0.29569140625 0.5128888888888888 0.01486718749999998 0.03299999999999999
12 0.61278515625 0.4119444444444445 0.10263281249999992 0.18652777777777776
19 0.74629296875 0.3954513888888889 0.028429687500000078 0.065625
19 0.47307812499999996 0.3238888888888889 0.06057812499999997 0.1252777777777778
17 0.24560546875 0.3249930555555556 0.08777343750000002 0.1362638888888889
17 0.56580078125 0.2778958333333333 0.08283593749999998 0.17329166666666665
19 0.28083203125 0.23708333333333337 0.03463281250000003 0.048333333333333346
19 0.2925859375 0.09960416666666667 0.12732812500000001 0.19581944444444446
19 0.5219140625 0.09971527777777778 0.07417187500000004 0.15604166666666666
19 0.5707460937500001 0.20411111111111113 0.07788281250000004 0.09230555555555553
19 0.639359375 0.12047916666666665 0.13598437499999996 0.22879166666666664
12 0.7895742187500001 0.05564583333333333 0.08038281250000008 0.10790277777777778
19 0.5651796875 0.013041666666666667 0.05192187500000003 0.026083333333333333