19 0.1812578125 0.3084236111111111 0.13734375000000001 0.19629166666666673
19 0.24925781249999995 0.06236111111111111 0.07289062499999996 0.12472222222222222
19 0.5341015625 0.06869444444444445 0.09100000000000001 0.1373888888888889
19 0.21048828125000002 0.10685416666666667 0.0775390625 0.18120833333333336
19 0.7592382812499999 0.023194444444444445 0.027382812499999964 0.04638888888888889
4 0.50211328125 0.8561805555555555 0.18483593749999994 0.2876388888888888
17 0.5315703125 0.6267152777777778 0.058984375 0.09454166666666658
3 0.35355468749999996 0.7657708333333334 0.13960937500000004 0.2324305555555555
8 0.20726953125 0.7899722222222222 0.08250781250000001 0.21138888888888896
19 0.34464843749999996 0.240625 0.19132812500000002 0.4165277777777777
17 0.32460546875 0.5514583333333333 0.07244531250000001 0.15686111111111117
3 0.234921875 0.48925694444444445 0.10279687500000004 0.14843055555555557
3 0.5383984375 0.4756111111111111 0.10110937500000006 0.18772222222222218
3 0.42362500000000003 0.46487500000000004 0.101953125 0.1662777777777778
12 0.42979687499999997 0.6769513888888888 0.13832812499999997 0.28040277777777767
19 0.5316953125 0.6040138888888889 0.13903125000000002 0.10458333333333326
19 0.4540273437500001 0.31674305555555554 0.06242968750000007 0.0982083333333333
19 0.5461015625 0.28739583333333335 0.13903125000000002 0.20090277777777774
19 0.376171875 0.9791666666666666 0.05078125 0.041666666666666664
19 0.7149609375 0.23972222222222223 0.29320312499999995 0.47944444444444445
19 0.4466015625 0.12479166666666666 0.14945312499999996 0.24958333333333332
17 0.55745703125 0.24006944444444445 0.09553906249999997 0.14205555555555557
17 0.41566796874999995 0.2447777777777778 0.06657031250000003 0.11805555555555555