19 0.38814453125000004 0.9586944444444444 0.08653906250000003 0.08261111111111114
14 0.31487890625000003 0.9456666666666667 0.08327343750000002 0.10866666666666668
19 0.192921875 0.9786041666666667 0.052046875000000006 0.04279166666666659
19 0.48578124999999994 0.9639166666666666 0.11509374999999995 0.07216666666666671
17 0.76253125 0.9468333333333334 0.07431249999999992 0.10633333333333325
10 0.68155078125 0.9785833333333332 0.08777343749999993 0.042833333333333216
19 0.69531640625 0.896361111111111 0.04671093749999997 0.1066111111111111
19 0.59934765625 0.9394513888888889 0.05367968750000003 0.1210972222222223
19 0.35793359375 0.864625 0.08458593749999999 0.10255555555555544
19 0.46090625 0.8206041666666667 0.24717187500000004 0.3061805555555556
19 0.5961875 0.8163888888888889 0.08870312499999997 0.1419444444444445
17 0.5408828124999999 0.9481875 0.05823437499999997 0.08976388888888905
10 0.6453984375 0.9206527777777778 0.060890625000000045 0.15869444444444444
19 0.21914453125 0.6700833333333334 0.03433593750000004 0.053416666666666716
19 0.4002734375 0.5829722222222222 0.06393749999999998 0.17413888888888887
19 0.5071640625 0.6803333333333333 0.15607812499999998 0.23538888888888893
19 0.46747265625 0.6245277777777777 0.08542968749999993 0.16152777777777771
10 0.5796523437500001 0.5920138888888888 0.10427343750000002 0.24694444444444438
19 0.8337421875000001 0.5062152777777779 0.14656249999999993 0.24320833333333336
10 0.5313085937500001 0.5245486111111112 0.18667968750000002 0.22637500000000002
19 0.25657421875 0.3901805555555556 0.09322656250000003 0.16777777777777775
19 0.311078125 0.47950000000000004 0.02709374999999996 0.03955555555555558
19 0.5810234375000001 0.3456180555555556 0.05675000000000008 0.15862499999999996
14 0.7624609375 0.22381250000000003 0.20726562499999995 0.40373611111111113
17 0.6109726562500001 0.3676041666666667 0.06438281250000007 0.1447083333333333
19 0.42680468750000006 0.42213194444444446 0.14320312499999996 0.21245833333333336
19 0.51303515625 0.31572222222222224 0.06799218749999998 0.07874999999999999
19 0.51699609375 0.3899027777777778 0.03203906249999999 0.054944444444444365
19 0.40429296875 0.3294583333333333 0.0505859375 0.1025555555555556
19 0.5450703125 0.2402638888888889 0.050484374999999915 0.08975000000000001
19 0.25779687500000004 0.1907222222222222 0.04440625000000002 0.08333333333333333
19 0.44387109375 0.14127083333333335 0.058039062499999974 0.19023611111111108
10 0.38127734375 0.165625 0.059117187500000015 0.33125
18 0.5189062499999999 0.11180555555555556 0.14437499999999998 0.22361111111111112
19 0.66077734375 0.17518055555555556 0.0976484375 0.0910277777777778
19 0.259578125 0.0854236111111111 0.07540624999999998 0.15604166666666666
19 0.310203125 0.12168750000000002 0.04834375 0.10109722222222225
19 0.4023671875 0.019090277777777775 0.116203125 0.03818055555555555
19 0.5710546875 0.0410625 0.043390624999999974 0.082125
8 0.62736328125 0.03268055555555556 0.09642968750000006 0.059333333333333335
19 0.7695390625 0.07403472222222222 0.11126562500000006 0.14806944444444445