19 0.99477734375 0.01670138888888889 0.010445312499999915 0.03340277777777778
19 0.39528125 0.9079166666666666 0.06478124999999997 0.18416666666666653
17 0.6167265625 0.9839583333333333 0.044703125000000024 0.03208333333333321
19 0.4618046874999999 0.9151180555555556 0.08874999999999993 0.1697638888888889
19 0.4458203125 0.7453958333333333 0.06512499999999992 0.14473611111111115
19 0.5190234374999999 0.6591319444444446 0.08953124999999992 0.16643055555555553
8 0.45902734375000004 0.5868749999999999 0.08492968750000003 0.1787222222222223
19 0.2891640625 0.49096527777777776 0.08778125 0.15812500000000004
19 0.3466328125 0.5021111111111111 0.01735937500000002 0.04972222222222216
19 0.42899609375000003 0.5240277777777778 0.07017968749999999 0.09361111111111108
8 0.46520703125 0.4377013888888889 0.13630468750000002 0.12648611111111102
19 0.57616796875 0.4525138888888888 0.10474218749999994 0.1492222222222223
0 0.65016015625 0.5087430555555555 0.05558593750000007 0.12756944444444449
19 0.34046875 0.3408125 0.06773437500000004 0.14729166666666668
3 0.5295234375 0.3076041666666667 0.11410937499999996 0.14909722222222224
19 0.5058203125 0.3762986111111111 0.015234375 0.022597222222222196
8 0.6427226562499999 0.3028333333333333 0.11682031249999998 0.12291666666666663
19 0.19620312499999998 0.1841736111111111 0.07964062500000002 0.18526388888888887
19 0.265984375 0.22554861111111113 0.056656249999999984 0.1327916666666667
19 0.38289453125 0.45727083333333335 0.031210937500000036 0.047680555555555615
12 0.58472265625 0.09470833333333332 0.09128906249999993 0.18941666666666665
19 0.46289453125 0.1009513888888889 0.19028906249999994 0.2019027777777778
18 0.11199218749999999 0.13903472222222224 0.10217187500000002 0.2780694444444445