18 0.8210703125000001 0.9597152777777778 0.08067187500000009 0.08056944444444443
19 0.6829140625 0.9678263888888888 0.03503124999999994 0.06434722222222213
19 0.6004296874999999 0.8901111111111111 0.15467187500000001 0.2197777777777778
19 0.5932109375000001 0.9541805555555556 0.09895312500000006 0.09163888888888891
19 0.50778125 0.9056805555555555 0.09478124999999996 0.1886388888888888
19 0.41969531250000003 0.83975 0.08550000000000005 0.3205
19 0.28830468750000005 0.9110763888888888 0.08250000000000002 0.16648611111111095
19 0.2228515625 0.8948541666666667 0.109265625 0.11168055555555567
19 0.36921484375 0.8866041666666666 0.09889843749999998 0.157513888888889
19 0.28063281250000005 0.7962083333333333 0.05484375000000004 0.14608333333333343
19 0.31110546875 0.7625555555555555 0.02117968750000001 0.0375555555555555
12 0.20232031250000002 0.7986041666666667 0.14010937500000004 0.2309583333333333
17 0.27320703125 0.6653541666666666 0.05255468749999999 0.09523611111111102
17 0.58638671875 0.5955 0.04017968750000005 0.07011111111111114
19 0.43339453125 0.6119583333333334 0.10714843750000003 0.23491666666666672
4 0.5472265624999999 0.6470069444444445 0.16584374999999998 0.3039583333333333
19 0.548265625 0.6488680555555555 0.12878124999999993 0.12820833333333326
19 0.52302734375 0.5801666666666667 0.06592968750000008 0.10069444444444445
19 0.5456875 0.5206666666666666 0.07623437499999994 0.1025555555555556
19 0.36178125000000005 0.28506944444444443 0.11020312499999996 0.3576388888888889
19 0.21036328124999998 0.38215277777777784 0.1143671875 0.0829166666666667
10 0.50603125 0.39406250000000004 0.13909374999999996 0.15809722222222225
12 0.4632734375 0.4501597222222222 0.10920312499999998 0.15201388888888895
19 0.6157539062499999 0.37047222222222226 0.06800781249999996 0.10619444444444445
7 0.7131015625 0.3466736111111111 0.09787499999999998 0.08059722222222218
7 0.5709296875000001 0.20719444444444446 0.05871875000000006 0.13244444444444448
14 0.28298437499999995 0.2889791666666667 0.07210937499999996 0.1813194444444445
19 0.28709375000000004 0.19075 0.05153125000000003 0.147
19 0.44730468749999996 0.24843055555555557 0.10404687500000005 0.1635277777777778
19 0.52817578125 0.2624236111111111 0.08653906249999999 0.12454166666666669
19 0.63737890625 0.2560138888888889 0.07417968750000004 0.13369444444444442
19 0.6667578125 0.1269236111111111 0.19054687500000006 0.25281944444444443
12 0.43032421874999993 0.14795833333333333 0.09069531249999999 0.16313888888888886
19 0.2588359375 0.10172222222222221 0.18420312499999997 0.20344444444444443
19 0.35279296874999994 0.07927083333333333 0.10508593749999995 0.08570833333333334
19 0.41028125 0.0401875 0.13351562500000003 0.080375
19 0.5796484375000001 0.12322916666666665 0.03956250000000008 0.10329166666666667
8 0.53699609375 0.06216666666666666 0.13475781250000002 0.12433333333333332