19 0.32421875 0.9888888888888889 0.034375 0.022222222222222223
5 0.55187890625 0.9815902777777777 0.04780468750000004 0.03681944444444443
19 0.38748046875000003 0.9596944444444445 0.09264843749999999 0.08061111111111106
19 0.4584765625 0.97175 0.030437500000000027 0.03999999999999994
19 0.4408359375 0.8958194444444445 0.082421875 0.1490277777777777
19 0.3405703125 0.8867152777777777 0.062203125000000005 0.11529166666666665
19 0.52851171875 0.8535138888888889 0.043679687500000064 0.0941111111111111
17 0.44958593750000003 0.8108611111111111 0.15101562499999996 0.1552222222222222
12 0.8085859375 0.7443611111111111 0.12453125000000007 0.20536111111111122
5 0.48116015624999997 0.6242500000000001 0.12775781249999998 0.2341666666666666
19 0.43162890625 0.6391249999999999 0.07907031250000003 0.3364444444444444
2 0.59209375 0.6840694444444444 0.125 0.1981944444444445
17 0.67941015625 0.6745138888888889 0.05330468750000002 0.09313888888888881
18 0.38211328125 0.4633819444444444 0.17757031250000002 0.19865277777777773
19 0.5017968749999999 0.3692638888888889 0.08737499999999994 0.17577777777777776
19 0.5141562499999999 0.25490277777777776 0.07353124999999991 0.10294444444444445
19 0.4706796875 0.16922222222222222 0.12848437500000004 0.1776666666666667
19 0.56810546875 0.16416666666666668 0.06710156250000007 0.16166666666666668
19 0.82002734375 0.1608888888888889 0.08567968750000006 0.1185
18 0.391359375 0.2894861111111111 0.18934375 0.22591666666666663
2 0.292734375 0.3043194444444445 0.11453125000000001 0.1583055555555556
19 0.29080859375 0.4526111111111112 0.025742187500000034 0.05391666666666674
19 0.273734375 0.12175 0.27573437500000003 0.2435
18 0.64322265625 0.0746875 0.13675781249999996 0.149375
19 0.6981484375 0.16366666666666668 0.018078125000000077 0.02933333333333334
19 0.37636328125 0.17700694444444448 0.06350781249999997 0.10459722222222224