2 0.45913671875000006 0.9817777777777777 0.06016406249999999 0.03644444444444446
18 0.3379140625 0.970423611111111 0.151953125 0.059152777777777665
2 0.56025 0.9617708333333334 0.07065625000000005 0.06390277777777777
8 0.7114296875 0.8207430555555555 0.15807812499999993 0.35851388888888897
19 0.26181640625 0.9524305555555556 0.08185156249999999 0.09513888888888888
19 0.3083828125 0.8995069444444445 0.07265625 0.1300416666666668
11 0.472078125 0.9304444444444445 0.12306249999999999 0.1259722222222223
12 0.28616015624999996 0.7796527777777776 0.06039843749999996 0.10705555555555546
6 0.34565624999999994 0.690875 0.14121874999999995 0.19286111111111112
10 0.44358203125000006 0.7711319444444443 0.07842968750000008 0.22204166666666658
10 0.5014101562500001 0.82925 0.06377343750000009 0.09466666666666677
10 0.540875 0.7536666666666666 0.1278281249999999 0.19122222222222232
19 0.6176796875 0.9399027777777778 0.048093749999999956 0.05375000000000006
19 0.6560546875 0.6887222222222222 0.10971875000000005 0.12136111111111103
19 0.76108984375 0.6903402777777778 0.10483593749999995 0.16990277777777785
19 0.75294921875 0.6409791666666667 0.05997656249999998 0.08495833333333327
19 0.72007421875 0.5578194444444444 0.11872656250000002 0.1790833333333334
19 0.40482031249999995 0.5782291666666667 0.08578124999999996 0.08529166666666663
19 0.2974921875 0.5817847222222222 0.09215625000000002 0.22468055555555552
19 0.34567578125000004 0.5723819444444445 0.050742187500000036 0.07126388888888881
19 0.50478125 0.6028125000000001 0.02009375000000002 0.03293055555555561
12 0.54198828125 0.46334722222222224 0.11761718749999997 0.23688888888888884
19 0.36869140624999996 0.36786111111111114 0.12711718749999998 0.2503888888888888
17 0.6672382812500001 0.43534027777777784 0.08805468750000003 0.12509722222222214
7 0.26872265624999997 0.3509791666666666 0.09816406249999998 0.1928194444444445
19 0.2223203125 0.4727013888888889 0.06534374999999999 0.09962500000000002
15 0.47037109375 0.22127777777777777 0.20478906250000004 0.37066666666666664
8 0.60094140625 0.1875763888888889 0.13063281250000003 0.2642916666666666
19 0.6606210937499999 0.21337499999999998 0.04344531249999992 0.054805555555555524
19 0.36677343749999997 0.13427083333333334 0.11184374999999998 0.2129861111111111
19 0.17719140625000002 0.3534513888888889 0.034710937500000004 0.08679166666666668
18 0.2640625 0.04479166666666667 0.045937499999999964 0.08958333333333333
19 0.69050390625 0.029944444444444444 0.12228906249999998 0.05988888888888889
3 0.3808828125 0.06620833333333334 0.08496875 0.08238888888888887
19 0.25124218750000005 0.14809027777777778 0.03628125000000004 0.07073611111111112
19 0.19901953125 0.9211666666666667 0.05338281250000001 0.0625555555555555
18 0.11199218749999999 0.13903472222222224 0.10217187500000002 0.2780694444444445