19 0.332328125 0.9421527777777778 0.09106249999999996 0.11569444444444438
19 0.4394765625 0.9031944444444444 0.1109375 0.12166666666666653
19 0.50794921875 0.9056944444444445 0.04792968749999993 0.1486111111111111
10 0.754609375 0.8633194444444443 0.11335937500000001 0.273361111111111
19 0.71074609375 0.9700416666666666 0.05483593750000004 0.056972222222222195
19 0.6792695312499999 0.8701388888888889 0.09853906250000008 0.25444444444444453
19 0.25323828125 0.8267083333333334 0.16661718749999999 0.33338888888888885
19 0.51796484375 0.9135208333333333 0.21519531250000004 0.1729583333333333
19 0.40935546875 0.8382638888888888 0.06339843750000003 0.1834722222222221
19 0.742609375 0.6210138888888889 0.137109375 0.326
19 0.64330078125 0.6427569444444444 0.060195312499999966 0.16773611111111109
19 0.59828515625 0.7777430555555555 0.05224218749999991 0.12581944444444432
19 0.5028046875000001 0.7456527777777778 0.15003124999999998 0.21713888888888885
8 0.30537109375 0.6440833333333333 0.10496093750000002 0.09705555555555555
19 0.35938671875 0.7279791666666666 0.10524218749999999 0.18790277777777772
19 0.5714453125000001 0.5942916666666667 0.04973437500000007 0.07722222222222225
12 0.41901171875000004 0.5700208333333333 0.15905468749999999 0.27793055555555557
19 0.792609375 0.39793055555555557 0.112109375 0.28069444444444447
19 0.28787890625 0.5392638888888889 0.0970703125 0.1599444444444444
8 0.2389765625 0.4559722222222222 0.10310937500000002 0.1563888888888889
19 0.6032343750000001 0.35150000000000003 0.23679687499999993 0.25000000000000006
19 0.50802734375 0.4653194444444444 0.09000781250000003 0.2446944444444445
10 0.37856640625 0.35714583333333333 0.11925781249999998 0.20940277777777774
8 0.17111328125 0.36243055555555553 0.05785156250000001 0.28180555555555553
12 0.2659296875 0.2984583333333333 0.15796875000000002 0.27775000000000005
17 0.49710937499999996 0.11516666666666667 0.07796874999999996 0.12227777777777776
17 0.427296875 0.15831944444444443 0.05771875000000004 0.14586111111111114
19 0.4936328125 0.21407638888888889 0.09273437500000004 0.13481944444444444
17 0.57321484375 0.09815277777777778 0.08747656250000002 0.1296388888888889
19 0.7866640625000001 0.19056249999999997 0.09015625000000008 0.13631944444444444
2 0.7205234375 0.0731875 0.06740624999999997 0.146375
17 0.2811328125 0.06413194444444444 0.09226562500000002 0.12826388888888887
19 0.21546484375000002 0.07955555555555556 0.07667968749999998 0.15911111111111112
19 0.4368203125 0.044798611111111115 0.09100000000000001 0.08959722222222223
12 0.6474023437499999 0.017145833333333336 0.07777343749999996 0.03429166666666667