14 0.746484375 0.9111111111111111 0.20390625 0.17777777777777778
19 0.5402773437499999 0.9682083333333333 0.03757031249999994 0.0635833333333333
19 0.24921875 0.9701388888888889 0.04453125 0.059722222222222225
19 0.42559765625 0.9151458333333333 0.058039062499999974 0.1697083333333334
10 0.36929296875 0.9004305555555555 0.05911718749999997 0.19913888888888903
18 0.49828906249999994 0.880486111111111 0.13249999999999992 0.23902777777777764
19 0.6486757812499999 0.9497222222222221 0.0976484375 0.09102777777777772
19 0.25540234375 0.8774791666666668 0.07541406249999998 0.12523611111111121
19 0.30553515625 0.8921597222222223 0.0483359375 0.10109722222222217
19 0.449609375 0.7485833333333334 0.07046875000000004 0.10849999999999993
19 0.5289296875 0.7904236111111111 0.1002812500000001 0.15248611111111107
8 0.6151757812499999 0.7007361111111111 0.12485156249999996 0.30905555555555553
19 0.8007851562499999 0.6821875000000001 0.20561718750000005 0.49562500000000004
19 0.39469140625000004 0.6703749999999999 0.12857031249999995 0.2579999999999999
19 0.27878515625 0.7413680555555555 0.11744531250000004 0.19120833333333337
19 0.1865703125 0.7443055555555556 0.04821875000000002 0.10550000000000005
19 0.23535937499999998 0.7568402777777777 0.06850000000000005 0.13626388888888882
19 0.474046875 0.6755625000000001 0.02690625000000004 0.04734722222222227
19 0.4836171875 0.593125 0.06923437499999992 0.12658333333333333
19 0.29119140625 0.5740416666666667 0.08777343750000002 0.1576944444444444
17 0.20283984375 0.6082152777777778 0.0642890625 0.117375
17 0.56025 0.5581944444444444 0.08360937499999999 0.13977777777777775
17 0.23458984374999997 0.4851597222222222 0.10977343749999999 0.13979166666666665
17 0.355453125 0.5010347222222222 0.08010937499999997 0.1319027777777778
19 0.41604296874999996 0.5102152777777778 0.07121093750000003 0.1265972222222222
19 0.48479296875000005 0.4301875 0.22400781250000001 0.14315277777777768
19 0.4914726562499999 0.5209722222222222 0.06527343749999996 0.0606666666666666
12 0.7181328124999999 0.3389305555555555 0.14984374999999997 0.3878611111111111
19 0.21359765625 0.30625 0.09197656250000001 0.16616666666666666
19 0.6266796875 0.268125 0.05192187500000003 0.14069444444444446
19 0.37756249999999997 0.19879166666666667 0.05793750000000002 0.15341666666666665
19 0.4414023437499999 0.2409236111111111 0.08174218750000009 0.207125
2 0.48631640625 0.18522222222222223 0.10232031250000002 0.37044444444444447
17 0.81942578125 0.33456250000000004 0.06527343750000006 0.12923611111111113
19 0.341 0.19200694444444444 0.03348437500000001 0.065625
19 0.39423046874999995 0.08211111111111112 0.09700781249999997 0.14500000000000002
9 0.608 0.09256944444444445 0.15882812499999996 0.1851388888888889
19 0.6446953125 0.5373333333333333 0.051515625000000044 0.06411111111111106
19 0.8759296875 0.3129722222222222 0.02379687500000003 0.029305555555555588
19 0.7693515625 0.035500000000000004 0.01648437499999993 0.027472222222222224
19 0.3165703125 0.13440277777777776 0.011328125 0.027472222222222224
19 0.154515625 0.01929166666666667 0.02678124999999998 0.034972222222222224