19 0.40590234374999995 0.9655624999999999 0.031804687500000026 0.06887499999999988
18 0.4875546875 0.9325902777777777 0.14145312499999996 0.13481944444444435
19 0.295703125 0.8819444444444444 0.06640625 0.2361111111111111
19 0.6891210937500001 0.9813819444444445 0.03761718750000007 0.03723611111111103
19 0.40180859374999994 0.8943333333333334 0.040492187499999985 0.10677777777777793
19 0.64014453125 0.8236180555555556 0.03236718750000005 0.060263888888889026
19 0.81815625 0.7719305555555555 0.05023437500000005 0.08502777777777781
19 0.78758203125 0.4325902777777778 0.12450781249999991 0.26334722222222223
19 0.43264843750000004 0.5291666666666667 0.030015625000000056 0.04111111111111114
19 0.5201171875 0.4750625 0.021328124999999965 0.045430555555555606
2 0.44526171875 0.33339583333333334 0.2193203125 0.3290138888888889
19 0.21638281250000002 0.5756875 0.03168749999999996 0.036208333333333405
19 0.20337890625 0.4222986111111111 0.13449218749999997 0.1887361111111111
19 0.6137109374999999 0.47933333333333333 0.02351562499999993 0.06394444444444439
19 0.30890625 0.28104166666666663 0.029812499999999974 0.10772222222222222
19 0.5696249999999999 0.2789444444444445 0.14834375000000008 0.18263888888888893
19 0.56294140625 0.18704861111111112 0.015273437499999964 0.029569444444444454
19 0.48561718750000005 0.12527777777777777 0.12045312500000005 0.12305555555555557
19 0.27904296875 0.08893055555555555 0.0513671875 0.1778611111111111
3 0.43395703125 0.042458333333333334 0.0928359375 0.08491666666666667
2 0.5802968749999999 0.01640277777777778 0.08648437500000003 0.03280555555555556
19 0.81262890625 0.04072222222222222 0.10260156249999994 0.08144444444444444
18 0.11199218749999999 0.13903472222222224 0.10217187500000002 0.2780694444444445