3 0.646984375 0.9667708333333332 0.033531250000000054 0.0664583333333332
7 0.7673515625 0.9408333333333333 0.19264062500000004 0.1183333333333334
19 0.41640625 0.9743055555555555 0.0546875 0.05138888888888889
8 0.5011640625 0.9475694444444445 0.11046875000000007 0.07755555555555545
16 0.43591406250000003 0.8622986111111112 0.152140625 0.1834861111111113
19 0.6132578125 0.8271458333333332 0.08793749999999996 0.1664583333333332
19 0.5476835937500001 0.7684444444444446 0.1290078125000001 0.10300000000000012
17 0.74013671875 0.7012013888888889 0.07739843749999994 0.09131944444444444
19 0.38657812500000005 0.7072083333333332 0.09223437499999995 0.19022222222222218
19 0.48878125 0.6760833333333333 0.13171874999999994 0.25008333333333327
15 0.6197070312499999 0.6419027777777777 0.13153906249999991 0.27041666666666675
17 0.8332773437500001 0.47984722222222226 0.06866406249999998 0.1084444444444445
0 0.3209765625 0.6692430555555556 0.043062500000000004 0.07954166666666664
8 0.7006171875 0.6708472222222223 0.09018750000000005 0.2701944444444444
18 0.34652734375 0.5198194444444444 0.08710156250000001 0.2125555555555555
19 0.47446875000000005 0.46227777777777784 0.09590625 0.24349999999999994
17 0.5485234375 0.39694444444444443 0.04779687500000005 0.10222222222222226
18 0.56633203125 0.46463888888888893 0.14150781250000008 0.23388888888888887
19 0.61675 0.3653958333333333 0.09306249999999991 0.12912500000000005
19 0.7663203125 0.37394444444444447 0.09467187500000004 0.1595833333333333
18 0.42694921875 0.4036458333333333 0.03672656249999999 0.11923611111111114
3 0.44331640625 0.5842847222222223 0.08274218750000006 0.10956944444444443
17 0.39716796875 0.2898194444444444 0.07902343750000003 0.11527777777777778
17 0.51925390625 0.3627708333333333 0.04761718750000003 0.08104166666666669
10 0.35309765625 0.34295833333333337 0.11853906250000001 0.2503611111111111
19 0.77078125 0.1802777777777778 0.1460937499999999 0.3366666666666666
12 0.6418398437499999 0.21965277777777778 0.12663281249999994 0.21236111111111117
12 0.47619531249999997 0.28802083333333334 0.08510937500000004 0.1116805555555555
19 0.54255859375 0.23498611111111112 0.11246093750000004 0.21774999999999997
19 0.44069921875 0.15302083333333336 0.1276640625 0.2160416666666667
18 0.23305078125 0.21784722222222222 0.07905468749999997 0.0898611111111111
3 0.34195312499999997 0.17280555555555555 0.06984374999999998 0.12955555555555556
2 0.2659609375 0.2235347222222222 0.078015625 0.17470833333333335
18 0.534453125 0.05998611111111111 0.10435937499999995 0.11997222222222222
19 0.6540078125 0.06538888888888889 0.15704687499999997 0.13077777777777777
17 0.45643749999999994 0.027562499999999997 0.04559374999999992 0.05512499999999999
19 0.21884765625 0.05188194444444444 0.22289843749999996 0.10376388888888888
19 0.380453125 0.0320625 0.10840625 0.064125