19 0.24785546875 0.9756527777777778 0.11647656250000002 0.04869444444444437
19 0.37132812500000006 0.9642361111111111 0.06329687500000003 0.07152777777777777
4 0.46484375 0.9006944444444445 0.12421875 0.1986111111111111
8 0.60960546875 0.9318611111111111 0.052179687499999974 0.13627777777777764
19 0.70584375 0.9757013888888889 0.08603124999999992 0.048597222222222236
0 0.7338984375 0.9021250000000001 0.062890625 0.12941666666666676
11 0.6600234375 0.8581458333333334 0.069921875 0.1382916666666666
19 0.42627734375 0.8802152777777777 0.025242187499999957 0.04309722222222218
19 0.15858203125 0.9412569444444443 0.06838281249999997 0.117486111111111
19 0.25167968749999997 0.8614444444444445 0.13125 0.26902777777777787
19 0.7224296874999999 0.8015555555555556 0.07290624999999995 0.05799999999999999
17 0.5260390625 0.7877013888888889 0.068359375 0.0920694444444444
19 0.32310937500000003 0.8024375 0.14118750000000002 0.19806944444444438
19 0.31832812499999996 0.8403541666666666 0.059562500000000004 0.08823611111111107
7 0.41349609374999996 0.5348819444444444 0.0928359375 0.2821805555555555
19 0.48619531250000003 0.7076805555555555 0.026468750000000086 0.05686111111111119
19 0.46634374999999995 0.7057152777777778 0.12793749999999998 0.12548611111111108
19 0.6223671875 0.738763888888889 0.06928125000000004 0.1076388888888889
15 0.6813085937500001 0.6184513888888888 0.10208593750000006 0.27415277777777786
12 0.74719921875 0.6282986111111111 0.09200781249999998 0.2284861111111111
3 0.68977734375 0.44642361111111106 0.2414921875000001 0.5294583333333334
19 0.58919921875 0.710125 0.030242187500000028 0.03594444444444444
19 0.32936718750000005 0.6578333333333333 0.09751562499999995 0.39344444444444443
19 0.25381640625 0.6637708333333333 0.06442968750000003 0.21101388888888897
19 0.195984375 0.5631111111111111 0.06715624999999999 0.15172222222222223
19 0.16962109375 0.7444444444444445 0.05505468750000002 0.0882222222222222
10 0.27224609375000003 0.4844791666666666 0.0674765625 0.14673611111111107
7 0.486765625 0.4652013888888889 0.08364062499999995 0.1630694444444444
18 0.51544140625 0.6107847222222222 0.11305468750000003 0.17973611111111107
19 0.532859375 0.4624166666666666 0.045859375000000036 0.14836111111111103
12 0.58155078125 0.45588194444444446 0.07799218749999995 0.18823611111111108
19 0.6356093749999999 0.4757777777777778 0.03049999999999997 0.05488888888888886
19 0.343078125 0.41403472222222226 0.06832812500000003 0.13265277777777776
9 0.6331484375 0.33075 0.08485937499999992 0.14055555555555557
19 0.60726171875 0.29075 0.050742187500000036 0.10980555555555556
19 0.54788671875 0.3021944444444445 0.05514843749999994 0.10980555555555556
10 0.19180468750000002 0.3491666666666667 0.08929687500000001 0.30944444444444447
10 0.41461718750000004 0.3247361111111111 0.10146875000000004 0.16666666666666666
19 0.1567109375 0.41231944444444446 0.03970312499999999 0.10980555555555548
17 0.49255468750000003 0.3345416666666667 0.08271875000000009 0.10783333333333331
2 0.74541015625 0.19814583333333327 0.18511718749999995 0.3864861111111111
12 0.26883984375000003 0.2602291666666667 0.13014843750000002 0.2460138888888889
19 0.29329296875 0.3760486111111111 0.04411718750000002 0.07059722222222224
19 0.36711328125 0.25156944444444446 0.0773515625 0.20575
19 0.540046875 0.18097222222222223 0.08368749999999991 0.1986111111111111
3 0.675828125 0.15409027777777778 0.33364062499999997 0.12581944444444446
19 0.4676484375 0.15490277777777778 0.07168749999999999 0.2255
10 0.28929296875 0.09199305555555555 0.1655390625 0.12909722222222225
17 0.39227734375 0.03905555555555556 0.09191406250000003 0.07811111111111112
11 0.5714609375 0.0593125 0.10118749999999999 0.11273611111111109
0 0.18823828125 0.034965277777777776 0.03860156249999998 0.06993055555555555
19 0.22637890624999998 0.09689583333333333 0.06892968750000002 0.1323472222222222
19 0.37706640625000004 0.1632708333333333 0.039617187500000026 0.14679166666666665
17 0.25804296875 0.02254861111111111 0.04053906249999999 0.03920833333333334
8 0.4947109375 0.04950694444444444 0.0359375 0.09640277777777777
19 0.6371796875 0.026798611111111113 0.04145312499999996 0.05359722222222223
19 0.31196875 0.06563194444444444 0.05309375000000003 0.12151388888888891
19 0.232765625 0.03104861111111111 0.015718750000000004 0.06209722222222222