18 0.5212109375 0.68 0.12679687499999998 0.2586111111111112
14 0.41383984375000005 0.5333958333333334 0.06575781250000001 0.13262500000000002
2 0.502578125 0.4818541666666666 0.05625 0.19454166666666659
12 0.5262890625 0.9070833333333334 0.15523437500000004 0.18583333333333327
12 0.26910546874999997 0.45048611111111114 0.06414843750000002 0.10986111111111115
14 0.61037890625 0.15545833333333334 0.13174218750000008 0.2524166666666667
12 0.25928125 0.30927083333333333 0.08976562499999999 0.16626388888888885
16 0.2734609375 0.5591041666666666 0.06229687500000001 0.09734722222222227
14 0.6674765625 0.3123125 0.08714062499999997 0.12476388888888887
8 0.6896718749999999 0.13951388888888888 0.1145624999999999 0.27902777777777776
14 0.19610546875 0.5119305555555556 0.027773437500000008 0.10580555555555564
14 0.3777734375 0.9172916666666666 0.07601562499999996 0.1629166666666666
2 0.4236328125 0.7976666666666665 0.048843749999999984 0.21616666666666656
0 0.44952343750000007 0.5814652777777778 0.06846875000000008 0.13265277777777776
3 0.4444921875 0.33218055555555553 0.10882812499999997 0.24019444444444443
18 0.47614062500000004 0.06465277777777777 0.1203125 0.12930555555555553
0 0.42524218750000004 0.11038888888888887 0.07589062500000003 0.09377777777777775
2 0.34333984375000004 0.04079861111111111 0.13974218750000006 0.08159722222222222
16 0.36833984375 0.32706944444444447 0.1408203125 0.38447222222222216
18 0.1301015625 0.2152777777777778 0.12057812499999998 0.4305555555555556