18 0.193203125 0.9607291666666667 0.03875000000000002 0.0785416666666666
19 0.4678046875 0.930486111111111 0.08482812499999995 0.13902777777777764
19 0.51991015625 0.9838402777777778 0.02536718750000002 0.03231944444444442
12 0.5477578125 0.9102708333333335 0.07582812499999995 0.1533194444444446
19 0.75891796875 0.8284861111111111 0.21072656250000002 0.3430277777777778
18 0.6213828125 0.8523194444444444 0.13209374999999995 0.29536111111111113
19 0.32308984374999994 0.7640555555555556 0.06694531250000005 0.1571666666666667
19 0.36707812500000003 0.8677499999999999 0.08029687499999998 0.12222222222222222
19 0.45192187500000003 0.8898958333333333 0.112109375 0.21409722222222236
19 0.45355859375000007 0.8093333333333333 0.04975781250000004 0.07838888888888897
18 0.35820703125 0.7277152777777778 0.06436718749999999 0.15356944444444437
17 0.20685937499999998 0.746736111111111 0.065234375 0.15100000000000005
19 0.23774609375 0.6300486111111111 0.14957031249999997 0.11565277777777776
19 0.37592187500000007 0.62625 0.06329687500000003 0.12430555555555556
4 0.47547265625 0.6118263888888889 0.16941406249999996 0.35406944444444455
8 0.62065234375 0.60475 0.05582031250000004 0.2532777777777778
18 0.65297265625 0.7113402777777778 0.06617968750000003 0.11293055555555548
19 0.7067578125 0.6136944444444444 0.08603124999999992 0.07294444444444442
0 0.7432734375 0.5148680555555555 0.062890625 0.12940277777777773
11 0.6684765625 0.47317361111111106 0.069921875 0.1382916666666666
19 0.43767578125 0.501125 0.025242187499999957 0.04311111111111106
19 0.16318359375 0.5573541666666667 0.06838281249999997 0.14706944444444442
19 0.2246875 0.5050694444444445 0.11687500000000002 0.2470833333333333
19 0.7310820312499999 0.4159305555555556 0.07955468749999994 0.07369444444444437
17 0.53449609375 0.3997916666666667 0.0683671875 0.09205555555555552
19 0.33083203125000005 0.41681944444444446 0.14117968750000004 0.1980555555555556
19 0.3218203125 0.45931249999999996 0.059562500000000004 0.08823611111111107
7 0.42030078125000003 0.14599305555555556 0.0928359375 0.28218055555555555
19 0.48987109375000004 0.32140277777777776 0.026476562500000078 0.056861111111111105
19 0.47535156250000005 0.3246736111111111 0.12793749999999998 0.12548611111111113
19 0.62953515625 0.35118750000000004 0.06928906250000004 0.1076527777777778
15 0.68682421875 0.22695138888888886 0.10208593750000006 0.27415277777777775
12 0.7534492187499999 0.2400625 0.09200781249999998 0.2284861111111111
3 0.6528203125 0.15590277777777778 0.15545312500000003 0.31180555555555556
19 0.59581640625 0.32810416666666664 0.030242187500000028 0.035958333333333314
19 0.33525 0.2718888888888889 0.09751562499999995 0.39344444444444443
19 0.25712109375000003 0.27161805555555557 0.06442968750000003 0.21101388888888886
19 0.2015 0.17552777777777778 0.06715625 0.15172222222222223
19 0.17532421875 0.3624236111111111 0.05505468750000002 0.08823611111111107
10 0.27040234375 0.08709722222222223 0.05974218750000002 0.14869444444444443
7 0.4900703125 0.08153472222222222 0.08364062499999995 0.16306944444444443
18 0.525 0.2235347222222222 0.11304687500000003 0.17973611111111107
19 0.5374531250000001 0.07418055555555556 0.045859375000000036 0.1483611111111111
12 0.5967343749999999 0.08236111111111111 0.07270312499999995 0.16472222222222221
19 0.64814453125 0.07605555555555556 0.031210937500000036 0.06933333333333333
19 0.35133203125 0.03986805555555555 0.05064843750000003 0.0797361111111111
9 0.6573984375 0.010458333333333333 0.034093750000000075 0.020916666666666667
10 0.20027734375 0.058611111111111114 0.07610156249999997 0.11722222222222223