3 0.36222656249999996 0.9638055555555555 0.05304687499999998 0.07238888888888874
19 0.47341796875000003 0.8915277777777777 0.16457031250000004 0.2169444444444445
19 0.614453125 0.9333333333333333 0.11796875 0.13333333333333333
6 0.755359375 0.9223541666666667 0.08401562499999997 0.0840694444444444
19 0.611765625 0.8378680555555555 0.06918749999999996 0.11868055555555562
19 0.24167578124999997 0.6902152777777778 0.05686718749999997 0.08351388888888889
19 0.30967187500000004 0.6270555555555556 0.02720312500000004 0.08572222222222226
19 0.55434375 0.7330347222222222 0.12375000000000007 0.13626388888888882
19 0.62215625 0.5613125000000001 0.09021875000000001 0.2886805555555556
18 0.3257265625 0.5315833333333333 0.08170312500000003 0.14888888888888896
7 0.51062109375 0.5719583333333333 0.17319531250000003 0.2997777777777778
8 0.25912890625 0.4816458333333334 0.055039062500000034 0.14768055555555562
17 0.4095859375 0.4944861111111111 0.07565624999999998 0.15033333333333335
17 0.38691015625 0.3681388888888889 0.07877343749999999 0.13130555555555554
19 0.6227148437500001 0.40062500000000006 0.18878906250000008 0.4584722222222223
19 0.49562890625 0.4023888888888889 0.08603906250000008 0.20338888888888892
19 0.34611718750000003 0.27954166666666663 0.09509375000000002 0.10022222222222218
19 0.46108593749999993 0.20039583333333333 0.05454687499999995 0.24170833333333339
0 0.6270156250000001 0.2915833333333333 0.12143750000000005 0.22183333333333338
19 0.53148046875 0.2777777777777778 0.03857031249999991 0.09230555555555553
17 0.5707421874999999 0.18547916666666664 0.10818750000000002 0.14234722222222224
16 0.20788671874999998 0.18604166666666666 0.12249218749999997 0.2601388888888889
19 0.42388281249999993 0.22203472222222223 0.07292187499999998 0.20679166666666665
19 0.22978515625 0.030923611111111114 0.11002343750000003 0.05715277777777779
13 0.39853515625 0.059493055555555556 0.08407031249999997 0.11868055555555555
19 0.49187109375000004 0.03970833333333333 0.018539062500000016 0.035166666666666666
19 0.55244921875 0.027548611111111114 0.10508593749999999 0.05509722222222223
10 0.26130859375000004 0.008868055555555556 0.029664062500000022 0.017736111111111112
17 0.5922265624999999 0.07048611111111111 0.11215624999999996 0.13608333333333336