19 0.6488671874999999 0.9313541666666666 0.08914062499999993 0.13729166666666653
19 0.5386289062499999 0.9024305555555555 0.16411718749999996 0.1951388888888889
19 0.38570703125000005 0.9688888888888889 0.10639843750000004 0.06222222222222216
19 0.21207812500000003 0.9244444444444445 0.2305625 0.15111111111111106
17 0.44926953124999996 0.893173611111111 0.05841406249999999 0.15326388888888876
17 0.7457304687499999 0.8738194444444446 0.09928906249999994 0.1453055555555554
17 0.5425585937499999 0.7130694444444444 0.07683593749999992 0.13208333333333327
17 0.5634335937499999 0.5409444444444444 0.08250781249999992 0.16944444444444445
16 0.22160937500000003 0.7716319444444444 0.09303125000000001 0.18104166666666663
18 0.11922265625000002 0.7901041666666667 0.1418828125 0.2761805555555555
4 0.38425 0.6235277777777778 0.16478124999999996 0.35680555555555554
17 0.56158984375 0.386125 0.06285156250000004 0.12997222222222224
17 0.44825781249999996 0.34625 0.08442187499999995 0.15222222222222226
18 0.31070703125 0.2910833333333333 0.0486328125 0.13869444444444443
17 0.7042265624999999 0.18546527777777777 0.050453124999999946 0.16379166666666667
0 0.65528515625 0.2534097222222222 0.06536718750000006 0.17681944444444445
14 0.5954140625 0.24310416666666665 0.06585937499999997 0.11995833333333333
18 0.44190625 0.17979166666666666 0.06384375000000002 0.08930555555555557
19 0.564453125 0.13340277777777776 0.18484374999999992 0.20375
2 0.2161328125 0.22194444444444447 0.03914062500000002 0.13472222222222222
7 0.34030468750000004 0.19745833333333335 0.11373437500000003 0.13080555555555556
19 0.4592734375 0.06256250000000001 0.08781250000000007 0.12512500000000001
14 0.23722265625 0.15665277777777778 0.05741406250000001 0.09005555555555556
19 0.20344921875000002 0.06931944444444443 0.10300781250000002 0.13863888888888887
19 0.331359375 0.07607638888888889 0.16632812500000002 0.15215277777777778
10 0.54539453125 0.051305555555555556 0.08949218749999996 0.10261111111111111
17 0.7742070312499999 0.061312500000000006 0.06924218750000008 0.12154166666666667
10 0.64823046875 0.019458333333333334 0.06282031250000006 0.03891666666666667