19 0.28191796875 0.9704166666666666 0.0644453125 0.05916666666666654
2 0.5830390624999999 0.9324652777777778 0.11117187499999996 0.13506944444444444
12 0.358640625 0.8815972222222223 0.17468750000000002 0.23680555555555555
18 0.6034375 0.7566388888888889 0.12231249999999996 0.4503611111111111
19 0.6056171874999999 0.7848055555555555 0.106453125 0.1455555555555555
18 0.512328125 0.7267013888888889 0.07321875000000003 0.2063194444444444
19 0.5814179687500001 0.6751805555555556 0.05257031249999997 0.12988888888888886
7 0.43378515625 0.8001041666666666 0.06828906250000003 0.1668194444444443
18 0.43071093749999995 0.5685833333333333 0.0890625 0.10025000000000009
0 0.49358593749999996 0.4854444444444445 0.06368749999999998 0.15811111111111115
12 0.5674414062500001 0.49419444444444444 0.08116406250000008 0.1496388888888889
19 0.7422734375000001 0.8433819444444445 0.1921875000000001 0.31323611111111105
18 0.46689453125 0.4124027777777778 0.09542968750000007 0.11444444444444442
10 0.328375 0.3763680555555556 0.049093750000000026 0.1394583333333333
12 0.3786875 0.21056249999999999 0.10953125000000004 0.17029166666666667
19 0.45976171875 0.2725486111111111 0.05797656250000003 0.16940277777777782
17 0.39478125 0.3542013888888889 0.09148437500000002 0.094875
17 0.6854296874999999 0.10177777777777777 0.06670312500000009 0.10502777777777779
19 0.658734375 0.09332638888888888 0.15059375 0.13556944444444446
19 0.46078906250000007 0.1090625 0.07146875000000001 0.15529166666666666
4 0.49890625 0.055416666666666656 0.08100000000000004 0.10447222222222222
12 0.24391796875000002 0.025631944444444443 0.04780468750000004 0.05109722222222221
19 0.5123046875 0.2734930555555556 0.04523437500000007 0.16862499999999997
18 0.33086328125 0.492125 0.022054687500000014 0.060777777777777764
19 0.43729687500000003 0.034277777777777775 0.045218750000000085 0.06274999999999999