2 0.36796875 0.9444444444444444 0.08515625 0.1111111111111111
10 0.60555859375 0.9222222222222223 0.07435156250000005 0.15555555555555556
0 0.52726953125 0.973548611111111 0.06875781249999999 0.05290277777777767
18 0.672265625 0.975 0.01875 0.05
19 0.7323671875 0.9852430555555556 0.036171874999999964 0.029513888888888888
17 0.612109375 0.8274097222222222 0.07668750000000006 0.12070833333333345
19 0.67197265625 0.8763125 0.056289062499999966 0.1200694444444445
19 0.46032812500000003 0.8406180555555556 0.13687500000000002 0.25693055555555555
3 0.5515 0.8579791666666666 0.066796875 0.16948611111111106
16 0.41666796875 0.8787291666666666 0.054179687499999976 0.13384722222222206
19 0.33395312499999996 0.8029027777777776 0.07337499999999997 0.1619444444444443
19 0.736609375 0.7599583333333333 0.04996875000000003 0.11574999999999996
19 0.44230859375 0.6654513888888889 0.1298828125 0.15631944444444437
19 0.8042929687500001 0.7166458333333333 0.09766406250000008 0.11893055555555547
19 0.67515625 0.5940000000000001 0.23707812500000003 0.34275000000000005
19 0.54394140625 0.7264375 0.10899218749999999 0.0725972222222222
11 0.49724609375 0.5593611111111111 0.07249218749999997 0.1337222222222222
16 0.5590507812500001 0.5999861111111111 0.048539062500000084 0.10225000000000001
17 0.8178515624999999 0.596875 0.08132812499999993 0.15763888888888888
15 0.31758984375 0.40683333333333327 0.07141406249999997 0.23680555555555555
0 0.42871875 0.3115902777777778 0.05806249999999995 0.12570833333333337
19 0.49699218749999996 0.37274999999999997 0.10215624999999999 0.212
19 0.6156953125 0.4181041666666666 0.1788125000000001 0.23351388888888888
3 0.739640625 0.45212499999999994 0.07429687499999993 0.11883333333333326
3 0.3592734375 0.4349375 0.06382812500000004 0.20354166666666665
19 0.42979687499999997 0.4661875 0.10435937499999999 0.21012499999999995
19 0.36892187499999995 0.30134722222222227 0.082140625 0.17172222222222225
12 0.349546875 0.21854861111111112 0.09378124999999997 0.12265277777777778
10 0.7767460937500001 0.24859027777777779 0.07525781250000003 0.21448611111111116
2 0.7144765625 0.21100694444444446 0.06473437499999993 0.1267361111111111
19 0.65781640625 0.23956944444444445 0.0654296875 0.12758333333333335
19 0.59363671875 0.24189583333333337 0.06332031249999996 0.11756944444444441
3 0.4848437499999999 0.1366666666666667 0.10046874999999993 0.2733333333333334
18 0.5628124999999999 0.11361111111111111 0.0875 0.22722222222222221
19 0.44721875000000005 0.2108611111111111 0.06006250000000009 0.11727777777777777
17 0.41861718750000004 0.03800694444444444 0.05276562499999997 0.07556944444444444
2 0.6721250000000001 0.08043055555555555 0.13256250000000006 0.1608611111111111
11 0.83507421875 0.08805555555555554 0.08358593749999992 0.1726111111111111
13 0.7962382812500001 0.016756944444444442 0.041367187500000034 0.03301388888888889
19 0.73629296875 0.06179166666666666 0.041367187500000034 0.09005555555555556