10 0.41966796874999995 0.9485416666666666 0.12738281249999997 0.10291666666666655
18 0.66534375 0.8364583333333333 0.11814062500000003 0.15291666666666653
19 0.58 0.8516736111111111 0.03640624999999993 0.05529166666666659
10 0.8413359375 0.6839444444444445 0.062890625 0.2646388888888889
7 0.7021875 0.5058402777777778 0.234375 0.37126388888888884
12 0.41007812500000007 0.3849375 0.21062499999999998 0.35651388888888896
16 0.22461328125 0.3146527777777778 0.07780468750000002 0.12486111111111108
19 0.497703125 0.27979861111111115 0.08004687500000003 0.15043055555555557
15 0.55409765625 0.10526388888888888 0.06286718750000002 0.17058333333333334
3 0.3471484375 0.06120138888888889 0.09545312500000006 0.1104027777777778
19 0.61166796875 0.28584027777777776 0.07463281249999998 0.14112500000000003
12 0.715703125 0.02591666666666667 0.07940625000000008 0.05111111111111111
16 0.389171875 0.7602430555555556 0.12306249999999999 0.21715277777777772
12 0.55562890625 0.7485138888888889 0.06482031250000002 0.10908333333333328
19 0.12076171875 0.2946736111111111 0.1258203125 0.5893472222222222