12 0.37730859375000003 0.9162638888888888 0.07599218750000003 0.16747222222222213
18 0.250390625 0.975 0.08515625 0.05
18 0.7002109375000001 0.8467708333333333 0.16653125000000008 0.3001527777777779
19 0.48678515625 0.9414722222222223 0.04955468750000005 0.11705555555555552
19 0.8086054687500001 0.992986111111111 0.04091406249999992 0.014027777777777651
19 0.24192968749999996 0.900423611111111 0.09604687500000002 0.15562499999999993
19 0.5908593750000001 0.8358333333333333 0.07864062500000006 0.1695277777777777
8 0.45550390625 0.8666458333333333 0.06686718749999994 0.1972361111111111
12 0.80098046875 0.8877916666666665 0.1065546874999999 0.22441666666666657
19 0.5432812499999999 0.7280555555555556 0.033468749999999936 0.0450277777777778
17 0.44934765624999995 0.6515000000000001 0.060789062499999956 0.1476944444444444
17 0.51996484375 0.6127152777777778 0.06991406250000001 0.15479166666666672
17 0.59645703125 0.6801319444444445 0.0810546875 0.12068055555555554
10 0.66594140625 0.6119791666666666 0.1114140625000001 0.25923611111111117
19 0.2982890625 0.45870833333333333 0.09237500000000001 0.14361111111111108
19 0.39982031250000005 0.4754305555555556 0.044984375000000035 0.11024999999999999
19 0.45392578125 0.5132430555555555 0.06322656250000006 0.15129166666666677
19 0.5098671875 0.4457361111111111 0.09000000000000004 0.22574999999999995
17 0.62468359375 0.35280555555555554 0.0669921875 0.20847222222222225
3 0.2732578125 0.19524305555555557 0.06079687499999995 0.1267916666666667
3 0.41307421875 0.20710416666666667 0.046195312500000044 0.08134722222222221
19 0.49455078124999996 0.18660416666666668 0.0802734375 0.19595833333333337
19 0.5535234375000001 0.15534722222222222 0.07003125000000007 0.09855555555555552
19 0.67899609375 0.06081944444444444 0.08169531249999995 0.12163888888888888
19 0.725609375 0.034881944444444445 0.029328124999999972 0.06976388888888889
9 0.504578125 0.07105555555555557 0.17084375000000004 0.13747222222222222
2 0.2492578125 0.04654861111111111 0.10081249999999997 0.09309722222222222