14 0.337109375 0.9166666666666666 0.10234375 0.16666666666666666
12 0.8004296875 0.9706944444444444 0.05242187499999993 0.058611111111111176
19 0.55615234375 0.8435555555555556 0.2175703125 0.3128888888888888
8 0.264125 0.836513888888889 0.04524999999999997 0.05683333333333344
19 0.418265625 0.8430902777777778 0.05625 0.1792083333333333
3 0.25558593749999997 0.6691736111111111 0.185265625 0.27445833333333336
12 0.42317968749999996 0.6823194444444445 0.06604687499999998 0.12236111111111114
19 0.74810546875 0.7602083333333334 0.03816406249999993 0.06069444444444451
19 0.49758593749999996 0.630125 0.09926562499999995 0.15441666666666676
2 0.64828125 0.6672222222222222 0.20875000000000005 0.25791666666666674
3 0.64985546875 0.6409513888888889 0.12132031249999997 0.1254305555555555
19 0.4746015625 0.4496944444444444 0.04499999999999993 0.11294444444444436
18 0.28413671875 0.37013194444444447 0.07827343750000004 0.20504166666666665
2 0.36194140625 0.34830555555555553 0.09533593749999998 0.16969444444444445
18 0.1993125 0.4778541666666667 0.029921874999999987 0.07529166666666672
10 0.6741601562499999 0.2614305555555555 0.10027343749999992 0.20158333333333328
19 0.8559257812500001 0.25614583333333335 0.10169531250000005 0.149375
6 0.8343398437499999 0.11414583333333334 0.06511718749999992 0.11012500000000003
18 0.7303125 0.036506944444444446 0.05717187500000005 0.06776388888888889
19 0.7668046875 0.6977152777777778 0.05614062499999992 0.09940277777777769
17 0.32023046875 0.025027777777777777 0.0603515625 0.050055555555555555
2 0.6224609375 0.2648611111111111 0.20382812500000008 0.5297222222222222
15 0.49817968749999997 0.274125 0.09807812499999997 0.14019444444444445
18 0.38469921874999996 0.15531944444444445 0.08013281249999996 0.24491666666666667
19 0.4886640625 0.11345833333333333 0.14942187499999998 0.19441666666666668
2 0.23717968749999999 0.9117222222222223 0.11648437500000001 0.1765555555555554
19 0.12076171875 0.2946736111111111 0.1258203125 0.5893472222222222