2 0.85069140625 0.9419166666666667 0.14592968749999996 0.11305555555555569
19 0.6246875000000001 0.8641874999999999 0.08479687499999997 0.2716249999999999
17 0.47272265625000004 0.9600694444444444 0.16377343750000004 0.0798611111111111
19 0.7285585937500001 0.9338194444444444 0.1506953124999999 0.13236111111111104
7 0.73461328125 0.6842013888888889 0.2104609374999999 0.38229166666666664
18 0.28255078125 0.8839097222222222 0.08303906249999997 0.2116527777777776
18 0.35391796875 0.9496111111111112 0.07892968749999998 0.1007777777777777
19 0.5053203125 0.879 0.193765625 0.24200000000000002
0 0.38130468749999996 0.7623680555555555 0.06659374999999997 0.13584722222222215
12 0.5037578125 0.6544166666666666 0.1887656249999999 0.25549999999999995
12 0.49334375 0.4506805555555556 0.09781250000000004 0.1529166666666667
16 0.346609375 0.41506250000000006 0.09634374999999995 0.16345833333333337
19 0.43370703125 0.48105555555555557 0.08696093749999996 0.1217222222222222
3 0.5915625 0.44354861111111116 0.08579687499999995 0.1817638888888889
19 0.7506171875 0.40084722222222224 0.24267187499999993 0.22141666666666662
19 0.46342968749999996 0.30722222222222223 0.09045312499999998 0.1788888888888889
0 0.39946484375 0.09049305555555556 0.0926796875 0.18098611111111113
18 0.5216484375 0.2615138888888889 0.057937500000000065 0.09549999999999999
2 0.5809765625000001 0.20613194444444444 0.2788281250000001 0.4122638888888889
19 0.707203125 0.19065277777777775 0.157625 0.20352777777777772
17 0.7100625 0.2024097222222222 0.09743750000000002 0.11704166666666664
17 0.359375 0.21644444444444444 0.08426562499999997 0.15761111111111115
17 0.5704882812500001 0.13295833333333332 0.08163281250000001 0.10925000000000001
19 0.56434375 0.21956944444444446 0.05529687499999998 0.051499999999999976
19 0.3194375 0.11189583333333333 0.03949999999999996 0.16073611111111114
19 0.49104296875 0.05479166666666667 0.09596093749999994 0.10958333333333334
16 0.75846484375 0.04890972222222223 0.10491406249999997 0.09781944444444446
18 0.26316015625 0.022361111111111113 0.033523437499999975 0.044722222222222226
12 0.1806640625 0.009166666666666667 0.04429687500000001 0.018333333333333333