17 0.5013671875 0.9564097222222222 0.08429687500000008 0.08718055555555553
7 0.22179687500000003 0.9325694444444443 0.08140625000000001 0.134861111111111
10 0.6132890625 0.9706388888888889 0.08031249999999997 0.05872222222222218
14 0.786984375 0.9415277777777777 0.10304687499999998 0.1169444444444445
17 0.4178984375 0.9477430555555556 0.08923437500000002 0.10451388888888889
18 0.596265625 0.8582152777777777 0.18928124999999998 0.2780972222222223
17 0.7104609375 0.8179930555555556 0.08371875000000006 0.1451805555555555
7 0.28007031250000003 0.8133611111111111 0.202625 0.30422222222222217
3 0.41745703125 0.8779166666666667 0.1615234375 0.24416666666666662
14 0.7239921875 0.6443819444444444 0.061484375000000036 0.10840277777777771
17 0.301765625 0.5103263888888889 0.08153125000000001 0.16048611111111105
17 0.6703515624999999 0.5870694444444444 0.06317187499999992 0.11855555555555558
11 0.619578125 0.6074097222222222 0.05476562499999993 0.13481944444444435
19 0.53455078125 0.6415347222222222 0.12472656250000007 0.2082361111111112
12 0.77705859375 0.5161666666666668 0.05139843749999997 0.09888888888888896
19 0.47569921875 0.5536319444444444 0.08571093750000003 0.14762499999999995
10 0.6167812500000001 0.4370763888888889 0.11265625000000004 0.25148611111111113
17 0.6848124999999999 0.44277083333333334 0.09128124999999994 0.11668055555555554
17 0.70558203125 0.32102777777777775 0.06167968750000004 0.1366111111111111
19 0.46903125 0.38845833333333335 0.12242187500000004 0.2516666666666666
3 0.5759453125 0.3471875 0.23065625 0.43604166666666666
9 0.38598828125 0.22706944444444446 0.17958593750000001 0.24191666666666667
8 0.238125 0.1797986111111111 0.12859375 0.23543055555555553
19 0.8048046875000001 0.19006944444444443 0.10789062499999993 0.16041666666666668
19 0.82409765625 0.07984722222222221 0.06180468750000001 0.07608333333333332
10 0.222875 0.7663402777777778 0.136328125 0.29504166666666676
3 0.71020703125 0.05356944444444445 0.12385156249999998 0.1071388888888889