18 0.285078125 0.9884791666666666 0.043906250000000036 0.023041666666666554
3 0.60703125 0.9534722222222223 0.06171875 0.09305555555555556
2 0.47380468750000004 0.6080486111111111 0.17879687500000005 0.7839027777777778
19 0.306859375 0.9012083333333334 0.035296874999999964 0.07450000000000014
17 0.27230078125 0.8744097222222222 0.05183593750000002 0.09606944444444454
17 0.40916796875 0.7905902777777778 0.05735156250000002 0.07112500000000005
19 0.528421875 0.6929791666666666 0.09385937500000008 0.14509722222222218
19 0.5079609375 0.5707638888888888 0.12904687500000006 0.14741666666666664
19 0.695765625 0.6036666666666667 0.04425000000000008 0.10200000000000008
2 0.34369921875 0.47652777777777783 0.09411718750000002 0.3575277777777779
19 0.29011328125 0.5406805555555556 0.03971093750000003 0.08000000000000003
19 0.4984453125 0.40168750000000003 0.12240625000000005 0.2471527777777778
19 0.49963671875 0.41354861111111113 0.07596093750000002 0.12945833333333334
12 0.692859375 0.33555555555555555 0.120703125 0.16658333333333333
7 0.25016796875 0.17990277777777777 0.10528906249999999 0.2068611111111111
8 0.50655078125 0.2625625 0.12388281249999995 0.09845833333333331
19 0.4368671875 0.12270833333333332 0.11704687499999995 0.24541666666666664
19 0.4677929687500001 0.1395763888888889 0.1004765625000001 0.13137500000000002
19 0.44849218750000003 0.049687499999999996 0.09054687500000007 0.09937499999999999
7 0.6856796875000001 0.027138888888888886 0.06617187500000003 0.05427777777777777
19 0.8654609375 0.016354166666666666 0.026468750000000086 0.03270833333333333
2 0.53727734375 0.0336875 0.06077343749999997 0.06470833333333334
17 0.5791914062499999 0.03890277777777778 0.04091406249999992 0.07780555555555556