18 0.5269999999999999 0.8913125 0.11389062499999998 0.2031805555555555
18 0.73012109375 0.8481527777777778 0.07367968749999995 0.15074999999999994
3 0.2857421875 0.76325 0.34867187499999996 0.4735000000000001
3 0.7930039062500001 0.9723333333333333 0.08430468749999998 0.05533333333333322
19 0.47693359375 0.9445486111111112 0.055679687499999984 0.08540277777777779
19 0.65845703125 0.9792013888888889 0.05047656249999992 0.041597222222222285
19 0.48864062499999994 0.9017291666666667 0.07134374999999996 0.19654166666666664
18 0.68708203125 0.9506597222222223 0.09728906249999998 0.0986805555555555
18 0.7678359374999999 0.6395000000000001 0.07681250000000003 0.15736111111111112
18 0.56230859375 0.8590833333333334 0.12535156250000004 0.1273333333333334
19 0.6408125 0.8214305555555557 0.12114062499999996 0.2055277777777778
8 0.8143437500000001 0.7798194444444445 0.12584374999999995 0.30033333333333334
12 0.86750390625 0.8483263888888888 0.0759765625 0.17918055555555554
12 0.51948046875 0.746548611111111 0.07314843750000008 0.12354166666666673
2 0.5537265625 0.6316041666666666 0.08107812499999997 0.12687500000000004
19 0.616078125 0.6544027777777777 0.05485937500000002 0.14413888888888884
17 0.69276171875 0.6302291666666667 0.07478906250000002 0.20462500000000006
12 0.8089257812499999 0.6050486111111111 0.07902343750000007 0.09454166666666658
19 0.71069921875 0.2685416666666667 0.13405468749999994 0.32986111111111116
0 0.47582421875 0.5827638888888889 0.09353906250000002 0.24044444444444446
3 0.6003203125000001 0.4784652777777778 0.08467187500000009 0.18387499999999998
18 0.64015234375 0.5221527777777778 0.10364843750000005 0.2179722222222223
17 0.28901171875 0.3859236111111111 0.059789062499999976 0.1675972222222222
18 0.18044140625 0.4064583333333333 0.06041406249999999 0.27569444444444446
19 0.5624296875 0.3368541666666667 0.20607812499999997 0.3456527777777778
15 0.7776835937500001 0.44750694444444444 0.21088281250000004 0.24359722222222221
2 0.4202265625 0.40547916666666667 0.068296875 0.11431944444444449
19 0.19566406249999999 0.3597916666666667 0.046531250000000024 0.1388888888888889
7 0.40263671875 0.22138888888888889 0.20857031250000002 0.3466666666666666
10 0.252953125 0.2220625 0.12409375000000003 0.13670833333333335
2 0.5946445312499999 0.1063263888888889 0.20224218749999992 0.2126527777777778
19 0.22428125000000004 0.07598611111111112 0.133984375 0.15197222222222223