18 0.382421875 0.9597222222222223 0.1390625 0.08055555555555556
19 0.4890625 0.9340277777777778 0.0875 0.13194444444444445
19 0.503125 0.832548611111111 0.07353124999999991 0.10293055555555541
19 0.46405859375 0.760986111111111 0.12849218750000002 0.1776666666666667
19 0.555 0.7454999999999999 0.06709375000000009 0.1616666666666667
19 0.81044140625 0.7509166666666667 0.08567968750000006 0.12633333333333338
18 0.38818359375 0.8647013888888889 0.18933593749999997 0.22593055555555566
2 0.2851484375 0.9056527777777779 0.11453125000000001 0.1583055555555556
19 0.27371093750000003 0.5392430555555555 0.28565625000000006 0.5948472222222222
18 0.63448046875 0.5966875 0.13782031250000007 0.261125
19 0.6873007812499999 0.7458333333333333 0.013570312499999914 0.02791666666666654
19 0.53406640625 0.5422916666666666 0.04411718750000002 0.10588888888888891
19 0.35308593750000006 0.4185833333333333 0.14710937499999996 0.31033333333333335
19 0.48319531250000003 0.42513194444444447 0.12353124999999991 0.30234722222222227
19 0.57803515625 0.4632569444444445 0.07610156250000007 0.17545833333333338
17 0.6762851562500001 0.35065972222222225 0.046195312500000085 0.10743055555555558
7 0.7842656250000001 0.29994444444444446 0.18600000000000003 0.37872222222222224
19 0.1903125 0.13971527777777779 0.09937499999999999 0.19473611111111108
19 0.3973984375 0.15219444444444444 0.17074999999999996 0.3043888888888889
19 0.549203125 0.2129930555555556 0.14293750000000002 0.2562361111111111
19 0.3750390625000001 0.746423611111111 0.06350000000000003 0.10459722222222215
17 0.681234375 0.0811111111111111 0.08385937499999993 0.13552777777777777
19 0.27242578125 0.08772222222222224 0.051460937500000005 0.16297222222222224
19 0.30768359375 0.03716666666666667 0.03049218749999998 0.07433333333333333
19 0.526765625 0.07077777777777779 0.1450312499999999 0.11552777777777778
19 0.75842578125 0.07613194444444445 0.10482031250000005 0.1522638888888889