19 0.356265625 0.9558194444444443 0.09643750000000004 0.08836111111111096
19 0.51924609375 0.8986041666666666 0.24755468749999995 0.20279166666666665
18 0.71323828125 0.9645555555555556 0.05680468750000003 0.07088888888888883
19 0.41084765624999997 0.785375 0.09789843749999996 0.1787222222222223
12 0.49985156250000007 0.7865 0.12770312500000003 0.21138888888888896
19 0.37199218749999996 0.6928611111111111 0.08868749999999999 0.1282777777777777
19 0.3029296875 0.6673611111111111 0.07634375000000002 0.11538888888888886
19 0.35492578125 0.5756805555555555 0.08046093750000001 0.11108333333333335
14 0.20765625000000001 0.519625 0.06593749999999998 0.23566666666666675
19 0.7277109375 0.5996666666666667 0.09806249999999998 0.1635277777777778
7 0.58853515625 0.5180972222222222 0.08953906249999992 0.15550000000000005
19 0.54596875 0.7261527777777779 0.011296875000000029 0.03433333333333337
19 0.43875390625 0.5481666666666667 0.0937578125 0.16416666666666674
19 0.36101953125 0.4532638888888889 0.07983593750000004 0.14652777777777778
19 0.42844921874999997 0.41402777777777783 0.08028906249999998 0.11072222222222226
19 0.53025390625 0.4464375 0.13050781249999996 0.11315277777777781
19 0.5068671874999999 0.4735763888888889 0.10298437499999995 0.09245833333333324
8 0.31183593750000005 0.4117361111111111 0.06695312500000003 0.13666666666666663
12 0.7287265625 0.4645972222222223 0.12671875000000005 0.16902777777777783
19 0.8175390625000001 0.5705208333333333 0.014312500000000127 0.02437499999999994
19 0.40882812500000004 0.2427361111111111 0.14250000000000002 0.26269444444444445
19 0.280046875 0.1717986111111111 0.09787499999999998 0.27943055555555557
19 0.5813867187499999 0.32752777777777775 0.07383593749999999 0.16330555555555556
19 0.55176953125 0.3580625 0.05236718749999998 0.047319444444444476
19 0.49982812499999996 0.2657222222222222 0.056656249999999984 0.1098888888888889
19 0.8187695312499998 0.25808333333333333 0.055804687499999964 0.08241666666666671
17 0.49896875000000007 0.3641597222222222 0.051515625000000044 0.0992083333333333
19 0.6056601562499999 0.22027083333333333 0.1624140624999999 0.2633194444444444
19 0.26130859375000004 0.5414722222222222 0.03708593750000002 0.06813888888888882
19 0.20855078124999998 0.03835416666666666 0.06294531250000002 0.07670833333333332
19 0.610390625 0.08413888888888889 0.139078125 0.16827777777777778
19 0.512515625 0.03377777777777778 0.031937500000000084 0.06755555555555556
19 0.5006171875000001 0.1141666666666667 0.053671875000000036 0.18150000000000002
19 0.4347382812499999 0.05484027777777778 0.10302343749999995 0.10968055555555556
18 0.32496484375 0.07498611111111111 0.16802343749999996 0.14997222222222223
19 0.6408828125 0.021034722222222225 0.05254687499999999 0.04029166666666667
19 0.77687109375 0.011875 0.05047656250000001 0.018305555555555554