19 0.520203125 0.9685833333333334 0.05065624999999994 0.06283333333333335
19 0.48331640625 0.949 0.021179687499999923 0.03261111111111114
19 0.5765625 0.975 0.0609375 0.05
18 0.574171875 0.914888888888889 0.10415624999999995 0.1501666666666665
19 0.722 0.9054652777777777 0.04026562499999997 0.10256944444444432
19 0.5916289062500001 0.7748958333333335 0.14622656250000005 0.2724305555555556
19 0.50989453125 0.8297430555555556 0.07635156250000001 0.18393055555555565
19 0.33546093750000006 0.8545625 0.06412500000000003 0.13434722222222226
19 0.309875 0.8578819444444445 0.04571874999999999 0.12381944444444457
19 0.25142578125 0.8715277777777778 0.0711953125 0.058611111111111176
15 0.69323828125 0.8277847222222222 0.09103906249999998 0.22070833333333345
19 0.33640625 0.9540069444444444 0.069625 0.09198611111111113
19 0.41269921875 0.8609236111111112 0.15708593749999994 0.27815277777777775
19 0.68270703125 0.6658541666666667 0.06533593750000008 0.1175138888888889
19 0.21254296875 0.65625 0.14835156249999998 0.14838888888888885
19 0.30411328125 0.7565555555555556 0.02782031250000001 0.06044444444444442
19 0.33271875 0.6762708333333334 0.07471874999999999 0.14284722222222226
19 0.35212890625000004 0.5364305555555556 0.10407031250000003 0.2021944444444445
19 0.46481640625000004 0.6155555555555555 0.18850781249999998 0.31027777777777776
17 0.53105078125 0.6802916666666667 0.0638671875 0.10805555555555557
2 0.28704296875 0.34834027777777776 0.1668671875 0.296875
19 0.39262890624999996 0.38295833333333335 0.11641406249999994 0.16861111111111107
19 0.45924999999999994 0.42428472222222224 0.030906249999999958 0.04212500000000006
19 0.84987109375 0.43377777777777776 0.022664062500000172 0.04966666666666665
19 0.35654296875 0.24713888888888888 0.028851562499999962 0.056777777777777774
19 0.44563671875 0.26288194444444446 0.09488281250000004 0.19520833333333334
19 0.3918828125 0.27639583333333334 0.03296875000000003 0.05129166666666667
19 0.6575078125 0.32456944444444447 0.04532812499999998 0.05861111111111109
19 0.6896992187500001 0.15395833333333334 0.11361718750000005 0.30791666666666667
3 0.59772265625 0.14947222222222223 0.1257578125 0.17938888888888885
19 0.19298437499999999 0.14203472222222221 0.02471874999999999 0.06573611111111109
19 0.5061835937500001 0.12657638888888886 0.07511718750000007 0.13737499999999997
19 0.5737890625000001 0.05502083333333334 0.1073125000000001 0.11004166666666668
17 0.4024453125 0.16727777777777778 0.07368749999999995 0.15516666666666667
12 0.35272265625 0.059805555555555556 0.06867968749999998 0.11575