2 0.19845703125000003 0.9058819444444445 0.2158984375 0.18823611111111108
18 0.5275000000000001 0.9689583333333333 0.06015625 0.06208333333333339
12 0.66437890625 0.9062777777777777 0.1691328125 0.1874444444444445
18 0.438859375 0.9684305555555556 0.05959374999999998 0.06313888888888894
18 0.77658203125 0.9325347222222221 0.054960937500000015 0.13023611111111108
17 0.21288281250000002 0.8272430555555556 0.09478124999999997 0.12348611111111123
14 0.38447265625 0.7976388888888888 0.09486718750000005 0.23922222222222222
2 0.51579296875 0.8574444444444445 0.10207031250000007 0.16430555555555548
2 0.7645625 0.6980902777777778 0.22328124999999996 0.38362500000000005
19 0.24815625 0.7284027777777778 0.08821874999999997 0.1823333333333333
19 0.6125507812500001 0.76275 0.07939843750000009 0.1137222222222223
10 0.6180625 0.6549861111111112 0.08006250000000001 0.30838888888888893
19 0.5062851562499999 0.6905277777777777 0.1318203125 0.17038888888888898
17 0.5293515624999999 0.5643888888888888 0.11274999999999995 0.1099444444444444
19 0.428328125 0.4803402777777778 0.15353124999999998 0.29951388888888886
19 0.38080468750000007 0.5431805555555556 0.10587500000000002 0.15294444444444444
16 0.31980859375000004 0.38030555555555556 0.1303828125 0.2637222222222222
14 0.56102734375 0.4355416666666667 0.1363203125 0.17213888888888892
19 0.34928515625 0.7271805555555556 0.07160156249999998 0.12941666666666676
11 0.48126171875 0.27070833333333333 0.16808593750000003 0.15294444444444444
19 0.52626171875 0.3965972222222222 0.09132031250000008 0.13411111111111115
3 0.6142070312500001 0.18359027777777778 0.2917421875 0.3436527777777778
19 0.23697265625 0.28126388888888887 0.03827343750000001 0.052250000000000005
19 0.28580859375 0.17141666666666666 0.22057031250000003 0.22911111111111113
19 0.5029765625 0.110375 0.12584374999999995 0.22075
19 0.42527734375000004 0.08097222222222222 0.12683593749999997 0.16194444444444445
19 0.3331796875 0.024097222222222225 0.07940624999999998 0.04819444444444445