12 0.3420859375 0.9646180555555556 0.09378124999999997 0.07076388888888895
10 0.75634765625 0.9650833333333334 0.06260156250000008 0.06983333333333329
3 0.478125 0.8485208333333333 0.087109375 0.3029583333333334
18 0.5529609375 0.8185833333333333 0.0875 0.36283333333333334
19 0.43139062499999997 0.9577499999999999 0.053718749999999996 0.08449999999999988
17 0.41052734375 0.7855763888888889 0.054132812499999974 0.12065277777777762
2 0.65595703125 0.8221944444444444 0.13174218750000008 0.35561111111111104
11 0.82171484375 0.8702986111111112 0.07938281250000001 0.1826805555555555
13 0.75598828125 0.6715347222222222 0.1793046875000001 0.30940277777777775
19 0.7282539062500001 0.8250208333333333 0.03880468750000006 0.078013888888889
19 0.29994921875 0.6090972222222223 0.16325781250000002 0.3594166666666667
11 0.44828515625 0.6319305555555556 0.14213281250000004 0.17308333333333326
12 0.5829609375 0.5715694444444445 0.07318750000000004 0.12186111111111113
17 0.43249609375000003 0.4958263888888889 0.10061718749999997 0.12759722222222222
19 0.50061328125 0.38363888888888886 0.1149296875000001 0.3279166666666667
19 0.6015195312499999 0.4666319444444445 0.1188359375000001 0.14270833333333333
2 0.7621445312499999 0.31143055555555554 0.2074296875 0.36174999999999996
3 0.7981484375 0.3193263888888889 0.10370312500000001 0.24531944444444448
19 0.33563671875 0.46891666666666665 0.08003906250000004 0.13508333333333333
19 0.20899609375 0.22465972222222222 0.10641406250000003 0.44931944444444444
2 0.13770312499999998 0.21272222222222223 0.0700625 0.16933333333333336
2 0.5412109375 0.3703333333333333 0.08409375000000008 0.07744444444444443
11 0.28107421875000005 0.18833333333333332 0.08425781250000001 0.3136111111111111
19 0.40730078125 0.394375 0.08678906249999999 0.15124999999999997
19 0.3684609375 0.3027916666666667 0.15501562500000002 0.16750000000000004
10 0.7163671875000001 0.1705625 0.20095312499999993 0.341125
18 0.56059375 0.1324861111111111 0.07514062500000004 0.11408333333333336
19 0.2908359375 0.042229166666666665 0.062484375000000016 0.08445833333333333
18 0.420015625 0.079 0.08949999999999995 0.158
14 0.355421875 0.03772222222222222 0.07007812500000003 0.07544444444444444
3 0.511203125 0.11352083333333333 0.14015625000000007 0.22704166666666667