19 0.40719140625000005 0.9392013888888889 0.09505468750000001 0.12004166666666675
19 0.4950429687500001 0.949375 0.05697656250000005 0.07880555555555557
19 0.575625 0.9371458333333333 0.11734375000000004 0.1257083333333333
19 0.48162109375 0.9883333333333334 0.016132812500000072 0.02333333333333327
17 0.22205859375 0.9445416666666666 0.08224218749999998 0.10602777777777767
19 0.20779296875000003 0.8296180555555556 0.10219531249999998 0.1728472222222223
19 0.253015625 0.7416319444444445 0.10021874999999998 0.15701388888888881
19 0.424390625 0.7477777777777778 0.05301562499999997 0.09397222222222226
19 0.5556171875 0.7108125 0.08289062499999993 0.21668055555555554
19 0.67341015625 0.8188958333333334 0.10349218750000003 0.19876388888888907
19 0.3771875 0.9143611111111112 0.026250000000000016 0.05822222222222232
12 0.2698125 0.5972361111111111 0.11837499999999998 0.22619444444444448
19 0.388296875 0.6441041666666667 0.09067187499999996 0.17901388888888894
7 0.445 0.5122361111111111 0.17478125000000003 0.36113888888888884
10 0.58546484375 0.5068819444444445 0.09422656249999992 0.24659722222222216
19 0.7603320312499999 0.4677013888888889 0.11652343749999998 0.18901388888888893
3 0.28916015625 0.4798958333333333 0.07472656249999998 0.11565277777777776
18 0.45806250000000004 0.23236805555555556 0.053468750000000044 0.09287500000000001
19 0.5573476562499999 0.1880625 0.0956953125 0.13604166666666664
17 0.7775703125 0.16864583333333333 0.08923437499999994 0.1764583333333333
19 0.24777343749999997 0.027083333333333334 0.03851562499999996 0.05416666666666667
19 0.4184375 0.01 0.03703125000000003 0.02
19 0.5187578125 0.08243055555555556 0.18434375000000003 0.16486111111111112
10 0.622484375 0.10138194444444446 0.09628125000000001 0.11693055555555555
19 0.63140625 0.015055555555555555 0.03810937499999998 0.03011111111111111
18 0.11199218749999999 0.13903472222222224 0.10217187500000002 0.2780694444444445