19 0.4752421875 0.9736527777777777 0.06810937500000006 0.05269444444444452
12 0.35469140625 0.846125 0.15592968749999997 0.30774999999999997
0 0.4864296875 0.9313333333333332 0.04573437499999997 0.07916666666666666
19 0.26390625 0.8349027777777778 0.050687499999999996 0.20172222222222225
19 0.45175390625 0.9030694444444444 0.06316406249999992 0.193861111111111
19 0.49254296875000003 0.8272569444444444 0.0730390625 0.058902777777777894
12 0.5816250000000001 0.8885000000000001 0.053156249999999974 0.1120833333333334
3 0.5061562499999999 0.6731458333333333 0.1274531249999999 0.2835416666666667
19 0.41102343750000003 0.7701041666666667 0.035781249999999966 0.09845833333333347
19 0.4376015625 0.6346666666666666 0.03956250000000008 0.08352777777777776
18 0.325671875 0.6117986111111111 0.09040625000000002 0.27859722222222216
19 0.7466406250000001 0.4217916666666667 0.16828125000000008 0.4875277777777777
19 0.60448046875 0.5690000000000001 0.0494140625 0.06972222222222228
19 0.3025234375 0.3846458333333333 0.08718750000000001 0.13518055555555558
8 0.41466015624999997 0.3489513888888889 0.13978906250000006 0.22429166666666667
19 0.5314765625 0.37395833333333334 0.028218749999999914 0.039833333333333304
8 0.5693125 0.24161805555555557 0.12496875000000003 0.21509722222222222
0 0.39625000000000005 0.3063055555555556 0.05081250000000002 0.14725000000000002
9 0.20528125 0.14493055555555556 0.12604687500000003 0.2679166666666667
19 0.424125 0.25700694444444444 0.17801562499999996 0.2370694444444444
19 0.4557734375 0.1273263888888889 0.243546875 0.2546527777777778
19 0.6356484375 0.018534722222222223 0.02720312499999995 0.037069444444444447
17 0.1943046875 0.02073611111111111 0.06181249999999998 0.04147222222222222
19 0.6677929687499999 0.3370763888888889 0.027195312499999957 0.03737500000000003