15 0.67365625 0.9324097222222221 0.14139062500000002 0.13518055555555544
10 0.18615234374999998 0.9688888888888889 0.05363281249999998 0.06222222222222216
19 0.21289843749999998 0.9231874999999999 0.10840625 0.15362499999999987
19 0.412109375 0.9291666666666667 0.0671875 0.14166666666666666
19 0.35446484375000004 0.9508958333333333 0.060789062499999956 0.09820833333333338
19 0.5995703124999999 0.9269027777777777 0.13914062499999993 0.14619444444444443
7 0.45937890625 0.8340138888888889 0.07952343749999997 0.3295
7 0.26671484375 0.8148958333333334 0.1373046875 0.3443472222222223
12 0.7052343750000001 0.7335069444444444 0.10232812500000002 0.21993055555555552
19 0.38559374999999996 0.7442708333333333 0.14664062500000002 0.3163472222222222
19 0.5802578125 0.8131319444444445 0.15651562499999994 0.20681944444444447
19 0.608921875 0.5688958333333333 0.06485937499999998 0.10370833333333328
3 0.4179453125 0.5724791666666667 0.06789062500000002 0.11451388888888896
19 0.42249218749999995 0.4820138888888889 0.052671875000000014 0.05763888888888889
19 0.46759765625 0.4463055555555555 0.053726562499999984 0.21897222222222218
18 0.58460546875 0.4702986111111111 0.10739843750000003 0.11348611111111116
19 0.52229296875 0.4337291666666667 0.09827343749999998 0.1001527777777778
19 0.68946875 0.4973472222222223 0.09625000000000003 0.16747222222222227
18 0.7219921874999999 0.22701388888888888 0.21460937500000005 0.45402777777777775
3 0.43179687499999997 0.3004583333333333 0.06453124999999997 0.27425000000000005
17 0.6338671875 0.38778472222222227 0.04787499999999998 0.0731805555555556
16 0.5663554687500001 0.29470833333333335 0.11755468750000002 0.21608333333333338
12 0.31702734374999997 0.2502013888888889 0.10844531249999996 0.14376388888888889
19 0.3261953125 0.3638888888888889 0.05620312500000004 0.039444444444444414
19 0.25023046875 0.3132013888888889 0.07172656249999995 0.1564027777777778
19 0.52439453125 0.16714583333333333 0.07941406250000008 0.17568055555555556
0 0.4492421875 0.07694444444444444 0.07801562499999992 0.15388888888888888
7 0.35856640625 0.09222222222222223 0.12563281249999997 0.18444444444444447
19 0.21824218749999996 0.035486111111111114 0.04559375000000001 0.07097222222222223
19 0.29119140625 0.03729166666666667 0.053695312500000016 0.07458333333333333
19 0.51206640625 0.03999305555555556 0.06586718749999995 0.07998611111111112