19 0.99477734375 0.01670138888888889 0.010445312499999915 0.03340277777777778
19 0.4458203125 0.9307569444444445 0.06512499999999992 0.13848611111111117
19 0.5155117187499999 0.847625 0.08952343749999994 0.16644444444444434
8 0.4604296875 0.7803680555555556 0.08492187500000004 0.17870833333333336
19 0.2903359375 0.6771736111111111 0.08778125 0.15812500000000004
19 0.344296875 0.693513888888889 0.01735937500000002 0.04972222222222224
19 0.42688671874999995 0.7125277777777778 0.07017968749999999 0.09361111111111116
8 0.4616953125 0.6262013888888889 0.13629687500000004 0.12656944444444443
19 0.57148828125 0.6584861111111111 0.10474218749999994 0.1492222222222223
0 0.6484062500000001 0.6959791666666667 0.05559375000000007 0.1275694444444444
19 0.33871093750000003 0.5342986111111111 0.06773437500000004 0.1472916666666666
3 0.52601171875 0.4990069444444445 0.11410156249999996 0.14909722222222224
19 0.50289453125 0.5661597222222222 0.015226562500000007 0.022597222222222196
8 0.6393085937499999 0.5004791666666667 0.11682031249999998 0.12290277777777779
19 0.1915234375 0.38597916666666665 0.07964062499999999 0.18526388888888887
19 0.26657031249999996 0.4200763888888889 0.056656249999999984 0.1327916666666667
19 0.38172656250000003 0.6517986111111111 0.031203125000000043 0.047680555555555615
12 0.57670703125 0.23774305555555558 0.10221093749999995 0.3017361111111111
19 0.44604687500000006 0.24322222222222223 0.21556250000000005 0.32466666666666666
19 0.47253906249999994 0.08557638888888888 0.09070312499999993 0.1612361111111111
19 0.49360937499999996 0.058652777777777776 0.11762499999999995 0.11730555555555555
19 0.582546875 0.03888888888888889 0.06260937500000008 0.07777777777777778
19 0.41783203125 0.007159722222222223 0.03978906250000001 0.014319444444444445
18 0.11199218749999999 0.13903472222222224 0.10217187500000002 0.2780694444444445