19 0.22185156250000002 0.989625 0.025359375000000028 0.020750000000000077
19 0.6799453124999999 0.8994930555555556 0.1782343749999999 0.2010138888888889
6 0.50882421875 0.9423194444444445 0.04422656249999992 0.1
8 0.36715625 0.9026319444444444 0.14007812499999997 0.19473611111111117
19 0.56126953125 0.8554513888888888 0.05846093749999994 0.1647083333333332
19 0.6891015625 0.8482013888888887 0.061765624999999956 0.10393055555555546
19 0.30535156249999995 0.7422291666666666 0.11595312499999996 0.1730972222222223
18 0.43385156249999995 0.7682986111111111 0.15215625 0.313986111111111
19 0.5343671875 0.7700277777777778 0.05623437500000002 0.09383333333333325
12 0.21968750000000004 0.7199722222222222 0.07279687500000002 0.14705555555555547
2 0.57917578125 0.6034722222222222 0.1511796875 0.25305555555555564
19 0.580453125 0.5433055555555556 0.06506249999999998 0.14355555555555558
19 0.47646484375 0.5673194444444444 0.059585937499999984 0.10019444444444442
18 0.33042578125000005 0.6461388888888889 0.08824218750000004 0.16294444444444436
6 0.40652343750000003 0.5435902777777778 0.07940625000000004 0.13815277777777782
2 0.3142265625 0.5192013888888889 0.11584374999999998 0.20193055555555553
17 0.7229609375 0.4758541666666667 0.08492187500000004 0.14118055555555553
2 0.78219921875 0.4318680555555555 0.14119531249999992 0.22379166666666667
19 0.6534765625000001 0.44780555555555557 0.05625 0.1
19 0.39714453125000004 0.34320833333333334 0.28571093750000004 0.3805277777777778
2 0.22885546875 0.2794513888888889 0.2123984375 0.35195833333333326
0 0.5405859375000001 0.36269444444444443 0.03960937500000004 0.14650000000000002
2 0.49503906249999996 0.18409722222222225 0.096484375 0.18347222222222226
19 0.6053125 0.2222013888888889 0.08234375000000008 0.18087500000000004
10 0.35859765625 0.13086805555555556 0.14952343750000002 0.22409722222222217
17 0.71729296875 0.04029861111111111 0.07014843749999997 0.08059722222222222
19 0.69346484375 0.10647916666666668 0.033085937499999926 0.0517638888888889
19 0.5372890625 0.11471527777777778 0.059562500000000004 0.1623472222222222
19 0.46052734375000004 0.10177083333333334 0.059554687500000016 0.07529166666666667
19 0.39501171875 0.05824305555555556 0.16941406249999996 0.11529166666666665
14 0.49697265625 0.036083333333333335 0.06594531250000006 0.07216666666666667
19 0.4831796875 0.37977083333333334 0.04742187500000004 0.12548611111111113
17 0.58189453125 0.07420138888888889 0.08161718750000002 0.14840277777777777
19 0.210640625 0.06025694444444445 0.016812499999999987 0.024208333333333342