7 0.58671875 0.9673611111111111 0.109375 0.06527777777777778
19 0.36953125 0.9208333333333333 0.10625 0.15833333333333333
19 0.77062890625 0.9866666666666666 0.032648437499999974 0.02666666666666673
2 0.48790625 0.9266805555555554 0.14293750000000002 0.1466388888888888
18 0.38557421875 0.8337291666666666 0.07746093750000002 0.08934722222222212
19 0.37101171875 0.7201597222222222 0.09153906250000002 0.15490277777777775
19 0.2652734375 0.6754375 0.03570312500000004 0.046069444444444385
19 0.22406249999999997 0.618361111111111 0.031984375000000044 0.053138888888888874
19 0.65590234375 0.557326388888889 0.12132031249999997 0.25706944444444446
18 0.75543359375 0.6101875000000001 0.07133593749999996 0.12234722222222226
6 0.51764453125 0.5587916666666667 0.04422656249999992 0.1
8 0.36760937499999996 0.5680069444444444 0.13570312500000004 0.3019583333333333
19 0.5656796875 0.5013402777777778 0.05845312499999995 0.16470833333333337
19 0.6908671875 0.45997222222222217 0.061765624999999956 0.10391666666666657
19 0.3057890625 0.3508541666666667 0.11595312499999996 0.1730972222222222
18 0.44478906250000005 0.38970138888888894 0.14446875 0.31195833333333334
19 0.5389921875 0.3939791666666667 0.05625 0.10801388888888887
12 0.22718750000000001 0.32781250000000006 0.07279687499999998 0.14706944444444447
2 0.34973828124999995 0.9614930555555555 0.04896093749999997 0.07354166666666673
2 0.59051171875 0.21065972222222223 0.15444531250000004 0.2040972222222222
19 0.584421875 0.15477777777777776 0.06506249999999998 0.12766666666666668
19 0.4868203125 0.18810416666666668 0.05073437500000004 0.10018055555555555
18 0.33351171875 0.23515972222222223 0.08824218750000004 0.12765277777777775
6 0.40740625 0.1573125 0.07940625000000004 0.13815277777777776
2 0.337390625 0.15096527777777777 0.11584374999999998 0.20193055555555553
17 0.7300195312500001 0.08722222222222221 0.08492968750000003 0.1411666666666667
2 0.78241015625 0.07437500000000001 0.14338281249999998 0.14333333333333334
19 0.6561250000000001 0.05683333333333333 0.05625 0.1
19 0.442703125 0.07339583333333333 0.15440625000000002 0.14529166666666668
2 0.24803125 0.028902777777777777 0.20845312499999996 0.057805555555555554
0 0.54589453125 0.02029861111111111 0.029117187499999985 0.04059722222222222