19 0.6991484375 0.9038541666666668 0.17015624999999995 0.16479166666666678
10 0.42519921875 0.9585486111111111 0.07555468750000002 0.08290277777777785
17 0.38312109375000003 0.8710694444444446 0.08660156250000002 0.1279444444444443
18 0.27427734375 0.8087152777777779 0.07717968749999997 0.08490277777777792
19 0.5428906250000001 0.8261875000000001 0.12942187500000008 0.21623611111111118
16 0.42156640625 0.6834722222222221 0.19127343749999998 0.36530555555555544
18 0.32608984375 0.6444791666666666 0.09686718750000001 0.18698611111111102
19 0.23507812499999997 0.7579097222222221 0.14575 0.18868055555555552
15 0.62641796875 0.5679305555555555 0.1659140624999999 0.3364444444444444
17 0.25828125 0.45315972222222217 0.11624999999999996 0.17231944444444436
19 0.52496875 0.4910972222222222 0.07723437499999992 0.18594444444444444
8 0.4791015625 0.39355555555555555 0.11304687500000003 0.2304444444444444
19 0.6812890625000001 0.21270833333333333 0.12945312500000003 0.22819444444444445
18 0.3330078125 0.026972222222222224 0.05982812500000003 0.05394444444444445
17 0.38348046875 0.11272916666666666 0.07607031249999996 0.1331527777777778
17 0.442296875 0.07319444444444445 0.06740624999999997 0.1463888888888889
18 0.11199218749999999 0.13903472222222224 0.10217187500000002 0.2780694444444445