18 0.321484375 0.9423611111111111 0.10859375 0.11527777777777778
18 0.29321875 0.7978819444444443 0.05109374999999998 0.06437499999999988
19 0.38030468749999996 0.6770208333333334 0.19953125000000002 0.4300972222222223
10 0.5081914062499999 0.8047638888888888 0.05810156249999991 0.16636111111111107
19 0.46722656249999994 0.8456111111111112 0.04145312499999996 0.08111111111111123
18 0.3839375 0.7488402777777777 0.09615625000000003 0.1784305555555556
19 0.63983984375 0.6729930555555556 0.032570312500000045 0.047041666666666676
7 0.7079296875 0.5747430555555556 0.06628124999999993 0.07934722222222222
19 0.20796874999999998 0.5897847222222222 0.018515625000000015 0.032874999999999946
19 0.73170703125 0.5231041666666667 0.03867968749999999 0.08034722222222225
19 0.789875 0.5240416666666666 0.09609375 0.12161111111111103
18 0.43899999999999995 0.37150000000000005 0.07137499999999992 0.16233333333333333
19 0.4963828125 0.37579166666666663 0.08703125000000007 0.12147222222222223
17 0.6524609375 0.3330694444444445 0.07046875000000004 0.1975277777777778
19 0.7292539062500001 0.3050277777777778 0.16711718750000007 0.21916666666666665
19 0.4526328125 0.26280555555555557 0.10220312499999995 0.08469444444444447
18 0.28073046874999996 0.30833333333333335 0.05130468749999997 0.08600000000000002
19 0.26680078125 0.21333333333333337 0.06546093749999997 0.11444444444444443
19 0.50109765625 0.12009722222222222 0.12264843750000001 0.18797222222222218
19 0.26289453125 0.40963194444444445 0.01592968749999999 0.05545833333333326
19 0.284078125 0.1413333333333333 0.05418750000000001 0.07094444444444442
19 0.44673046875000005 0.036284722222222225 0.11563281249999999 0.07256944444444445
18 0.11199218749999999 0.13903472222222224 0.10217187500000002 0.2780694444444445