19 0.50516015625 0.9645833333333333 0.0859296875 0.07083333333333333
19 0.7694765625000001 0.9376944444444444 0.07659375000000006 0.12461111111111114
14 0.56493359375 0.9162708333333333 0.08814843749999994 0.10987499999999986
18 0.63664453125 0.9498055555555556 0.060507812500000036 0.10038888888888885
19 0.6816992187500001 0.8083680555555556 0.0806640625 0.14034722222222215
19 0.23328515625000001 0.8373194444444445 0.07394531249999999 0.10802777777777774
2 0.8233359374999999 0.7886180555555555 0.13414062499999996 0.22562500000000008
2 0.4519921875 0.8781458333333333 0.08307812499999993 0.16390277777777776
3 0.3976875 0.7914236111111111 0.08915625 0.1979583333333333
2 0.559546875 0.7510625 0.19553125 0.2768194444444444
19 0.50811328125 0.8027986111111111 0.06889843750000005 0.1417083333333333
12 0.23718359375000003 0.6667916666666667 0.11452343750000002 0.18802777777777777
17 0.4441562500000001 0.705 0.07296875000000007 0.09916666666666664
16 0.73012109375 0.6211180555555557 0.13269531249999994 0.17579166666666657
19 0.5811484375 0.5187638888888889 0.15395312499999997 0.23880555555555563
17 0.41775390625000003 0.5259513888888889 0.06653906250000001 0.16026388888888887
18 0.3249296875 0.6725694444444444 0.07193750000000003 0.20822222222222225
3 0.6835859375 0.4680486111111111 0.08585937500000007 0.22634722222222226
7 0.7724257812499999 0.4372916666666667 0.20480468750000008 0.2718055555555556
19 0.42088281250000004 0.39384722222222224 0.060484375000000014 0.09624999999999997
8 0.5129179687500001 0.3668680555555555 0.1104609374999999 0.07754166666666669
16 0.4415859375 0.2628611111111111 0.152140625 0.1835
19 0.62196875 0.26336805555555554 0.08793749999999996 0.16645833333333337
19 0.55984765625 0.19979861111111114 0.13508593750000006 0.12643055555555555
17 0.7534765625 0.11256944444444444 0.07739062499999996 0.09130555555555553
19 0.36667187500000004 0.09961111111111111 0.11753125000000005 0.19922222222222222
19 0.49585156249999995 0.11672222222222223 0.14690624999999996 0.23344444444444445
15 0.66099609375 0.10591666666666667 0.1914921875000001 0.21183333333333335