19 0.349328125 0.9232152777777777 0.09217187500000001 0.1494027777777777
12 0.540546875 0.9720416666666667 0.11234374999999996 0.055916666666666656
17 0.648421875 0.9803402777777778 0.06768750000000008 0.039319444444444365
7 0.2613046875 0.9318055555555556 0.09198437500000001 0.13638888888888895
15 0.4579765625 0.8165208333333334 0.19064062499999998 0.3669583333333334
8 0.59601171875 0.7983333333333332 0.14324218749999992 0.28808333333333336
19 0.6470078125 0.8010763888888889 0.04065624999999997 0.05481944444444448
19 0.36832031249999997 0.7297013888888889 0.11184374999999998 0.21298611111111107
19 0.17305078125 0.9617569444444444 0.034710937500000004 0.07648611111111102
18 0.26575 0.6161458333333333 0.055781249999999984 0.15576388888888887
19 0.6862734375 0.5990208333333333 0.13239062500000004 0.11687499999999997
19 0.3694375 0.5718958333333333 0.07393750000000003 0.0872916666666667
18 0.38627734375 0.49013888888888896 0.09791406250000004 0.13294444444444448
19 0.48557031250000005 0.5682222222222222 0.059484375000000075 0.08755555555555551
12 0.46672265625 0.4313472222222222 0.08772656249999997 0.1635833333333333
19 0.60346484375 0.32902777777777775 0.0689453125 0.24361111111111108
19 0.37753125 0.38700694444444445 0.06290624999999998 0.0840972222222222
17 0.40703125 0.3020555555555556 0.08971874999999999 0.14997222222222226
19 0.4412109375 0.1996527777777778 0.10523437500000003 0.27347222222222217
17 0.5433242187499999 0.3579652777777778 0.04144531249999996 0.07976388888888886
18 0.1988125 0.3483055555555556 0.09889062499999998 0.12483333333333337
3 0.37526562500000005 0.6566527777777778 0.08496875000000004 0.08238888888888896
2 0.52843359375 0.22388888888888886 0.07171093749999997 0.16166666666666665
3 0.6026171875 0.10170138888888888 0.049156250000000054 0.13418055555555558
0 0.27903515624999997 0.0979027777777778 0.11117968749999996 0.10750000000000001
19 0.49266796875 0.048874999999999995 0.1298984375 0.09774999999999999
19 0.24574218750000001 0.05509722222222223 0.09245312500000002 0.10819444444444445
19 0.24671484375000002 0.7447152777777777 0.029367187500000023 0.07945833333333338
18 0.11199218749999999 0.13903472222222224 0.10217187500000002 0.2780694444444445