19 0.99477734375 0.01670138888888889 0.010445312499999915 0.03340277777777778
19 0.5187109375 0.9555555555555556 0.11648437499999993 0.08888888888888889
19 0.355078125 0.9381944444444444 0.10390625 0.12361111111111112
19 0.59376171875 0.9797291666666667 0.03421093749999997 0.04054166666666674
19 0.507578125 0.8923958333333333 0.049249999999999974 0.06934722222222231
19 0.42991796875000005 0.9650416666666666 0.05892968750000005 0.06991666666666656
19 0.7794414062499999 0.8042152777777779 0.10755468749999997 0.16234722222222236
19 0.55262109375 0.7449722222222223 0.1355390625 0.21558333333333338
19 0.40441796874999997 0.8346388888888889 0.08024218750000003 0.29566666666666674
12 0.60037109375 0.7122986111111111 0.09925781249999996 0.22654166666666675
19 0.6934609375 0.5876111111111112 0.09567187500000003 0.2974722222222223
19 0.7698867187499999 0.6678402777777778 0.07314843750000008 0.1408194444444444
19 0.60763671875 0.5795902777777778 0.1375078125 0.12829166666666666
19 0.35777734375 0.6446180555555555 0.04769531249999996 0.0872916666666667
19 0.38988281249999995 0.6512291666666666 0.021328124999999965 0.05468055555555556
19 0.35127734374999997 0.5041041666666667 0.08800781249999998 0.17684722222222227
17 0.49996093750000004 0.5350972222222222 0.08375000000000003 0.14402777777777784
19 0.83348828125 0.5770138888888888 0.03777343749999993 0.07222222222222222
19 0.5954765624999999 0.3837222222222222 0.16765624999999992 0.35386111111111107
19 0.75701953125 0.4043472222222222 0.13244531249999997 0.2819166666666667
11 0.42403124999999997 0.41744444444444445 0.07942187500000002 0.17822222222222225
18 0.33153515625 0.41498611111111106 0.0352578125 0.05663888888888885
19 0.2117578125 0.5990416666666667 0.01378124999999999 0.024027777777777714
19 0.24375390624999999 0.3566527777777778 0.16046093749999998 0.2538611111111111
19 0.27378515625 0.43089583333333326 0.020382812500000024 0.04348611111111104
0 0.3745703125 0.4472291666666667 0.06882812500000002 0.1380694444444444
18 0.39661328124999995 0.23211805555555556 0.07947656249999997 0.23354166666666665
17 0.18054687500000002 0.1524652777777778 0.06375000000000001 0.17798611111111115
19 0.8464375000000001 0.34973611111111114 0.05025000000000013 0.08113888888888887
18 0.656765625 0.21661111111111112 0.09540624999999991 0.1835
19 0.68487890625 0.32891666666666663 0.04047656249999996 0.06397222222222226
19 0.5119921875 0.22416666666666663 0.024609375 0.10500000000000001
19 0.50236328125 0.2985625 0.020773437499999936 0.023347222222222224
19 0.36978906250000004 0.09360416666666665 0.12756250000000002 0.1872083333333333
19 0.28640625 0.049916666666666665 0.05324999999999998 0.09983333333333333
18 0.41338671875 0.06309027777777777 0.04063281249999999 0.06356944444444446
19 0.65743359375 0.0061666666666666675 0.03013281249999995 0.012333333333333335
18 0.11199218749999999 0.13903472222222224 0.10217187500000002 0.2780694444444445