18 0.182734375 0.8982152777777777 0.08374999999999999 0.20356944444444436
19 0.34609375 0.9756944444444444 0.028125 0.04861111111111111
0 0.294984375 0.9209166666666666 0.10239062499999996 0.15816666666666682
19 0.550390625 0.9194444444444444 0.11640625 0.16111111111111112
19 0.7129726562500001 0.8606875 0.07705468750000008 0.06165277777777792
19 0.5265 0.8015763888888888 0.091015625 0.14931944444444442
2 0.2534140625 0.6943680555555556 0.216109375 0.3527916666666667
19 0.362828125 0.8821180555555556 0.022625000000000027 0.0590138888888889
19 0.2543515625 0.6270555555555556 0.10748437500000003 0.17797222222222212
0 0.34957421875000005 0.6639444444444444 0.06675781250000004 0.08966666666666659
19 0.5446640625000001 0.6727708333333333 0.08414062500000004 0.15965277777777775
19 0.6281015625 0.609125 0.06948437500000004 0.12977777777777785
19 0.4668984375 0.5632083333333333 0.18543749999999998 0.42224999999999996
17 0.71979296875 0.594486111111111 0.09388281250000005 0.1372499999999999
17 0.32739453124999995 0.38478472222222226 0.07505468749999995 0.13659722222222226
19 0.31572265625 0.45267361111111115 0.10405468750000005 0.2142361111111111
19 0.7260078125 0.46120833333333333 0.016453124999999957 0.03305555555555549
19 0.386046875 0.3605902777777778 0.10384375000000001 0.15295833333333334
19 0.44539062500000004 0.28015277777777775 0.10681250000000002 0.13977777777777775
19 0.76434375 0.29202083333333334 0.08307812499999993 0.11076388888888888
10 0.581890625 0.30388888888888893 0.12168749999999999 0.24000000000000005
10 0.68193359375 0.1456736111111111 0.07283593750000002 0.2822638888888889
2 0.5759375 0.1869097222222222 0.15131250000000004 0.22604166666666667
19 0.2658828125 0.28055555555555556 0.10676562499999998 0.07055555555555557
19 0.8230585937500001 0.2867430555555555 0.03605468750000007 0.0457916666666667
4 0.31172265625 0.14324305555555555 0.2744453125 0.2864861111111111
19 0.4445 0.1361527777777778 0.11274999999999995 0.23736111111111116
14 0.5327656249999999 0.09313194444444445 0.08753124999999998 0.1862638888888889
10 0.5312109374999999 0.03774305555555556 0.09360937499999995 0.07548611111111111
12 0.75751953125 0.11108333333333333 0.09494531250000007 0.11866666666666667