19 0.7068359375 0.9386805555555556 0.12351562499999993 0.12263888888888883
19 0.5753125000000001 0.9630069444444445 0.07531250000000007 0.07398611111111109
7 0.37858203125 0.8916944444444445 0.24439843749999995 0.21661111111111117
10 0.24831250000000002 0.9679166666666666 0.09896875000000002 0.06416666666666673
2 0.5816484375 0.8665972222222221 0.19592187499999997 0.2334722222222221
19 0.2698203125 0.7872916666666667 0.13046875 0.2091666666666666
12 0.1830078125 0.7043263888888889 0.057890625000000015 0.3205972222222222
19 0.41548828125000004 0.7572916666666667 0.1554765625 0.2614166666666667
12 0.475484375 0.6262083333333334 0.09649999999999999 0.17377777777777786
17 0.5341210937499999 0.6594236111111111 0.06825781249999992 0.12584722222222225
3 0.56678125 0.6337013888888889 0.07457812500000002 0.12320833333333338
17 0.59718359375 0.61625 0.046757812499999926 0.05472222222222219
12 0.6596562499999999 0.6743541666666666 0.1104375000000001 0.19887500000000008
19 0.2829921875 0.5589791666666666 0.08342187499999998 0.16718055555555555
19 0.51481640625 0.4900138888888888 0.17747656250000005 0.1698888888888888
19 0.6030703125000001 0.4328958333333333 0.12417187500000004 0.24781944444444443
3 0.74962109375 0.3548055555555556 0.20316406249999996 0.3506944444444445
19 0.857171875 0.4199861111111111 0.112890625 0.20577777777777773
18 0.28671875 0.34626388888888887 0.08546874999999998 0.19808333333333333
10 0.2537421875 0.26177083333333334 0.09392187500000002 0.28937499999999994
19 0.416734375 0.2632986111111111 0.07057812499999998 0.18956944444444446
19 0.47887890625 0.27847222222222223 0.0642578125 0.1216666666666667
18 0.5378789062499999 0.23147222222222222 0.15908593750000008 0.1745833333333333
7 0.60213671875 0.13711805555555553 0.08739843749999991 0.11243055555555553
10 0.34304687500000003 0.053402777777777785 0.079109375 0.10674999999999998
7 0.47524609375000004 0.09703472222222223 0.10544531250000003 0.12434722222222222
19 0.58426953125 0.059937500000000005 0.1233515624999999 0.11987500000000001
19 0.6580078125 0.19572222222222224 0.047296874999999974 0.14419444444444443
19 0.21961328125000001 0.08963888888888888 0.0498359375 0.08027777777777778
19 0.29401171875 0.077375 0.053726562499999984 0.07302777777777777