17 0.38677734375000006 0.9780625 0.042929687500000036 0.043874999999999886
19 0.32660546875 0.9237152777777777 0.04600781249999999 0.1525694444444443
19 0.6361796875 0.9572638888888889 0.08035937499999993 0.08547222222222217
19 0.5729804687500001 0.9652083333333332 0.05561718750000004 0.0695833333333332
2 0.26480078125 0.9035555555555554 0.1514765625 0.19288888888888905
7 0.44072265625 0.9517430555555555 0.0638671875 0.0965138888888889
19 0.5494687500000001 0.8923402777777778 0.09271875000000004 0.15201388888888895
19 0.26014843749999994 0.9373194444444445 0.06078124999999997 0.1253611111111111
19 0.29500390625 0.8804375000000001 0.02369531250000003 0.051291666666666756
19 0.439578125 0.7628958333333333 0.044296875000000034 0.06365277777777768
14 0.35939062499999996 0.8489652777777777 0.06387499999999999 0.2082361111111112
19 0.39560546875 0.7993680555555555 0.02146093750000002 0.05815277777777762
19 0.62553125 0.8994861111111111 0.014906249999999944 0.019305555555555683
19 0.19328125000000002 0.7309513888888889 0.06498437500000001 0.08615277777777774
19 0.273796875 0.6480208333333334 0.10106250000000001 0.16348611111111117
19 0.3219921875 0.5298541666666666 0.09429687500000003 0.17143055555555564
19 0.55068359375 0.6449583333333333 0.01088281250000005 0.016777777777777836
19 0.60255078125 0.6612291666666666 0.009304687500000065 0.02034722222222219
19 0.6402617187499999 0.603013888888889 0.012132812499999979 0.017138888888888933
17 0.5659726562499999 0.5749722222222222 0.10166406250000008 0.1303888888888889
10 0.2023515625 0.49694444444444447 0.078125 0.1327777777777778
10 0.61880859375 0.3719861111111111 0.09182031249999997 0.27591666666666664
2 0.5668046875000001 0.45090972222222225 0.09581250000000008 0.1619305555555556
13 0.25225390625 0.3713194444444445 0.10330468750000002 0.2144444444444444
19 0.35655859375 0.43959027777777776 0.0505859375 0.09512500000000002
19 0.34244531250000004 0.30864583333333334 0.14839062500000005 0.21843055555555552
19 0.56312890625 0.28880555555555554 0.05866406249999993 0.16547222222222221
19 0.37429687500000003 0.18956250000000002 0.12703124999999998 0.2814305555555556
12 0.44214062500000006 0.13845833333333332 0.06696875000000002 0.2219722222222222
19 0.5060976562499999 0.16210416666666666 0.060945312499999994 0.12579166666666666
11 0.627609375 0.0365625 0.08159375000000005 0.073125
19 0.551765625 0.04288888888888889 0.06009375000000006 0.07936111111111112