19 0.350390625 0.9569444444444445 0.1046875 0.08611111111111111
8 0.433203125 0.9298611111111111 0.0859375 0.14027777777777778
17 0.29677734375 0.9274375 0.0943359375 0.11126388888888875
19 0.66901171875 0.9274305555555555 0.04353906250000002 0.08986111111111117
19 0.6870937500000001 0.7988055555555555 0.1715937499999999 0.3934999999999999
10 0.5532578125000001 0.7500138888888889 0.1274531249999999 0.2061388888888889
10 0.3999609375 0.6808333333333333 0.10007812500000002 0.2783333333333333
19 0.44028515625 0.536423611111111 0.04677343749999992 0.15715277777777775
19 0.51334765625 0.5557361111111111 0.09892968750000009 0.18113888888888882
19 0.2414453125 0.4517916666666666 0.058203125 0.09586111111111109
18 0.3946015625 0.44427083333333334 0.059671875 0.19312499999999996
19 0.47406640624999996 0.32179166666666664 0.19985156249999997 0.30913888888888896
19 0.64200390625 0.5088333333333334 0.04114843750000006 0.040388888888888946
19 0.82978515625 0.5075416666666667 0.0701171875 0.1496388888888889
12 0.24924609374999998 0.32966666666666666 0.10883593749999998 0.18308333333333332
2 0.5126171875 0.12718750000000004 0.28851562499999994 0.249375
18 0.57541796875 0.31325000000000003 0.16150781250000001 0.13266666666666668
12 0.22638671875 0.20381944444444444 0.11574218749999998 0.19319444444444447
19 0.7945390625 0.23775694444444445 0.015953125000000058 0.05393055555555553
10 0.68162109375 0.08590972222222222 0.06741406249999997 0.17181944444444444
17 0.34212109375 0.025986111111111113 0.04985156249999996 0.051972222222222225
19 0.73428515625 0.04658333333333333 0.06460156250000004 0.09316666666666666
10 0.5127343750000001 0.11776388888888888 0.08257812500000003 0.20522222222222222
19 0.33016406249999997 0.31277083333333333 0.08001562499999997 0.20526388888888883
18 0.415234375 0.9791666666666666 0.0375 0.041666666666666664
19 0.20769921875000003 0.49141666666666667 0.0189453125 0.035416666666666666
18 0.11199218749999999 0.13903472222222224 0.10217187500000002 0.2780694444444445