17 0.34140625 0.9215277777777777 0.08515625 0.15694444444444444
17 0.3870078125 0.8103402777777777 0.07504687499999996 0.15212499999999995
18 0.42957812500000003 0.7506805555555556 0.03371875000000006 0.06088888888888878
19 0.32977734375 0.5256458333333333 0.048757812499999977 0.11881944444444438
19 0.317265625 0.4707916666666666 0.073140625 0.08144444444444443
19 0.5152617187499999 0.32377083333333334 0.11897656249999997 0.15418055555555554
14 0.737765625 0.33693749999999995 0.03917187500000008 0.06559722222222221
7 0.29463671874999997 0.18910416666666666 0.07942968749999997 0.2929305555555556
18 0.35499609374999996 0.24842361111111114 0.06671093749999998 0.15731944444444443
2 0.47903124999999996 0.1574375 0.16696875000000003 0.21765277777777778
19 0.5818359375 0.14152777777777778 0.226171875 0.28305555555555556
8 0.756640625 0.9486111111111111 0.06328125 0.10277777777777777
18 0.54626953125 0.76425 0.07107031250000002 0.12952777777777777
0 0.75694921875 0.8341875 0.07233593749999993 0.12062499999999987
19 0.5910859374999999 0.5243680555555555 0.11570312499999993 0.29837500000000006
8 0.5010078124999999 0.45261111111111113 0.09709374999999998 0.12522222222222218
19 0.45603515625 0.36940277777777775 0.07191406249999996 0.12713888888888888
18 0.41814062500000004 0.25588194444444445 0.08371875000000002 0.21406944444444445
19 0.34518359374999996 0.1518958333333333 0.03517968749999998 0.060458333333333336
18 0.11199218749999999 0.13903472222222224 0.10217187500000002 0.2780694444444445