19 0.67394921875 0.9806597222222221 0.05491406249999997 0.038680555555555426
8 0.43917578125 0.9004236111111112 0.2369140625 0.1991527777777776
17 0.59143359375 0.9563472222222221 0.07275781250000009 0.08730555555555541
10 0.701171875 0.8798611111111111 0.071875 0.24027777777777778
19 0.20343750000000002 0.8925416666666668 0.05293749999999999 0.11058333333333319
19 0.6878671875 0.7238541666666668 0.06157812499999995 0.12418055555555559
19 0.6446601562500001 0.6797222222222222 0.026664062500000085 0.06858333333333341
19 0.5441171875 0.7004930555555555 0.056062499999999994 0.08006944444444442
19 0.48419140625 0.6686249999999999 0.061585937499999945 0.14052777777777786
19 0.52141015625 0.613375 0.06800781249999996 0.1183333333333334
2 0.32648828124999996 0.5529375 0.1130859375 0.2810416666666667
18 0.3220703125 0.5556944444444445 0.11303125000000006 0.23427777777777786
17 0.240734375 0.6042222222222222 0.06614062499999998 0.10780555555555556
19 0.8054453125000001 0.8366527777777778 0.041031249999999984 0.04388888888888876
19 0.24751953124999998 0.48839583333333336 0.05882031249999997 0.11437500000000003
19 0.54875 0.4782013888888889 0.089453125 0.12156944444444441
19 0.2399921875 0.4608333333333334 0.09814062500000001 0.14586111111111108
19 0.5397226562499999 0.3547638888888889 0.26411718749999996 0.19583333333333333
18 0.7097421875000001 0.2796388888888889 0.2236406249999999 0.2651666666666666
2 0.48928515624999996 0.5030277777777777 0.09441406249999992 0.24905555555555547
17 0.6385078125000001 0.5058472222222222 0.09000000000000004 0.13411111111111104
17 0.232421875 0.3666111111111111 0.05890624999999998 0.17505555555555555
2 0.22665234375 0.26045833333333335 0.06892968750000002 0.11275
19 0.3478671875 0.21740277777777778 0.06614062499999998 0.11716666666666668
19 0.43152734375 0.16706944444444444 0.07242968750000003 0.15113888888888888
19 0.50946484375 0.3141319444444445 0.09191406250000007 0.16681944444444446
10 0.59375 0.1576111111111111 0.159375 0.19366666666666665
18 0.7749609375000001 0.11479166666666668 0.10914062499999995 0.22958333333333336
17 0.53424609375 0.05633333333333334 0.05846093749999994 0.10999999999999999
19 0.36059765625 0.06223611111111112 0.019851562499999975 0.039999999999999994
19 0.41685156249999994 0.05053472222222222 0.11646874999999998 0.10106944444444443
19 0.65627734375 0.043472222222222225 0.14294531250000003 0.08694444444444445