8 0.511484375 0.8181944444444444 0.10460937500000007 0.14825000000000002
14 0.469234375 0.8652083333333332 0.19590625 0.26958333333333323
2 0.8488671875 0.856111111111111 0.2528906249999999 0.28777777777777785
19 0.558609375 0.6059166666666667 0.10082812499999996 0.23250000000000004
18 0.26896875000000003 0.9305555555555556 0.17575000000000002 0.1388888888888889
19 0.6211757812500001 0.7132222222222222 0.08478906249999998 0.3442500000000001
2 0.62974609375 0.9537291666666666 0.08447656250000009 0.07954166666666664
17 0.41524218749999997 0.9163888888888888 0.10850000000000004 0.14233333333333337
2 0.245609375 0.8914166666666667 0.11176562499999998 0.10486111111111111
19 0.73207421875 0.7474375 0.15597656250000008 0.20598611111111104
7 0.7333164062499999 0.48680555555555555 0.20961718749999997 0.3869444444444445
18 0.28255078125 0.6825972222222222 0.08303906249999997 0.21163888888888888
18 0.36094140625 0.7547152777777778 0.07892968749999998 0.10112499999999992
19 0.5053203125 0.6940069444444446 0.193765625 0.271513888888889
0 0.38041796874999995 0.5665208333333334 0.07363281249999995 0.14054166666666673
12 0.50726171875 0.45625 0.1905390624999999 0.2741666666666666
12 0.49421875000000004 0.249375 0.09781250000000004 0.15291666666666667
16 0.3496875 0.23247916666666665 0.11124999999999999 0.17281944444444444
19 0.43062109375 0.2906666666666667 0.057960937500000045 0.1217222222222222
3 0.59548828125 0.2469027777777778 0.0884765625 0.21300000000000002
19 0.75414453125 0.2073472222222222 0.2479609374999999 0.2619722222222222
19 0.46476171875 0.12231944444444444 0.10007031249999994 0.1928888888888889
0 0.36785546875 0.05694444444444444 0.09796093750000004 0.11388888888888889
18 0.5216484375 0.04928472222222222 0.057937500000000065 0.0955138888888889
2 0.5485078125 0.1000138888888889 0.17696874999999998 0.2000277777777778
19 0.7159960937500001 0.05413194444444445 0.15589843749999996 0.1082638888888889