16 0.74375 0.8826388888888889 0.271875 0.23472222222222222
16 0.62831640625 0.930486111111111 0.08569531250000004 0.13902777777777764
16 0.52790234375 0.9192986111111111 0.11205468750000006 0.16140277777777784
3 0.2634296875 0.8499444444444445 0.08004687500000003 0.19919444444444454
10 0.38292578125 0.8346458333333332 0.0995703125 0.2593194444444445
17 0.4613242187499999 0.8092291666666667 0.09052343749999991 0.13590277777777765
19 0.439171875 0.888611111111111 0.06824999999999992 0.16636111111111107
19 0.4880195312500001 0.8754722222222223 0.05347656250000003 0.07005555555555563
19 0.5972734375 0.7873333333333333 0.07135937499999993 0.129388888888889
17 0.73109765625 0.7048402777777778 0.10311718750000001 0.10801388888888887
14 0.64809765625 0.6468194444444445 0.05875781250000003 0.12247222222222232
12 0.5563125 0.6708541666666666 0.09639062500000009 0.19987500000000002
2 0.48890234374999997 0.6195208333333333 0.12799218749999994 0.2482083333333333
18 0.41785937500000003 0.616875 0.07035937499999996 0.08183333333333327
14 0.39696875 0.7061180555555555 0.051359375000000006 0.07254166666666662
19 0.3073203125 0.6576388888888889 0.042390624999999994 0.06800000000000005
18 0.25873828125 0.6038888888888888 0.04222656249999997 0.06847222222222216
0 0.3624375 0.5559722222222222 0.08445312500000002 0.18527777777777774
3 0.412921875 0.5367013888888889 0.04221874999999997 0.11106944444444448
18 0.68934765625 0.46570833333333334 0.05910156250000007 0.11858333333333333
3 0.609140625 0.48549305555555555 0.11989062500000003 0.21770833333333334
3 0.48603906250000006 0.42127777777777775 0.1553593750000001 0.21883333333333338
19 0.23340234375 0.46322222222222226 0.09194531250000001 0.1963055555555556
2 0.24687890625 0.3768125 0.1438671875 0.17831944444444442
17 0.36424609375 0.27792361111111114 0.08260156250000002 0.2014027777777778
19 0.22865234375000001 0.2458958333333333 0.04500781250000001 0.06876388888888887
16 0.5414140625 0.2910625 0.0654375 0.11256944444444446
12 0.607609375 0.24711805555555558 0.08806250000000002 0.17895833333333336
8 0.8158593749999999 0.1217638888888889 0.13312500000000008 0.2435277777777778
15 0.467203125 0.21688194444444445 0.1190312500000001 0.13956944444444447
18 0.2751328125 0.17407638888888888 0.092875 0.16809722222222223
17 0.3307734375 0.15575 0.066703125 0.1516111111111111
0 0.6592109374999999 0.14074305555555558 0.04812499999999993 0.10356944444444445
19 0.68491015625 0.04566666666666667 0.1590703125000001 0.09133333333333334
19 0.18590625 0.09225694444444446 0.09115625000000001 0.10993055555555556
0 0.24772265625000003 0.035756944444444445 0.09321093749999995 0.07151388888888889
19 0.51013671875 0.06277777777777778 0.18439843749999998 0.12555555555555556