19 0.36287109375000004 0.8606805555555557 0.12405468750000001 0.2786388888888887
8 0.6892421875 0.8877777777777777 0.177140625 0.2244444444444443
19 0.55265625 0.9353333333333335 0.09859375000000004 0.1293333333333332
19 0.44453125 0.9875 0.03828125 0.025
19 0.2046875 0.8986111111111111 0.2390625 0.20277777777777778
17 0.188140625 0.8562777777777778 0.054265625000000005 0.05411111111111116
5 0.2594375 0.847375 0.048968749999999964 0.0694166666666667
19 0.563078125 0.7822638888888889 0.13910937499999995 0.2259166666666667
19 0.44614843749999994 0.7541944444444444 0.10320312499999998 0.14791666666666667
19 0.17098437500000002 0.559048611111111 0.07839062500000002 0.1725972222222222
19 0.2552890625 0.5271597222222222 0.13132812500000002 0.3038472222222222
19 0.477234375 0.5660347222222222 0.18531250000000005 0.30587499999999995
19 0.38658593750000003 0.6759305555555556 0.02757812500000001 0.060777777777777764
17 0.55967578125 0.5959305555555555 0.04633593749999996 0.11766666666666671
15 0.36590234375 0.5090069444444445 0.05738281250000003 0.19212500000000005
12 0.451765625 0.8970347222222222 0.13817187500000006 0.1750694444444444
12 0.20719921875000002 0.41511805555555553 0.05607031249999998 0.09987499999999995
15 0.6116875 0.4534097222222222 0.11814062500000003 0.1835694444444444
19 0.5180703125 0.3853125 0.08973437499999992 0.16651388888888888
19 0.4425703125 0.31412499999999993 0.061765624999999956 0.19411111111111107
14 0.6884609375 0.24031944444444445 0.10698437500000005 0.11130555555555553
8 0.48201953125 0.2956180555555556 0.06077343749999997 0.12745833333333334
5 0.31678515625000003 0.18020833333333333 0.08903906250000002 0.15708333333333335
19 0.21874218750000002 0.12770138888888888 0.04923437499999998 0.09318055555555556
16 0.50220703125 0.06380555555555555 0.09275781250000001 0.1276111111111111