17 0.2639609375 0.9876041666666666 0.05454687499999995 0.024791666666666542
19 0.7953125 0.9527777777777777 0.0875 0.09444444444444444
19 0.454640625 0.8935694444444444 0.22948437500000002 0.2128611111111111
19 0.29549609374999997 0.7870277777777778 0.052382812499999966 0.15152777777777765
19 0.63775 0.8026319444444444 0.10150000000000006 0.2693750000000001
19 0.24100390625 0.7021666666666667 0.12991406249999998 0.13552777777777783
19 0.5969921874999999 0.618451388888889 0.12671875000000005 0.14531944444444445
7 0.77002734375 0.5745208333333334 0.08560156250000003 0.1600416666666667
2 0.28323046875 0.49974305555555554 0.15466406250000003 0.2948194444444444
2 0.41433593750000003 0.4906041666666667 0.09168749999999996 0.11351388888888891
2 0.56577734375 0.4769930555555555 0.2173828125 0.2287361111111112
19 0.29689453125000004 0.4842152777777778 0.06696093750000003 0.17765277777777774
19 0.44519140625000003 0.4541111111111111 0.16802343749999996 0.1572777777777778
19 0.6991406250000001 0.486875 0.06809375000000006 0.10641666666666667
19 0.6420156250000001 0.4623472222222223 0.05871875000000006 0.12250000000000007
19 0.37776171875000003 0.3386041666666667 0.0412109375 0.14654166666666668
19 0.49572656249999997 0.32030555555555557 0.22149999999999997 0.16849999999999996
19 0.23714062499999997 0.2548888888888889 0.042234374999999956 0.057555555555555554
17 0.84033203125 0.3138888888888889 0.08653906249999999 0.17399999999999996
19 0.37019531250000004 0.15057638888888888 0.113671875 0.206625
19 0.562421875 0.21097222222222223 0.07293749999999992 0.07833333333333332
7 0.678015625 0.146875 0.16400000000000006 0.28347222222222224
19 0.46071875 0.16268055555555555 0.10512499999999995 0.13122222222222224
19 0.54409375 0.11022222222222222 0.08664062500000007 0.13369444444444448
19 0.45760546875 0.05986111111111112 0.13186718749999998 0.11722222222222223
19 0.26026953124999996 0.030847222222222224 0.07942968749999997 0.06169444444444445
15 0.56938671875 0.030847222222222224 0.07314843750000008 0.06169444444444445