19 0.35007421875 0.9607847222222222 0.0724609375 0.07843055555555559
19 0.44383984375 0.805875 0.35403906250000006 0.38824999999999993
19 0.67578125 0.96875 0.053125 0.0625
19 0.524421875 0.9392013888888889 0.06284375000000005 0.12159722222222216
19 0.5178203125 0.8127222222222221 0.054062500000000034 0.08819444444444445
2 0.4681875 0.8789027777777777 0.09707812499999999 0.2421944444444446
17 0.4979609375000001 0.7646736111111112 0.10146875000000008 0.15490277777777775
19 0.615421875 0.7470277777777778 0.05625 0.1
19 0.8265156250000001 0.7527222222222221 0.04607812500000001 0.07302777777777768
19 0.79795703125 0.6989722222222222 0.03530468750000004 0.06663888888888891
7 0.20071484375 0.6754583333333333 0.060664062499999984 0.11372222222222221
16 0.23492968749999998 0.5827847222222222 0.10260937500000003 0.1773472222222223
8 0.6959453124999999 0.5376944444444445 0.14226562499999992 0.23625000000000004
12 0.43509374999999995 0.542138888888889 0.11031250000000004 0.19611111111111118
15 0.61258203125 0.554375 0.07516406250000003 0.12049999999999998
19 0.7435859375 0.6501597222222222 0.04081250000000001 0.05881944444444447
19 0.5340312500000001 0.5236944444444444 0.06287500000000001 0.05686111111111119
19 0.5435546875 0.5691250000000001 0.02318750000000005 0.04905555555555562
19 0.41744921875 0.4858055555555555 0.16985156250000003 0.2224444444444444
19 0.4007890625 0.28102777777777777 0.12021875000000004 0.2131666666666667
19 0.35717578125 0.21113888888888888 0.042007812499999984 0.05488888888888886
12 0.5430703125 0.3437847222222222 0.212875 0.3425694444444445
10 0.4723984375 0.17027083333333334 0.09379687499999996 0.10918055555555557
2 0.65887890625 0.2778125 0.054039062500000054 0.10587500000000002
15 0.65384375 0.16436111111111112 0.11918749999999996 0.13655555555555554
0 0.45384375 0.052125000000000005 0.05845312499999995 0.1
19 0.41578906250000003 0.1482013888888889 0.061765624999999956 0.1862638888888889
10 0.5955703125 0.09910416666666667 0.15 0.19820833333333335
19 0.22387890625 0.050166666666666665 0.020960937500000033 0.05294444444444443