19 0.35751171875 0.9512430555555556 0.12153906249999995 0.09751388888888894
18 0.27029296875000003 0.9659583333333334 0.05582031250000004 0.0680833333333333
7 0.50750390625 0.8926388888888888 0.13433593750000003 0.2147222222222221
17 0.709484375 0.9683888888888889 0.05603125000000002 0.0632222222222222
12 0.69179296875 0.8880138888888889 0.12924218750000005 0.21733333333333335
17 0.61045703125 0.8578958333333333 0.07267968749999998 0.16809722222222218
0 0.33675781250000003 0.7420347222222222 0.111328125 0.22034722222222228
10 0.41184765624999997 0.8290555555555557 0.06108593750000004 0.19672222222222205
19 0.34005078125000004 0.8793750000000001 0.015101562500000032 0.08322222222222232
19 0.49038281249999993 0.7464444444444444 0.05982812499999994 0.1242777777777778
12 0.34099218750000004 0.5197638888888889 0.15895312500000003 0.28638888888888897
19 0.5167890625 0.6553958333333333 0.1946406249999999 0.1622916666666666
19 0.50520703125 0.4847222222222222 0.11091406250000002 0.12294444444444443
19 0.6063046875 0.40785416666666663 0.11545312499999998 0.2082083333333333
19 0.6408515625 0.3251527777777778 0.14282812499999994 0.2799722222222223
19 0.7344609375 0.33452777777777776 0.07375000000000007 0.26555555555555554
19 0.6823515625 0.5329722222222222 0.022421875000000036 0.03983333333333326
17 0.5393242187499999 0.34015972222222224 0.08074218749999992 0.1237916666666667
17 0.39212109375 0.23031249999999998 0.07013281249999999 0.16243055555555555
19 0.34508203125 0.26715972222222223 0.019539062499999992 0.037624999999999964
19 0.20309375 0.23148611111111114 0.08209375000000001 0.13702777777777775
19 0.82480859375 0.21397222222222223 0.12303906249999992 0.17205555555555554
19 0.494703125 0.18830555555555553 0.11481250000000003 0.22922222222222216
18 0.5686484375 0.10164583333333334 0.06098437499999996 0.0936527777777778
19 0.59764453125 0.017875 0.04096093750000005 0.03575
3 0.25387499999999996 0.017527777777777778 0.03998437499999996 0.035055555555555555
19 0.51526953125 0.5715138888888889 0.017945312500000022 0.0313055555555555
18 0.11199218749999999 0.13903472222222224 0.10217187500000002 0.2780694444444445