19 0.438671875 0.9673611111111111 0.0859375 0.06527777777777778
19 0.6027890625000001 0.9723611111111111 0.12598437499999998 0.05527777777777772
16 0.47350000000000003 0.8467361111111111 0.17448437499999997 0.30652777777777784
10 0.649703125 0.8929652777777777 0.09653124999999996 0.2140694444444446
8 0.7120468750000001 0.7029097222222223 0.2691406250000001 0.474736111111111
19 0.3916875 0.7906597222222221 0.075390625 0.16951388888888883
2 0.25824609375 0.7481666666666666 0.1974140625 0.21727777777777785
19 0.45736718750000005 0.5217222222222222 0.119140625 0.26805555555555555
8 0.26702734375 0.6004583333333334 0.10755468749999997 0.4570277777777777
8 0.548375 0.5390833333333334 0.12859374999999992 0.3054166666666666
17 0.3363984375 0.6586111111111111 0.05081249999999997 0.12747222222222226
17 0.40392578125 0.6509097222222222 0.08407031249999997 0.10990277777777777
17 0.510046875 0.6621319444444443 0.05934375000000003 0.08131944444444437
12 0.6025 0.3826805555555556 0.07710937500000004 0.13180555555555554
19 0.22852734375 0.3633888888888889 0.06799218749999998 0.1518333333333333
19 0.36834765625 0.48186111111111113 0.09642968750000006 0.23061111111111107
19 0.44128124999999996 0.4111111111111111 0.057859374999999956 0.11452777777777778
19 0.49963281249999997 0.2710902777777778 0.077140625 0.274125
19 0.35954687500000004 0.1511111111111111 0.20549999999999996 0.3022222222222222
19 0.26498046875 0.2614166666666667 0.01780468749999997 0.03505555555555557
17 0.70510546875 0.29870138888888886 0.04302343749999995 0.08704166666666668
17 0.616578125 0.15357638888888886 0.07465624999999995 0.14451388888888891
19 0.4261796875 0.058875000000000004 0.04168749999999992 0.10813888888888887
18 0.20068359375 0.08548611111111111 0.1930078125 0.17097222222222222
7 0.46400390625 0.04064583333333333 0.0580078125 0.08129166666666666
7 0.6791171874999999 0.07493055555555556 0.19448437500000004 0.1498611111111111
19 0.33138671875000003 0.3461527777777778 0.14852343750000002 0.1831388888888889
10 0.284171875 0.8196388888888889 0.17709375000000002 0.1882222222222222