19 0.31450781250000004 0.9672083333333333 0.03901562500000004 0.06558333333333337
19 0.51495703125 0.969048611111111 0.05322656250000009 0.06190277777777769
19 0.612 0.975826388888889 0.03606250000000007 0.048347222222222146
12 0.4702265625 0.9426736111111111 0.05923437499999995 0.11465277777777771
12 0.5475625 0.8728958333333333 0.11851562500000004 0.12643055555555552
19 0.32275390625 0.8615069444444444 0.02369531250000003 0.07509722222222213
19 0.38598828125 0.7344791666666667 0.2376015625 0.18873611111111102
19 0.65851953125 0.7304652777777777 0.14713281249999993 0.33193055555555556
12 0.46203906250000004 0.8085347222222222 0.06284375000000005 0.1634583333333334
19 0.42733984375 0.8522708333333333 0.012851562500000035 0.02009722222222226
3 0.587515625 0.6856805555555555 0.112296875 0.13736111111111107
14 0.5434257812500001 0.6552847222222222 0.0710859375 0.12270833333333336
19 0.71342578125 0.48759027777777786 0.09063281249999999 0.17143055555555564
19 0.6755078125 0.42948611111111107 0.07160937500000006 0.0845833333333333
19 0.47582812499999994 0.43484722222222216 0.05478124999999991 0.2603055555555555
19 0.2837265625 0.4023611111111111 0.04914062499999998 0.14172222222222222
2 0.53894921875 0.5398263888888889 0.05933593750000003 0.12131944444444448
8 0.57884765625 0.45990277777777777 0.17017968749999995 0.2881944444444444
19 0.72304296875 0.3563819444444445 0.0619140625 0.15201388888888892
19 0.6325390625 0.24640972222222224 0.10404687500000005 0.14556944444444445
19 0.35249609375 0.17998611111111112 0.07125781250000003 0.16919444444444443
19 0.388359375 0.2995763888888889 0.014406250000000042 0.022958333333333296
18 0.46355859375 0.22468055555555552 0.14835156249999995 0.15924999999999997
18 0.28 0.1499722222222222 0.07750000000000004 0.14244444444444443
19 0.56098828125 0.04895833333333333 0.03616406249999997 0.09724999999999998
19 0.48531640624999994 0.09383333333333334 0.08447656250000009 0.1796666666666667
19 0.28334374999999995 0.04163194444444444 0.07015624999999996 0.08259722222222222
19 0.19067578125 0.12231944444444444 0.06799218749999998 0.11172222222222222
17 0.18758593750000002 0.03705555555555556 0.057687500000000023 0.07344444444444445
17 0.40805078124999994 0.09575694444444444 0.07211718749999996 0.12820833333333334
7 0.3452109375 0.06095833333333334 0.057687500000000023 0.12088888888888888
17 0.42225390625000003 0.018756944444444444 0.06185156250000001 0.03751388888888889