18 0.38603125 0.9598611111111112 0.05684374999999999 0.08027777777777771
19 0.47232421875 0.8516736111111112 0.19985156249999997 0.29665277777777777
12 0.24209375 0.9104375 0.10159374999999997 0.17912500000000003
2 0.542890625 0.5588958333333333 0.37796874999999996 0.5364027777777778
18 0.566078125 0.9011527777777778 0.16237499999999994 0.19269444444444445
12 0.22254296875000001 0.7951319444444445 0.11086718749999998 0.20443055555555564
10 0.6612148437500001 0.6380416666666667 0.08591406250000003 0.24075000000000005
17 0.3287734375 0.542423611111111 0.070203125 0.16154166666666658
19 0.7192187499999999 0.6150347222222222 0.07390624999999992 0.16534722222222215
19 0.31865625 0.42309722222222224 0.07653125000000002 0.09841666666666668
10 0.5022890625 0.7196388888888888 0.08257812500000003 0.20522222222222222
19 0.32099609375 0.8877013888888888 0.08000781249999997 0.22459722222222228
17 0.24965625 0.256375 0.09415624999999998 0.17419444444444446
18 0.31187109375000005 0.2455972222222222 0.05092968750000004 0.10158333333333332
10 0.4080859375 0.23923611111111112 0.113671875 0.1909722222222222
19 0.49795703125 0.12958333333333333 0.17580468749999997 0.25916666666666666
19 0.71016796875 0.25529861111111113 0.11716406250000003 0.24809722222222222
19 0.8138945312500001 0.38279861111111113 0.07585156250000002 0.20481944444444447
10 0.6046796875 0.07015972222222222 0.09201562499999998 0.14020833333333335
6 0.2316484375 0.09077777777777778 0.153890625 0.18155555555555555
17 0.33210546874999997 0.10763194444444445 0.07080468749999999 0.10506944444444445
19 0.5497265625000001 0.32972222222222225 0.03623437500000008 0.03594444444444444
19 0.30090625000000004 0.030277777777777775 0.061515625000000004 0.05841666666666667
18 0.11199218749999999 0.13903472222222224 0.10217187500000002 0.2780694444444445