19 0.30108984375 0.9733958333333333 0.04952343749999999 0.05320833333333326
19 0.6356601562499999 0.9857777777777778 0.02664843749999992 0.02844444444444447
19 0.8148984374999999 0.9671388888888888 0.05023437500000005 0.06572222222222214
19 0.7882851562500001 0.6277291666666667 0.12450781249999991 0.2633472222222222
19 0.4316328125 0.7191805555555555 0.030015625000000056 0.041111111111111064
19 0.51666796875 0.6655763888888888 0.019429687499999914 0.04079166666666667
2 0.44233203125 0.5304027777777778 0.2193203125 0.32902777777777775
19 0.21296484375000002 0.7693888888888888 0.03169531250000002 0.03622222222222212
19 0.20255078124999998 0.6146944444444445 0.12739843749999996 0.20688888888888893
19 0.6073828124999999 0.6541666666666667 0.01414062499999993 0.03722222222222216
19 0.3059765625 0.4738819444444444 0.029812499999999974 0.10770833333333327
19 0.564703125 0.47031944444444446 0.14834375000000008 0.18263888888888888
19 0.55887109375 0.3781527777777777 0.015273437499999964 0.02955555555555552
19 0.48209375000000004 0.32645833333333335 0.12045312500000005 0.12305555555555558
19 0.27976171875 0.20462499999999997 0.08233593749999998 0.34674999999999995
3 0.429296875 0.14515972222222223 0.14562500000000003 0.2672638888888889
2 0.532109375 0.11679166666666667 0.17687500000000006 0.23358333333333334
19 0.8214453125000001 0.14641666666666667 0.137109375 0.29283333333333333
18 0.343390625 0.122375 0.08062500000000003 0.11147222222222225
3 0.41536328125 0.05488888888888889 0.08325781249999994 0.10977777777777778
11 0.6231484375 0.0065 0.021499999999999984 0.013
18 0.11199218749999999 0.13903472222222224 0.10217187500000002 0.2780694444444445