19 0.2191953125 0.9858819444444443 0.03395312500000003 0.02823611111111101
0 0.467453125 0.9822569444444444 0.10431249999999999 0.035486111111111045
17 0.33789453125 0.8246597222222222 0.08361718749999998 0.20976388888888886
17 0.50413671875 0.8874166666666666 0.059554687500000016 0.11569444444444438
17 0.514171875 0.8329097222222221 0.08492187500000004 0.11959722222222208
19 0.46962890625 0.8858333333333335 0.031070312499999985 0.06002777777777782
19 0.24033203125 0.8197361111111111 0.09264843750000003 0.20966666666666672
19 0.58026171875 0.8209444444444445 0.06352343749999996 0.10611111111111124
12 0.70048046875 0.7620972222222223 0.07941406250000008 0.12488888888888891
9 0.37553515625 0.45193055555555556 0.2553671875 0.4412500000000001
19 0.5094335937500001 0.64475 0.2691171875 0.24025000000000002
19 0.6215390624999999 0.7162083333333332 0.10707812499999995 0.1490833333333333
14 0.76779296875 0.7342847222222222 0.08724218750000005 0.11765277777777783
19 0.35203515625 0.6349375 0.022976562499999974 0.028597222222222267
19 0.508765625 0.7539930555555555 0.048562500000000064 0.041597222222222285
14 0.24005078124999998 0.5007916666666667 0.08713281249999998 0.10980555555555548
19 0.52687890625 0.5236944444444446 0.10367968750000003 0.21569444444444438
19 0.46234765625000007 0.6129444444444444 0.04741406250000004 0.08033333333333338
19 0.6482890625 0.5691805555555556 0.061765624999999956 0.13333333333333333
19 0.83987109375 0.5358541666666666 0.043007812500000145 0.05490277777777774
19 0.7134765625 0.41347916666666673 0.026015624999999966 0.048347222222222146
12 0.534171875 0.37432638888888886 0.09956250000000004 0.16156944444444446
17 0.26336328125 0.2485625 0.07172656249999995 0.1489861111111111
14 0.4812187499999999 0.2675416666666667 0.09793749999999993 0.13200000000000003
7 0.57518359375 0.2773541666666667 0.07014843749999997 0.17823611111111118
19 0.46290624999999996 0.36098611111111106 0.05293749999999999 0.13177777777777777
19 0.369015625 0.2228888888888889 0.14146874999999998 0.14772222222222225
12 0.48738281249999993 0.15369444444444444 0.08210937499999993 0.15044444444444444
19 0.22612890624999998 0.07147222222222223 0.08205468749999997 0.14294444444444446
19 0.40811328125 0.08529861111111112 0.11514843749999995 0.1576527777777778
13 0.549734375 0.05235416666666666 0.17073437499999997 0.09176388888888888