19 0.48671875 0.9770833333333333 0.10234375 0.04583333333333333
18 0.41691406249999996 0.9890972222222222 0.059609374999999964 0.02180555555555562
17 0.70056640625 0.9251180555555555 0.06350781249999997 0.14976388888888878
12 0.49410546874999994 0.8368958333333334 0.05647656249999997 0.08676388888888893
18 0.5866171875 0.8711111111111112 0.03842187500000005 0.08125
19 0.44782421874999995 0.8242152777777777 0.025679687499999916 0.044958333333333184
18 0.47309375000000004 0.6835972222222222 0.15990625000000006 0.23113888888888884
17 0.39700390625 0.7446666666666666 0.06391406249999995 0.11594444444444447
3 0.60326953125 0.45646527777777773 0.33549218750000004 0.6601527777777777
12 0.20542578125 0.6210972222222222 0.07932031249999998 0.1754166666666666
18 0.51340625 0.49709722222222225 0.05779687500000001 0.08552777777777784
19 0.44154296875 0.5700833333333333 0.026945312500000006 0.035416666666666666
8 0.44604687499999995 0.3504027777777778 0.12710937500000002 0.29458333333333336
18 0.573203125 0.16555555555555554 0.10875000000000004 0.2072222222222222
13 0.22735546874999998 0.22586111111111112 0.21116406249999997 0.3422777777777778
8 0.51008984375 0.20988194444444447 0.05135156250000002 0.21448611111111113
0 0.36735546875 0.09088888888888888 0.10783593750000002 0.18177777777777776
17 0.45747265624999994 0.10235416666666666 0.07702343749999993 0.16704166666666664
18 0.2867578125 0.130625 0.07804687499999999 0.26125
3 0.6016562499999999 0.07870138888888889 0.11553125000000009 0.15740277777777778
18 0.2280625 0.0368125 0.07253125000000002 0.073625
3 0.51400390625 0.059631944444444446 0.05777343750000004 0.11926388888888889
19 0.6895156250000001 0.04765277777777778 0.08029687499999998 0.09530555555555556