17 0.49642968749999994 0.8660625000000001 0.074609375 0.13084722222222228
14 0.4611484375 0.804 0.103515625 0.24222222222222228
3 0.2772890625 0.8178333333333332 0.18354687499999997 0.24047222222222212
12 0.25891015624999997 0.6642638888888889 0.07814843749999997 0.1363611111111112
11 0.44020312500000003 0.6575833333333333 0.14762500000000003 0.19849999999999995
0 0.54583984375 0.5736111111111111 0.05289843750000003 0.17105555555555552
11 0.46135546875000005 0.5924583333333332 0.12082031250000007 0.3601944444444443
14 0.29391015625 0.623625 0.16827343749999998 0.3446944444444445
2 0.36835546875 0.48543055555555553 0.08566406250000003 0.15105555555555555
17 0.49194531249999995 0.30804861111111115 0.08189062499999995 0.155875
7 0.28021484374999994 0.23689583333333333 0.20074218750000003 0.3476805555555556
18 0.42428125000000005 0.3089375 0.08762500000000002 0.15279166666666666
10 0.628984375 0.2549236111111111 0.08031249999999997 0.23373611111111106
14 0.8043085937499999 0.16340972222222222 0.09997656249999994 0.1620972222222222
17 0.5169648437500001 0.18785416666666666 0.08513281250000002 0.11237499999999997
17 0.4259453125 0.17137499999999997 0.09184374999999996 0.12136111111111109
18 0.6161679687499999 0.10561805555555556 0.16744531249999994 0.21123611111111112
17 0.72490234375 0.05371527777777777 0.07667968750000007 0.10743055555555554
7 0.30324609375 0.08954166666666666 0.19171093749999998 0.17908333333333332
3 0.42392578125 0.13268749999999999 0.1615234375 0.26537499999999997
8 0.6020546875 0.9363194444444444 0.08276562500000004 0.12736111111111117
17 0.3862890625 0.9466805555555554 0.08875000000000002 0.09736111111111098
2 0.503125 0.9701388888888889 0.08984375 0.059722222222222225
2 0.6040546874999999 0.8340138888888889 0.11837499999999998 0.21102777777777784
18 0.4295859375 0.5031041666666667 0.07085937500000003 0.22354166666666672
17 0.2858671875 0.5090277777777777 0.036968750000000036 0.07805555555555561
19 0.39677734375 0.8265277777777779 0.07547656249999997 0.1304166666666668