19 0.6665859375000001 0.9531458333333334 0.08170312499999995 0.09370833333333337
19 0.70891015625 0.9753888888888889 0.02932031249999998 0.0492222222222223
9 0.48196875000000006 0.9084722222222222 0.16475000000000004 0.1830555555555555
2 0.23668750000000002 0.9338819444444444 0.15443750000000003 0.13223611111111117
19 0.533734375 0.7171666666666667 0.11140624999999993 0.22708333333333333
19 0.5678164062500001 0.8664236111111112 0.06889843750000005 0.07212500000000009
3 0.61528125 0.8624930555555556 0.08510937500000004 0.16390277777777776
17 0.47358593750000005 0.7699722222222222 0.06893750000000001 0.12266666666666658
19 0.59177734375 0.7042569444444444 0.03546093750000008 0.07204166666666667
19 0.5624921875 0.5881597222222221 0.03951562499999994 0.1693194444444444
19 0.20968749999999997 0.6611805555555555 0.024312500000000004 0.03602777777777785
19 0.40650390625000005 0.8137777777777779 0.028367187499999957 0.03461111111111121
8 0.67217578125 0.5961319444444445 0.21316406249999992 0.2841805555555555
7 0.26652343749999996 0.5518333333333333 0.12210937499999996 0.1271944444444445
17 0.45433203125 0.5990277777777777 0.07739843749999994 0.21394444444444438
19 0.355828125 0.5620416666666667 0.051796874999999964 0.07819444444444439
19 0.6845000000000001 0.32110416666666663 0.10617187500000007 0.18129166666666663
19 0.30279296875000006 0.36138194444444444 0.11988281250000003 0.2801527777777778
7 0.8168984374999999 0.43330555555555555 0.10832812499999997 0.30188888888888893
18 0.1862734375 0.4093541666666667 0.10182812500000002 0.1899027777777778
17 0.43269531250000004 0.4031180555555556 0.08145312499999999 0.1619861111111111
19 0.35508984375 0.45077083333333334 0.014898437500000038 0.02826388888888892
19 0.44685546875000004 0.28250694444444446 0.09872656250000005 0.15109722222222224
14 0.546015625 0.3191458333333333 0.10817187500000003 0.15415277777777775
12 0.49450781250000003 0.1515625 0.11504687499999999 0.17798611111111107
19 0.40316015624999996 0.07734722222222222 0.07016406249999996 0.1521944444444444
19 0.43926953125 0.035513888888888887 0.05769531249999993 0.07102777777777777