11 0.325734375 0.9440972222222223 0.05149999999999997 0.11180555555555556
19 0.429296875 0.94375 0.08125 0.1125
19 0.416015625 0.8611111111111112 0.16796875 0.2777777777777778
19 0.59878125 0.8427083333333333 0.182421875 0.3145833333333333
17 0.72532421875 0.8731527777777777 0.08241406250000001 0.10183333333333325
19 0.516984375 0.8704444444444445 0.08664062500000007 0.259111111111111
19 0.72783203125 0.6649791666666667 0.10308593750000003 0.3630138888888889
19 0.30148828125 0.7917638888888888 0.04219531249999999 0.09555555555555549
2 0.46708984375 0.6504166666666666 0.08447656250000009 0.28275000000000006
10 0.5501601562499999 0.7192152777777778 0.08914843749999993 0.23109722222222212
19 0.58889453125 0.5370694444444445 0.16203906250000005 0.20863888888888893
19 0.60758203125 0.5651041666666666 0.16282031250000006 0.23615277777777774
19 0.39076953125 0.3905277777777778 0.13464843750000002 0.3162499999999999
19 0.5109296875 0.3554236111111111 0.16832812500000002 0.2965694444444444
19 0.28143359375 0.2176736111111111 0.13567968749999998 0.20479166666666665
16 0.23781249999999998 0.3636388888888889 0.11145312499999997 0.17861111111111114
19 0.25773437499999996 0.042916666666666665 0.07093749999999996 0.08583333333333333
19 0.6311914062499999 0.31921527777777775 0.04471093750000001 0.12156944444444441
19 0.69828125 0.2054652777777778 0.09453125 0.16954166666666665
17 0.5301953125 0.19164583333333332 0.057578125000000036 0.08440277777777777
17 0.60898046875 0.15564583333333332 0.10877343750000001 0.123875
17 0.70700390625 0.06161111111111111 0.08005468750000003 0.10877777777777776
19 0.31641796875 0.044527777777777784 0.0567421875 0.08905555555555557
2 0.43293359374999996 0.06250694444444445 0.16210156250000002 0.1250138888888889
2 0.44154296875 0.1763472222222222 0.13880468750000002 0.11347222222222221
15 0.54488671875 0.06160416666666666 0.09219531249999999 0.12320833333333332
19 0.6249296875000001 0.05477083333333334 0.09017187500000005 0.10806944444444445
19 0.4952421875 0.01927777777777778 0.03343749999999997 0.03855555555555556