17 0.57982421875 0.9298680555555555 0.07646093749999991 0.1402638888888889
17 0.288671875 0.9569444444444445 0.07265625 0.08611111111111111
19 0.6296328125 0.8641041666666667 0.07823437500000008 0.10876388888888881
19 0.30947265625 0.8262083333333333 0.08091406249999995 0.14083333333333345
19 0.39608984375 0.7926597222222223 0.07494531250000006 0.11981944444444442
17 0.6160039062499999 0.5745833333333333 0.06846093750000008 0.11755555555555554
19 0.46391015625 0.8222916666666668 0.03163281250000001 0.1797500000000001
11 0.6057304687499999 0.7635000000000001 0.11374218749999994 0.09797222222222217
14 0.6012734375000001 0.6841527777777778 0.1319218750000001 0.10736111111111113
11 0.7106875 0.6059999999999999 0.11909375000000004 0.3951111111111111
19 0.46908984375000007 0.6396944444444445 0.08182031250000002 0.19663888888888886
19 0.39444140625 0.5649652777777777 0.03278906250000002 0.06773611111111108
12 0.61012109375 0.40099305555555553 0.07166406250000001 0.12854166666666664
16 0.51871875 0.37295138888888885 0.13178125000000004 0.23395833333333335
19 0.419203125 0.4858611111111111 0.09831249999999998 0.1731111111111111
19 0.48464453125 0.5090277777777777 0.09853906250000008 0.09700000000000004
19 0.4009765625 0.2982430555555556 0.107421875 0.20623611111111112
19 0.46767578125 0.19795833333333335 0.07996093749999993 0.14325
2 0.5593320312500001 0.03208333333333334 0.07022656250000008 0.06416666666666668
18 0.55801953125 0.1509722222222222 0.07950781249999998 0.18386111111111111
3 0.42609375 0.11957638888888888 0.12804687500000003 0.23915277777777777
19 0.5108789062500001 0.07954861111111111 0.06261718750000007 0.15909722222222222
16 0.23999609375 0.04765277777777778 0.08372656249999999 0.09530555555555556