19 0.4967265625 0.9482361111111112 0.04803125000000001 0.08513888888888882
17 0.5701484375000001 0.9433958333333333 0.07414062500000007 0.11320833333333333
17 0.7335078125000001 0.9215625 0.08273437500000007 0.12076388888888895
19 0.8087031250000001 0.8254375 0.06370312499999997 0.10784722222222234
9 0.762921875 0.7502847222222223 0.12101562499999999 0.2244027777777777
19 0.5486328125 0.8643333333333333 0.07920312500000008 0.14833333333333326
8 0.58411328125 0.785486111111111 0.11410156249999996 0.18205555555555553
19 0.4139765625 0.8683611111111111 0.08393750000000004 0.21563888888888888
17 0.4471796875 0.826777777777778 0.07279687500000005 0.1370277777777779
19 0.34803515625 0.8804166666666666 0.049539062499999974 0.07369444444444437
19 0.260390625 0.9737152777777777 0.03895312500000001 0.04729166666666661
19 0.435015625 0.7217708333333333 0.11829687500000001 0.13662499999999994
19 0.5093476562499999 0.6455902777777777 0.10010156250000009 0.1600416666666666
19 0.6591367187499999 0.5765902777777777 0.20396093749999994 0.2507916666666666
16 0.28856249999999994 0.692236111111111 0.13753124999999997 0.21494444444444444
19 0.36461328125000003 0.5722083333333333 0.09710156250000002 0.1779722222222222
19 0.44478906250000005 0.5759861111111111 0.09357812499999998 0.1595277777777778
8 0.26372656250000004 0.5741944444444445 0.11312499999999996 0.13208333333333336
16 0.40081249999999996 0.4352222222222222 0.10024999999999995 0.1401666666666666
12 0.5029609374999999 0.37793750000000004 0.08984375 0.19915277777777776
19 0.56681640625 0.4198333333333333 0.0830078125 0.12336111111111102
19 0.62301171875 0.39848611111111115 0.0658203125 0.09986111111111108
19 0.40233203125 0.32805555555555554 0.0859296875 0.14558333333333337
19 0.5784140625 0.3103472222222222 0.07682812499999994 0.08272222222222222
3 0.711296875 0.2415972222222222 0.14275000000000002 0.26458333333333334
19 0.50155078125 0.23550694444444445 0.24575781249999995 0.12934722222222222
19 0.2083203125 0.336375 0.029328124999999993 0.07011111111111114
14 0.25482031250000003 0.04909722222222222 0.06979687500000002 0.09819444444444445
19 0.3190234375 0.09673611111111112 0.11726562500000001 0.19347222222222224
16 0.41408203125 0.10179166666666666 0.07886718750000003 0.15458333333333335
12 0.48840234374999997 0.08595138888888888 0.09200781249999998 0.17190277777777777
12 0.5626875 0.07731249999999999 0.08009374999999999 0.149625
17 0.6195859375 0.06406944444444444 0.03862500000000004 0.1156388888888889
19 0.745296875 0.1131388888888889 0.06824999999999992 0.12877777777777777
17 0.45650781250000005 0.31475000000000003 0.04564062500000006 0.11130555555555553