19 0.21839843750000001 0.9904166666666667 0.021796874999999983 0.019166666666666603
19 0.425 0.9118055555555555 0.19375 0.1763888888888889
2 0.6394140625 0.9746527777777778 0.06554687500000007 0.050694444444444445
6 0.6837695312500001 0.8880833333333334 0.08294531250000006 0.13847222222222227
19 0.5793046875 0.8785972222222223 0.18246874999999996 0.23705555555555563
17 0.18841015625000002 0.8672986111111112 0.08425781250000001 0.16209722222222228
8 0.6167773437499999 0.7924444444444445 0.1809453125000001 0.13808333333333345
12 0.49849999999999994 0.7645972222222223 0.10281249999999993 0.17152777777777778
14 0.24843359375000001 0.7598958333333333 0.05949218749999998 0.08412499999999991
19 0.37778906249999994 0.6048472222222222 0.07303124999999996 0.13813888888888895
18 0.1699453125 0.6327777777777778 0.14146874999999998 0.22261111111111115
19 0.76713671875 0.7149791666666666 0.08841406249999997 0.13573611111111114
19 0.6986640625 0.6514444444444445 0.09184374999999996 0.1216666666666667
17 0.62080859375 0.6521666666666667 0.06488281249999997 0.1366388888888889
19 0.58230859375 0.5918819444444445 0.11957031249999997 0.16384722222222226
12 0.47097656250000003 0.5363958333333333 0.11557812500000005 0.18859722222222217
19 0.8001992187500001 0.5603472222222222 0.06369531250000007 0.11144444444444446
19 0.493328125 0.6490069444444445 0.04604687500000004 0.06681944444444446
17 0.6791171874999999 0.5804027777777777 0.07182812500000005 0.13125
17 0.73514453125 0.43352777777777773 0.08491406250000004 0.13163888888888886
19 0.43059375 0.43697916666666664 0.05064062499999995 0.09587499999999996
19 0.38626562499999995 0.4087361111111111 0.052281250000000015 0.07716666666666659
17 0.67266796875 0.46127083333333335 0.046117187499999976 0.0734027777777778
19 0.5698515625 0.48231250000000003 0.05282812499999991 0.0629583333333334
8 0.6766015625 0.14694444444444446 0.17554687500000005 0.2927777777777778
19 0.5784374999999999 0.2531458333333333 0.29625 0.5062916666666666
3 0.8497265624999999 0.32630555555555557 0.14585937499999996 0.2513888888888889
19 0.24187109375000002 0.5090277777777777 0.1827265625 0.4302777777777777
19 0.28828125 0.2901875 0.07523437499999996 0.08654166666666667
19 0.464375 0.20764583333333334 0.18564062500000006 0.24445833333333333
12 0.27691015625 0.12147916666666667 0.0850703125 0.16184722222222225
12 0.20734765624999998 0.08247222222222222 0.07235156250000001 0.16494444444444445
12 0.79464453125 0.1366666666666667 0.08852343749999995 0.1456111111111111
12 0.78483984375 0.22836805555555556 0.050226562499999974 0.06848611111111111
10 0.8208593750000001 0.0697013888888889 0.08129687499999996 0.1394027777777778