19 0.47421875 0.9659722222222222 0.071875 0.06805555555555555
19 0.55398828125 0.8814166666666666 0.0867109375 0.23716666666666666
19 0.41122265625 0.964625 0.04963281249999998 0.07075000000000008
8 0.17720703124999998 0.9725069444444443 0.04386718749999998 0.054986111111111
19 0.2883203125 0.9317430555555556 0.04276562500000001 0.049013888888888836
10 0.4497578125 0.8311388888888889 0.11714062500000004 0.25719444444444456
10 0.747609375 0.7171666666666667 0.1374062500000001 0.23055555555555557
17 0.1846953125 0.8263402777777779 0.084234375 0.161125
17 0.24307421875 0.8237083333333334 0.04963281249999998 0.12036111111111122
19 0.49679296875 0.7914166666666668 0.05161718749999995 0.08469444444444447
17 0.22211328125000002 0.6758125 0.07278906249999999 0.1341249999999999
19 0.45390625 0.6477430555555556 0.148234375 0.31195833333333345
19 0.69466015625 0.5999583333333333 0.10719531250000003 0.15891666666666662
19 0.28498046875000005 0.4570625 0.08338281250000001 0.12470833333333328
19 0.5171523437500001 0.4866111111111111 0.14646093750000003 0.17375000000000004
19 0.40884374999999995 0.3887083333333333 0.05192187500000003 0.12741666666666668
2 0.23108593749999998 0.31401388888888887 0.25689062499999993 0.6005833333333334
2 0.66077734375 0.43640972222222224 0.07014843749999997 0.11798611111111118
19 0.5660390625 0.48447916666666674 0.12970312499999997 0.1837638888888888
18 0.53071484375 0.2889513888888889 0.10100781249999997 0.21345833333333333
12 0.68511328125 0.1592222222222222 0.1691328125 0.25961111111111107
18 0.4485546875 0.27734027777777776 0.07814062499999999 0.20173611111111112
19 0.7762109374999999 0.25370833333333337 0.09007812500000005 0.11758333333333329
19 0.581671875 0.312125 0.027578124999999964 0.04313888888888889
19 0.8730351562499999 0.2849861111111111 0.022976562499999888 0.027194444444444424
18 0.80347265625 0.16957638888888887 0.07610156249999997 0.1549027777777778
17 0.2222265625 0.04996527777777778 0.09375 0.09606944444444444
14 0.40144921875 0.07449305555555555 0.09485156250000001 0.1489861111111111
2 0.51670703125 0.06175 0.13786718750000002 0.1235
2 0.7847265625000001 0.03822222222222222 0.21728124999999993 0.07644444444444444
19 0.27847265625 0.02351388888888889 0.03860156249999998 0.04702777777777778
19 0.6110117187499999 0.018611111111111113 0.033085937499999926 0.037222222222222226