10 0.6934609375 0.9423194444444445 0.17151562499999998 0.11536111111111104
10 0.2854140625 0.9459652777777778 0.06292187499999997 0.10806944444444437
11 0.5178437499999999 0.9783194444444444 0.10571874999999994 0.04336111111111115
19 0.23117187499999997 0.9408958333333333 0.07171874999999998 0.1182083333333332
17 0.3800234375 0.9678611111111112 0.06729687499999999 0.06427777777777774
17 0.4464218750000001 0.9217291666666666 0.05851562500000007 0.15654166666666672
19 0.322265625 0.9694444444444444 0.05234375 0.06111111111111111
19 0.38336718750000004 0.8527152777777778 0.08529687500000005 0.13529166666666678
19 0.7911601562499999 0.8606944444444443 0.08735156249999995 0.19833333333333328
19 0.5848359375 0.8367986111111111 0.13345312499999995 0.21156944444444434
19 0.46129687500000005 0.8320694444444445 0.08493750000000003 0.1301666666666667
19 0.29273828125 0.8302916666666668 0.07500781249999999 0.12980555555555562
19 0.26405468749999994 0.8187638888888888 0.07610937499999997 0.11569444444444438
17 0.67275390625 0.8002013888888888 0.07569531250000008 0.14954166666666677
17 0.63422265625 0.7059444444444445 0.05000781249999999 0.09700000000000004
19 0.677703125 0.5810694444444444 0.10590624999999995 0.37802777777777785
19 0.697265625 0.70375 0.07279687500000005 0.11999999999999997
19 0.79709765625 0.7374583333333333 0.05161718749999995 0.09177777777777775
19 0.51001953125 0.6689791666666666 0.09060156250000002 0.18465277777777783
19 0.4145703125 0.7327638888888888 0.048968750000000005 0.09913888888888896
19 0.52344140625 0.5805277777777776 0.2723046875 0.422611111111111
19 0.2880078125 0.7399097222222223 0.019125000000000014 0.035291666666666784
18 0.17678515625000002 0.38556250000000003 0.16192968749999997 0.3162916666666667
18 0.36076562500000003 0.41954166666666665 0.10634375 0.2155555555555555
17 0.26582421875 0.4293263888888889 0.08666406250000006 0.18020833333333333
19 0.37005859375 0.7130763888888888 0.012039062499999975 0.02495833333333337
14 0.4974765625 0.544375 0.08835937499999993 0.13430555555555562
17 0.21924609374999998 0.2206736111111111 0.08713281249999998 0.18251388888888884
15 0.28265625 0.147125 0.07281250000000003 0.17269444444444446
17 0.501046875 0.3089861111111111 0.09043749999999999 0.14705555555555552
17 0.41941796875000004 0.26577083333333335 0.08164843749999999 0.16681944444444446
17 0.62402734375 0.3031041666666667 0.09596093749999994 0.15881944444444449
17 0.5225546875 0.1716527777777778 0.08714062499999997 0.15113888888888888
19 0.2672421875 0.12654166666666666 0.14776562499999998 0.24919444444444444
19 0.36264062499999994 0.2305208333333333 0.03862500000000004 0.15104166666666666
19 0.60694140625 0.2048611111111111 0.11247656250000002 0.19833333333333336
19 0.7995000000000001 0.233125 0.09650000000000007 0.11708333333333334
19 0.861015625 0.1401875 0.01328125 0.2779583333333333
19 0.8130625 0.11813888888888889 0.05971875000000004 0.13236111111111112
10 0.50799609375 0.07212500000000001 0.13235156250000008 0.13724999999999998
19 0.64366015625 0.07702777777777778 0.15882031249999998 0.15097222222222223
19 0.63042578125 0.09194444444444445 0.11911718750000003 0.1838888888888889
19 0.41023046875 0.09218055555555556 0.1283828125 0.18436111111111111