8 0.76412890625 0.9672777777777777 0.04224218749999995 0.06544444444444429
12 0.6545039062500001 0.9195624999999998 0.18661718749999992 0.1608749999999999
12 0.284515625 0.9020416666666667 0.12023437499999998 0.1959166666666666
19 0.38727734375 0.9442361111111112 0.12091406250000003 0.11152777777777771
19 0.515625 0.9131944444444444 0.11484375 0.1736111111111111
19 0.37586328125 0.8655902777777779 0.06507031250000002 0.0725416666666667
19 0.4506796875 0.8776805555555557 0.08492187500000004 0.15097222222222229
19 0.70675390625 0.8057638888888888 0.028695312500000014 0.04319444444444432
19 0.47788671874999994 0.8033819444444443 0.09925781249999996 0.09565277777777763
19 0.41124609375 0.7702222222222221 0.03547656250000002 0.07238888888888874
10 0.20154687500000001 0.8252430555555554 0.05304687499999998 0.16043055555555555
10 0.26018359375 0.7873749999999999 0.05414843749999996 0.1623055555555555
19 0.35559765625 0.7572916666666667 0.0750859375 0.13288888888888897
19 0.75491015625 0.7082708333333333 0.022054687500000014 0.05881944444444447
19 0.4166015625 0.5990972222222223 0.4092656250000001 0.48511111111111116
2 0.3168671875 0.6772013888888888 0.130171875 0.2202916666666667
13 0.19920703125 0.6602152777777778 0.12132031249999997 0.19873611111111109
19 0.80233203125 0.6507013888888888 0.09485156249999997 0.16348611111111117
14 0.17230078124999998 0.5070138888888889 0.08492968749999999 0.14316666666666672
5 0.8239531249999998 0.48545138888888884 0.05956249999999992 0.12156944444444441
14 0.16546875 0.33195138888888887 0.03757812500000002 0.21487500000000004
18 0.26365234375 0.3568125 0.1663671875 0.2802916666666666
12 0.44928515625000004 0.34020833333333333 0.13846093750000002 0.2849999999999999
15 0.55536328125 0.4328402777777777 0.06236718749999994 0.2140972222222222
3 0.6575390624999999 0.2645138888888889 0.153515625 0.3018055555555556
19 0.45355468750000005 0.5016388888888889 0.030437500000000027 0.04236111111111111
19 0.557296875 0.27369444444444446 0.08417187500000001 0.10294444444444445
19 0.20501953125 0.3514375 0.047429687500000005 0.04726388888888885
2 0.50006640625 0.2347986111111111 0.16763281249999995 0.46876388888888887
19 0.3125546875 0.1182013888888889 0.035296874999999964 0.0745138888888889
17 0.27670703125 0.08977083333333334 0.05183593750000002 0.09606944444444443
17 0.42174609375000005 0.0296875 0.04411718750000002 0.059375