19 0.3718359375 0.9619097222222222 0.10148437499999999 0.07618055555555543
2 0.2204609375 0.9074236111111111 0.094828125 0.1851527777777777
19 0.49040624999999993 0.9267569444444445 0.10242187499999993 0.14648611111111115
8 0.6331875 0.8905763888888888 0.13432812500000005 0.15640277777777764
0 0.8207578124999999 0.8391597222222222 0.054359374999999946 0.07729166666666679
8 0.7215156250000001 0.718486111111111 0.08492187500000004 0.2175277777777777
19 0.62858984375 0.7767569444444445 0.06697656250000002 0.12829166666666653
19 0.274765625 0.8347569444444444 0.08423437499999994 0.12304166666666655
19 0.303625 0.9314305555555555 0.037203125000000004 0.10361111111111099
19 0.4154140625 0.7561388888888888 0.22445312499999998 0.3539444444444444
19 0.57403515625 0.7543333333333333 0.08963281250000002 0.10930555555555561
19 0.46946093750000006 0.6792083333333333 0.15595312499999997 0.23758333333333326
17 0.5715585937500001 0.6532291666666666 0.06728906250000008 0.12279166666666662
10 0.26636328125 0.7243472222222221 0.1254765625 0.11994444444444438
19 0.293625 0.6501111111111111 0.05982812500000003 0.10486111111111111
10 0.18406640625 0.6315138888888889 0.1816484375 0.13424999999999995
12 0.30013671875000003 0.5441319444444445 0.10027343750000002 0.15279166666666666
19 0.47837109375000003 0.45480555555555563 0.13232031249999993 0.2263055555555556
17 0.39256640625 0.4700625 0.08425781249999997 0.12881944444444443
9 0.24137109375000004 0.34774305555555557 0.15633593750000002 0.23718055555555553
19 0.8175234375 0.6199375 0.09015625000000008 0.13481944444444435
10 0.8087265625000001 0.4955208333333333 0.101953125 0.1602916666666666
2 0.8003281250000001 0.3032916666666667 0.13606249999999998 0.4003333333333333
19 0.1654765625 0.49411805555555555 0.07189062499999999 0.12404166666666659
19 0.39871875 0.3177222222222222 0.16382812500000005 0.25236111111111115
12 0.6508671875 0.3410138888888889 0.07790625000000002 0.13669444444444448
16 0.19102734375 0.24477083333333335 0.09236718749999999 0.16343055555555558
17 0.48875 0.2460347222222222 0.05546875 0.1262361111111111
19 0.6359492187500001 0.15439583333333332 0.1325234375000001 0.21518055555555557
19 0.42943749999999997 0.1469236111111111 0.17690625000000004 0.19412500000000005
12 0.44460546875 0.07771527777777777 0.06171093750000001 0.11681944444444442
9 0.6508984375 0.0491875 0.16273437499999996 0.098375
19 0.5189453125 0.06090277777777778 0.08289062499999993 0.12180555555555556
19 0.38754296875000005 0.049006944444444436 0.08321093750000004 0.09801388888888887
17 0.4600000000000001 0.01665972222222222 0.04937500000000004 0.03331944444444444
19 0.5672382812500001 0.056124999999999994 0.043929687500000016 0.09275