19 0.75216796875 0.9008888888888889 0.14269531250000006 0.19822222222222227
17 0.727125 0.8612708333333333 0.079875 0.14918055555555568
8 0.36015625 0.9576388888888889 0.06640625 0.08472222222222223
19 0.47585937500000003 0.9428055555555555 0.09856250000000007 0.11438888888888875
14 0.281734375 0.9131805555555556 0.07796874999999996 0.16605555555555548
19 0.3443359375 0.8562916666666667 0.06553125 0.1373055555555554
17 0.39060937500000004 0.8157361111111112 0.06435937500000004 0.15441666666666676
19 0.63896875 0.8519930555555556 0.10007812499999993 0.2193472222222223
10 0.5889374999999999 0.7175972222222223 0.11570312499999993 0.28194444444444444
19 0.5008125 0.7966319444444445 0.07523437499999996 0.15645833333333345
14 0.38696875 0.7469583333333333 0.22179687499999998 0.24472222222222229
19 0.63683984375 0.7313611111111111 0.12021093749999992 0.25530555555555545
19 0.25706640625 0.5577222222222221 0.08139843750000005 0.1382777777777777
14 0.31403906249999997 0.6225625 0.10032812499999996 0.15376388888888895
19 0.35960156249999997 0.7147152777777778 0.09015625000000002 0.20656944444444447
19 0.44140625 0.619625 0.10048437499999996 0.08019444444444446
19 0.55215234375 0.5993958333333333 0.0693359375 0.08143055555555555
19 0.38733984374999997 0.5139097222222222 0.19296093749999996 0.13595833333333332
19 0.615734375 0.3912708333333334 0.12906250000000002 0.17734722222222227
19 0.44341015625 0.36654861111111103 0.10197656249999998 0.2695416666666666
19 0.5065 0.3930972222222222 0.06664062499999997 0.13099999999999995
19 0.5525039062499999 0.2463888888888889 0.14397656249999996 0.15111111111111114
8 0.6303125 0.16354166666666667 0.14000000000000004 0.28347222222222224
17 0.4770625 0.2820347222222222 0.08371875000000006 0.14801388888888892
19 0.343125 0.17333333333333334 0.0828125 0.15250000000000002
19 0.40797656250000003 0.21688888888888888 0.04221874999999997 0.07569444444444444
12 0.24156249999999999 0.42844444444444446 0.09953124999999999 0.19305555555555556
19 0.530265625 0.09331944444444444 0.09100000000000001 0.18663888888888888
3 0.7412109375 0.04743055555555555 0.10878125000000001 0.0948611111111111
19 0.427796875 0.018958333333333334 0.07668750000000002 0.03791666666666667
19 0.385859375 0.11113888888888888 0.044218750000000015 0.07116666666666668