19 0.36451953125 0.9828125 0.05607031249999998 0.034375
19 0.304296875 0.9361111111111111 0.084375 0.12777777777777777
19 0.44987890625000004 0.9058680555555556 0.09482031249999992 0.18826388888888881
19 0.5554179687499999 0.9008472222222222 0.11939843749999994 0.1983055555555555
10 0.275640625 0.8979166666666667 0.125 0.20416666666666666
10 0.7081328124999999 0.8777847222222223 0.10024999999999995 0.24443055555555557
19 0.6725312499999999 0.7904027777777777 0.05181249999999995 0.12963888888888878
19 0.20243359375 0.8353750000000001 0.1153359375 0.23813888888888893
17 0.19367578125 0.9741666666666666 0.030476562500000016 0.05166666666666673
17 0.52166796875 0.7614305555555556 0.07389843749999994 0.11188888888888882
0 0.38134375 0.8720763888888888 0.06617187500000003 0.16440277777777762
19 0.33697656249999997 0.8324305555555555 0.06229687500000001 0.1261944444444443
19 0.4382890625 0.7805833333333333 0.07059374999999993 0.07463888888888891
19 0.5549843749999999 0.7311597222222221 0.1344843749999999 0.16193055555555552
8 0.73019140625 0.5879375 0.09435156249999999 0.33106944444444447
19 0.6620234375 0.6405972222222223 0.09000000000000004 0.20202777777777783
19 0.60107421875 0.5745 0.09116406250000005 0.17372222222222228
19 0.45147265625 0.6326944444444444 0.11647656249999998 0.1459444444444445
19 0.3881171875 0.530611111111111 0.2381875 0.5367777777777777
19 0.3456171875 0.6085833333333333 0.08207812499999996 0.23966666666666658
19 0.2634453125 0.5696944444444444 0.11907812499999997 0.21605555555555547
19 0.7772812499999999 0.5684652777777778 0.01853125000000002 0.04234722222222224
19 0.67815625 0.4851041666666666 0.015953125000000058 0.05559722222222219
19 0.41795312500000004 0.27820833333333334 0.23324999999999996 0.5375555555555557
17 0.6012734375 0.3761319444444444 0.06903124999999992 0.15723611111111113
8 0.8168203125 0.3158888888888889 0.11276562500000002 0.17816666666666664
8 0.7045703125 0.1676388888888889 0.17789062500000002 0.3352777777777778
19 0.56349609375 0.19516666666666665 0.09528906250000002 0.17855555555555555
19 0.44279296874999996 0.25579861111111113 0.03811718749999997 0.08470833333333334
19 0.23076171875 0.28120833333333334 0.05717968750000004 0.096
19 0.5105546875 0.3575347222222222 0.07676562499999999 0.14118055555555553
19 0.20017578125000002 0.13756944444444444 0.20511718749999996 0.2751388888888889
17 0.200984375 0.06365277777777778 0.054265625000000005 0.054111111111111124
5 0.2605390625 0.06836111111111111 0.048968749999999964 0.0635277777777778
19 0.57150390625 0.0671875 0.13910156249999997 0.1317638888888889
19 0.46297265625 0.023 0.07557031250000001 0.046
12 0.4598359375 0.12346527777777777 0.13817187499999997 0.17506944444444442