10 0.6643945312499999 0.98475 0.024648437499999964 0.03050000000000005
4 0.322921875 0.9073194444444445 0.24662500000000004 0.18536111111111117
14 0.49534374999999997 0.9139027777777777 0.1452031250000001 0.17219444444444448
10 0.5 0.9743055555555555 0.1015625 0.05138888888888889
19 0.24996875 0.7968541666666666 0.057656249999999964 0.24534722222222227
19 0.3725078125 0.7912708333333333 0.04779687499999996 0.057097222222222084
2 0.45315234374999996 0.6957777777777778 0.08325781249999994 0.22891666666666657
19 0.5125390625 0.7736319444444444 0.08800000000000008 0.11612499999999987
19 0.31856249999999997 0.6636944444444445 0.09148437500000002 0.1692222222222222
19 0.59979296875 0.768625 0.018664062500000078 0.032972222222222236
19 0.49685546875000003 0.5968402777777778 0.07592968750000004 0.10237500000000005
17 0.6014296874999999 0.6173958333333333 0.04792187499999993 0.10698611111111107
17 0.44393359375 0.40368055555555554 0.06378906250000008 0.11736111111111111
19 0.39346484375 0.549625 0.04450781250000002 0.05011111111111117
19 0.38395703125 0.36802083333333335 0.04967968749999998 0.11973611111111113
19 0.59856640625 0.3846527777777778 0.04461718749999992 0.14225
19 0.29926953125 0.1978472222222222 0.10036718750000002 0.21986111111111112
19 0.46286328125000004 0.2875347222222222 0.1164140625 0.1314583333333333
19 0.5883515625 0.1262638888888889 0.10860937499999998 0.2525277777777778
19 0.42494921874999997 0.19510416666666666 0.09169531249999996 0.09868055555555558
12 0.74266796875 0.17506249999999998 0.26271093749999996 0.2868194444444444
19 0.1814453125 0.13443750000000002 0.029671875000000014 0.04176388888888888
19 0.27169140625 0.0707013888888889 0.09642968750000006 0.08131944444444444
19 0.36564843750000003 0.042131944444444444 0.044500000000000026 0.07693055555555556
19 0.39408203124999996 0.12784722222222225 0.06675781249999999 0.11208333333333331
19 0.538109375 0.13443750000000002 0.13475 0.11648611111111114
19 0.4979453125 0.050152777777777775 0.054421875000000064 0.08725
17 0.46022656250000005 0.020513888888888887 0.040796875000000024 0.041027777777777774
17 0.8069960937499999 0.03809722222222222 0.04697656250000008 0.07619444444444444
19 0.54243359375 0.04139583333333333 0.05686718749999997 0.08279166666666667
19 0.42746093749999997 0.09268055555555556 0.07912499999999997 0.11208333333333335