19 0.41094921875 0.11057638888888888 0.1253828125 0.22115277777777775
19 0.50853515625 0.9776388888888888 0.10010156250000009 0.04472222222222229
19 0.666796875 0.9229166666666667 0.1828125 0.15416666666666667
19 0.362890625 0.9333333333333333 0.096875 0.13333333333333333
19 0.4319375 0.9433263888888888 0.08450000000000002 0.11334722222222209
8 0.260546875 0.9416666666666667 0.11328125 0.11666666666666667
16 0.39838671875 0.8285277777777779 0.10024218749999995 0.14016666666666677
12 0.4956875 0.7694444444444445 0.08984375 0.19913888888888895
19 0.593890625 0.8906944444444443 0.06481250000000002 0.12336111111111102
19 0.6205859375 0.7921527777777778 0.06582812499999999 0.09986111111111123
19 0.39929296875000003 0.7073333333333333 0.0859296875 0.14558333333333323
19 0.570734375 0.6986249999999999 0.07682812499999994 0.08272222222222214
3 0.7060546875 0.6400416666666666 0.14275000000000002 0.2645833333333333
19 0.49235937500000004 0.6117569444444444 0.24674999999999994 0.1310972222222222
19 0.19881640625000002 0.7188958333333334 0.02932031249999998 0.07009722222222226
14 0.2482421875 0.4319513888888889 0.07484374999999996 0.12343055555555556
19 0.31396875 0.49313194444444436 0.11726562500000001 0.18081944444444453
16 0.41691796875 0.4900694444444444 0.07886718750000003 0.15458333333333327
12 0.4855703125 0.45444444444444443 0.09201562499999998 0.18052777777777781
12 0.5578359374999999 0.46308333333333335 0.08009374999999999 0.15175
17 0.60341796875 0.4433472222222223 0.04835156250000008 0.1242777777777778
19 0.7400546875 0.50875 0.06824999999999992 0.12877777777777782
17 0.45695312500000007 0.6958194444444444 0.04564062500000006 0.11130555555555562
14 0.72126953125 0.35021527777777783 0.05057031250000001 0.10784722222222219
19 0.59536328125 0.3052777777777778 0.11630468749999992 0.2013333333333334
19 0.6783125 0.2724305555555555 0.09537499999999995 0.11513888888888886
19 0.5034375 0.15020833333333333 0.1296875 0.29013888888888895
10 0.7864921875 0.16433333333333333 0.16482812500000002 0.16327777777777777
14 0.24504296874999998 0.141875 0.1839921875 0.28375
10 0.23187499999999997 0.17149305555555555 0.10718750000000002 0.2963194444444444
19 0.60243359375 0.12120833333333333 0.10483593750000005 0.24241666666666667
19 0.6723203124999999 0.0785 0.12521875 0.157
12 0.77205859375 0.035791666666666666 0.08589843750000004 0.07158333333333333