19 0.66223046875 0.9752916666666666 0.09925781249999996 0.04941666666666657
19 0.47806249999999995 0.9360763888888889 0.14595312499999996 0.12784722222222217
19 0.5609375 0.9777777777777777 0.02734375 0.044444444444444446
17 0.3361328125 0.9466111111111111 0.056656249999999984 0.10677777777777793
17 0.7703125 0.9645833333333333 0.071875 0.07083333333333333
19 0.2181640625 0.90275 0.10789062500000002 0.19449999999999995
19 0.18091015625 0.690625 0.15182031250000003 0.39597222222222217
19 0.24871484374999997 0.7993194444444445 0.08225781249999997 0.1245833333333334
14 0.51053125 0.7682152777777778 0.15607812499999998 0.32368055555555547
19 0.54938671875 0.7773819444444445 0.07842968750000008 0.15812499999999996
19 0.72332421875 0.7706805555555556 0.2654140625 0.4550000000000001
17 0.26655078125000004 0.6818402777777779 0.06088281250000005 0.12087500000000004
17 0.28065234375000003 0.5962986111111112 0.0680703125 0.10743055555555558
17 0.410734375 0.6182916666666667 0.09065624999999997 0.11683333333333334
15 0.59733203125 0.6447777777777778 0.09782031250000003 0.2111111111111111
10 0.36651953125 0.6851180555555555 0.14611718749999997 0.13262499999999994
19 0.49180859374999997 0.5764374999999999 0.0710859375 0.10526388888888884
19 0.46373828125000005 0.6966736111111111 0.0505859375 0.08606944444444448
19 0.29265234375000004 0.39655555555555555 0.21572656250000005 0.4238888888888889
19 0.48446875 0.39202777777777775 0.198828125 0.32738888888888895
12 0.7005117187500001 0.4232638888888889 0.21635156250000004 0.35436111111111107
11 0.7612343750000001 0.17430555555555555 0.1002812500000001 0.3486111111111111
17 0.6110078125 0.24630555555555556 0.08028125 0.11177777777777781
17 0.20984375000000002 0.18827083333333333 0.078328125 0.13126388888888887
19 0.57944921875 0.32722222222222225 0.06942968749999992 0.1533333333333333
17 0.42216796875 0.1217638888888889 0.08860156250000002 0.07508333333333334
17 0.5803046875 0.17579166666666665 0.04635937499999994 0.11355555555555555
17 0.5493984375000001 0.10436111111111111 0.050484374999999915 0.1098888888888889
18 0.260875 0.07820833333333334 0.18803124999999998 0.15641666666666668
19 0.40805468750000007 0.11575694444444447 0.14093750000000002 0.22198611111111113
19 0.4939765625 0.06502083333333333 0.13228124999999996 0.13004166666666667
8 0.6435625 0.05403472222222223 0.142171875 0.10806944444444445