19 0.99477734375 0.01670138888888889 0.010445312499999915 0.03340277777777778
19 0.563234375 0.8840069444444445 0.15648437499999995 0.23198611111111106
19 0.3551953125 0.9335069444444445 0.15750000000000003 0.1329861111111111
19 0.24780859375 0.8381736111111111 0.11482031250000002 0.10490277777777773
19 0.30166015625 0.8298124999999998 0.07575781250000002 0.1740416666666666
0 0.4537812499999999 0.8180763888888889 0.12959375000000004 0.22640277777777776
19 0.5365078125 0.8316111111111111 0.07720312499999996 0.13811111111111118
19 0.5611328125 0.6420277777777778 0.14942187499999998 0.2508333333333333
19 0.73444140625 0.6764652777777778 0.20471093749999988 0.2804027777777778
19 0.201421875 0.5434027777777778 0.19387499999999996 0.2359722222222222
10 0.2663671875 0.6417638888888889 0.18335937499999996 0.30402777777777773
19 0.37751953125000004 0.6010347222222222 0.08075781250000005 0.13979166666666665
19 0.41513671875 0.5334305555555555 0.06144531250000003 0.23125
17 0.46429296875000003 0.5464930555555556 0.08157031250000006 0.10848611111111113
19 0.37343359375 0.4066111111111111 0.06655468750000004 0.19238888888888886
19 0.50944921875 0.498625 0.04828906249999996 0.07780555555555553
19 0.602609375 0.5171111111111112 0.03690625000000001 0.07405555555555562
19 0.5385234375 0.33868750000000003 0.08796874999999993 0.16595833333333335
18 0.46471093750000003 0.33518055555555554 0.029640625000000042 0.060222222222222205
10 0.5898515625 0.2357152777777778 0.17764062500000008 0.1169027777777778
19 0.4419921875 0.14631944444444445 0.061640625000000074 0.11680555555555552
19 0.49714843750000004 0.10631944444444444 0.07945312500000004 0.21263888888888888
19 0.41558203124999993 0.05560416666666666 0.08258593750000003 0.11120833333333333
19 0.45179296874999997 0.05774305555555556 0.029679687500000006 0.06487500000000002
19 0.56153125 0.17798611111111112 0.03821875000000006 0.06291666666666668
3 0.7385078125 0.07763194444444445 0.07029687500000001 0.1552638888888889
10 0.3172109375 0.11402777777777777 0.16920312500000004 0.10402777777777779
19 0.27747265624999995 0.036444444444444446 0.11410156249999996 0.07194444444444444
19 0.5642578125 0.09229166666666667 0.11539062500000004 0.18458333333333335
18 0.11199218749999999 0.13903472222222224 0.10217187500000002 0.2780694444444445