19 0.650859375 0.9282638888888889 0.19375 0.14347222222222217
18 0.38909375 0.9415972222222221 0.1038125 0.11680555555555543
8 0.504015625 0.9014583333333333 0.15154687500000003 0.16847222222222216
19 0.26474609375 0.8783680555555556 0.1310546875 0.1509027777777779
10 0.549828125 0.6830208333333333 0.09018750000000005 0.2763194444444445
10 0.41469921875000004 0.7067777777777777 0.09669531249999999 0.13644444444444445
8 0.3016171875 0.574861111111111 0.059890624999999975 0.10694444444444444
8 0.36124999999999996 0.6353194444444444 0.13468750000000002 0.18936111111111115
2 0.47253124999999996 0.6522222222222221 0.1032343749999999 0.1561111111111111
17 0.22318359375000002 0.5421250000000001 0.09075781249999999 0.11313888888888894
18 0.41954296874999997 0.3559027777777778 0.10466406250000002 0.15208333333333332
18 0.5729296875 0.4282569444444445 0.05476562499999993 0.0737638888888889
17 0.35275 0.3482986111111111 0.05362499999999999 0.11034722222222221
2 0.2180859375 0.19395833333333334 0.11179687500000002 0.2804166666666667
18 0.31301171875 0.27008333333333334 0.08016406250000001 0.11858333333333333
19 0.3023515625 0.36125 0.04710937499999997 0.11072222222222226
19 0.50258203125 0.23072916666666668 0.02125781250000003 0.044374999999999984
17 0.3810390625 0.21407638888888889 0.057453125000000015 0.10406944444444445
19 0.576796875 0.27074305555555556 0.09849999999999995 0.3017638888888889
17 0.47108984375 0.1213611111111111 0.07619531249999997 0.16013888888888891
19 0.35557421875 0.10031944444444443 0.13650781250000002 0.17074999999999999
10 0.631375 0.10797222222222222 0.17998437500000009 0.21594444444444444
12 0.27162109375 0.050472222222222224 0.12971093749999998 0.10094444444444445
2 0.42021875 0.02682638888888889 0.08762500000000002 0.05365277777777778
19 0.5074296875 0.02233333333333333 0.03117187500000007 0.04466666666666666
18 0.11199218749999999 0.13903472222222224 0.10217187500000002 0.2780694444444445