18 0.29074218749999997 0.8708333333333333 0.153515625 0.25833333333333336
8 0.400703125 0.8311666666666667 0.16789062500000002 0.3376666666666666
2 0.8023359375 0.8881249999999999 0.11735937499999993 0.22374999999999987
3 0.51103515625 0.829625 0.052773437499999964 0.14983333333333348
16 0.56826171875 0.8135277777777777 0.08100781250000004 0.10494444444444437
5 0.6215312500000001 0.6934652777777777 0.11460937500000004 0.18470833333333328
14 0.8130078125000001 0.7229305555555555 0.051796875000000055 0.12875000000000006
2 0.24691015624999996 0.4178611111111111 0.27475781250000003 0.5401111111111111
7 0.44446484374999995 0.7563611111111112 0.09286718749999996 0.10791666666666673
19 0.43439843749999996 0.8233472222222221 0.08046875 0.13655555555555546
15 0.3991015625 0.5854097222222222 0.11728125000000005 0.3288472222222222
19 0.4873984375 0.4738194444444444 0.04878125000000004 0.07916666666666666
3 0.59981640625 0.4903194444444444 0.10110156250000006 0.1497499999999999
17 0.42680468750000006 0.34102083333333333 0.06623437499999998 0.1332361111111111
18 0.30583984375 0.43150694444444443 0.09164843749999996 0.21723611111111107
3 0.33193359375 0.3108958333333333 0.0842734375 0.11984722222222224
19 0.35143359375000005 0.25378472222222226 0.09166406250000003 0.10673611111111114
19 0.43157812500000003 0.11052083333333333 0.23543750000000005 0.21618055555555557
2 0.28291796874999997 0.23706944444444444 0.05442968749999997 0.17441666666666664
18 0.586453125 0.08444444444444445 0.14224999999999993 0.1688888888888889
19 0.20852734374999998 0.11604166666666667 0.07924218750000003 0.0823611111111111
19 0.274359375 0.11007638888888888 0.08899999999999997 0.10079166666666665
19 0.6726640625 0.021118055555555557 0.04571874999999999 0.04223611111111111