0 0.3463984375 0.9569722222222222 0.07454687499999997 0.08605555555555561
18 0.273625 0.9843263888888888 0.04196875000000002 0.03134722222222213
3 0.571171875 0.8992847222222222 0.11468749999999997 0.20143055555555553
18 0.2234375 0.9555555555555556 0.071875 0.08888888888888889
3 0.5217460937499999 0.9834305555555555 0.015523437499999914 0.03313888888888875
19 0.7351992187499999 0.9050138888888889 0.1668046875 0.18997222222222218
12 0.32211328125 0.8930347222222222 0.05622656250000002 0.09718055555555559
17 0.7569375 0.8771041666666667 0.053125 0.09631944444444432
17 0.52508203125 0.7961458333333333 0.11088281250000005 0.12423611111111117
12 0.3925234375 0.9257777777777777 0.04851562500000002 0.08766666666666652
19 0.45680859375000005 0.858638888888889 0.16374218749999997 0.28272222222222215
12 0.486140625 0.9166736111111111 0.07978124999999991 0.10918055555555542
18 0.66019140625 0.8665069444444444 0.11274218749999995 0.17809722222222224
3 0.6786484375 0.739375 0.15328125000000004 0.23991666666666667
14 0.5022265625 0.6231597222222222 0.12604687499999995 0.1888472222222222
14 0.37382421875 0.6911805555555556 0.05092968750000004 0.08875000000000005
14 0.6439140624999999 0.5976527777777778 0.05648437499999996 0.07674999999999998
10 0.38913671875 0.5739027777777778 0.10133593750000003 0.25380555555555556
10 0.7668359375 0.5833958333333333 0.112109375 0.19737500000000002
2 0.21442578124999997 0.5728888888888889 0.07474218749999999 0.167
14 0.52702734375 0.4690555555555555 0.051414062499999955 0.11080555555555552
19 0.70462890625 0.4655486111111111 0.1451171875 0.344625
3 0.49408984375 0.40054861111111106 0.18486718750000009 0.26698611111111115
14 0.37521875 0.3136805555555556 0.11421875000000004 0.23958333333333337
14 0.274390625 0.4552847222222222 0.02439062500000002 0.05134722222222226
8 0.6133359375 0.33861111111111114 0.07125000000000004 0.30250000000000005
14 0.22855859375 0.3600069444444444 0.01861718750000003 0.0524861111111111
3 0.28103515625 0.22761805555555553 0.06996093749999996 0.1149583333333333
3 0.45312890625 0.23165277777777782 0.10344531250000007 0.2069722222222222
5 0.8154726562500001 0.2332152777777778 0.10139843749999997 0.18051388888888892
17 0.72156640625 0.17580555555555558 0.10172656250000003 0.13144444444444442
17 0.52722265625 0.16175 0.09774218749999992 0.1131666666666667
3 0.517109375 0.2539513888888889 0.02631250000000005 0.06048611111111113
19 0.42355859375 0.09660416666666667 0.13530468750000005 0.19320833333333334
2 0.6531445312499999 0.0995625 0.2173828125 0.199125
14 0.5721171875 0.36299305555555555 0.026953125 0.08329166666666671