18 0.325984375 0.9814375 0.05895312500000003 0.037125000000000026
17 0.43730859375 0.9730763888888889 0.03899218750000007 0.0538472222222222
10 0.49815624999999997 0.8730000000000001 0.12982812500000004 0.19988888888888898
12 0.60535546875 0.8515625 0.09713281249999994 0.20487499999999997
19 0.30208984375000003 0.8204375 0.0772421875 0.1394305555555557
12 0.5094414062499999 0.6275833333333334 0.06685156249999995 0.11872222222222224
19 0.5290859375 0.7607430555555555 0.04073437500000008 0.05870833333333331
10 0.24306640625 0.6338958333333333 0.0978515625 0.29468055555555556
10 0.3760976562500001 0.6655208333333333 0.11092968750000005 0.2304305555555555
18 0.296203125 0.6618402777777778 0.05912500000000005 0.17562499999999998
12 0.35803515625 0.5589583333333333 0.09802343749999998 0.19652777777777777
19 0.43840625 0.43480555555555556 0.16179687499999998 0.2791944444444444
19 0.33125390625 0.4099305555555555 0.12375781249999998 0.28347222222222224
19 0.58481640625 0.5841319444444445 0.15021093749999997 0.3422916666666667
19 0.36701562499999996 0.23895833333333336 0.084375 0.07958333333333335
19 0.357078125 0.13698611111111111 0.14043750000000005 0.16102777777777777
12 0.23714453124999996 0.10749999999999998 0.13086718749999998 0.18694444444444444
12 0.46604687499999997 0.08491666666666667 0.10707812499999995 0.16983333333333334
14 0.53311328125 0.12537500000000001 0.04283593749999994 0.059916666666666646
19 0.25122265625 0.036958333333333336 0.05789843750000001 0.07344444444444445
19 0.368875 0.043652777777777776 0.06109375000000004 0.08730555555555555
17 0.6388593749999999 0.04614583333333334 0.08426562499999993 0.09229166666666667
17 0.664140625 0.14285416666666664 0.08145312499999999 0.1060972222222222
14 0.769921875 0.19138888888888891 0.020781249999999928 0.05555555555555555
19 0.18538671874999998 0.5245625 0.02925781249999999 0.1425138888888889
19 0.2627265625 0.48731944444444447 0.06321874999999996 0.11233333333333333
18 0.11199218749999999 0.13903472222222224 0.10217187500000002 0.2780694444444445