19 0.6558984375000001 0.9460902777777777 0.07439062500000002 0.10781944444444459
11 0.565828125 0.954111111111111 0.11045312500000008 0.08277777777777764
14 0.30462109374999996 0.9409444444444445 0.10267968750000005 0.11811111111111106
12 0.45012109375 0.9256319444444443 0.12583593749999994 0.14873611111111099
19 0.6501875 0.7691875 0.09421874999999993 0.19095833333333334
19 0.55409765625 0.755125 0.16411718749999996 0.33322222222222225
19 0.40680468750000004 0.8128958333333335 0.14184374999999996 0.140513888888889
19 0.20322656249999999 0.800875 0.253328125 0.27322222222222226
17 0.4526484375 0.7070486111111111 0.05840624999999999 0.15326388888888892
17 0.75295703125 0.6795972222222222 0.09928906249999994 0.14530555555555555
17 0.54134375 0.5185416666666667 0.07682812499999994 0.13208333333333336
17 0.5634335937499999 0.3428194444444445 0.08250781249999992 0.16944444444444448
16 0.21442578125000003 0.5704861111111111 0.12594531250000002 0.1750555555555555
18 0.117125 0.5604444444444444 0.144375 0.2911944444444444
4 0.3825703125 0.43440277777777775 0.17492187499999998 0.35680555555555554
17 0.56328515625 0.18726388888888887 0.07467968749999994 0.12841666666666665
17 0.45164453125000004 0.153375 0.08780468750000008 0.15063888888888885
18 0.30901953125000003 0.08844444444444445 0.0486328125 0.13869444444444445
17 0.7097304687499999 0.03386805555555556 0.04964843749999996 0.06773611111111112
0 0.6616054687499999 0.07403472222222222 0.08308593749999993 0.14229166666666668
14 0.5962578125 0.05998611111111111 0.06585937499999997 0.11997222222222222
18 0.44528515625000004 0.017652777777777778 0.06385156250000001 0.035305555555555555
19 0.53698828125 0.018555555555555554 0.0810546875 0.03711111111111111
2 0.21530468749999998 0.04557638888888889 0.037484375000000014 0.09115277777777778
7 0.34240624999999997 0.03386805555555556 0.08926562499999999 0.06773611111111112