19 0.725390625 0.9868055555555556 0.075 0.02638888888888889
19 0.41726562500000003 0.907625 0.1125 0.18474999999999997
19 0.64231640625 0.9484097222222222 0.10588281249999998 0.10318055555555551
19 0.3405703125 0.9455694444444444 0.0484375 0.10886111111111127
19 0.22877734374999997 0.8663819444444444 0.05969531249999997 0.12470833333333328
8 0.73993359375 0.8852152777777778 0.08086718749999999 0.17412499999999984
10 0.5166601562500001 0.9270902777777777 0.0873046875 0.14581944444444445
19 0.54765625 0.9118055555555555 0.0953125 0.1763888888888889
8 0.30975390625 0.8360624999999999 0.07941406249999998 0.13693055555555544
10 0.32721875 0.7411666666666666 0.15573437499999998 0.2459444444444444
18 0.52330859375 0.6764027777777778 0.4105390625 0.48777777777777787
19 0.7211875 0.6861944444444444 0.030421875000000043 0.12416666666666663
19 0.41801953125 0.6961736111111111 0.13235156250000002 0.2387083333333334
19 0.25781640625 0.5338680555555555 0.06088281250000005 0.5453194444444445
7 0.20707421875 0.6679583333333333 0.06485156249999999 0.21513888888888885
17 0.22910546874999999 0.5039305555555555 0.13764843750000003 0.15294444444444444
2 0.357140625 0.45818055555555554 0.08475000000000002 0.46222222222222215
2 0.490796875 0.42447222222222225 0.12440625000000001 0.13366666666666668
2 0.692015625 0.37813888888888886 0.06589062499999994 0.17327777777777775
19 0.39509765625 0.49173611111111115 0.043679687499999974 0.1253055555555556
19 0.823703125 0.3492222222222222 0.08470312500000006 0.11530555555555554
12 0.22233593750000002 0.32279166666666664 0.14029687500000004 0.24236111111111108
12 0.76928125 0.20279861111111108 0.1916875000000001 0.3544861111111111
19 0.43976171875 0.3547222222222222 0.055882812499999976 0.37555555555555553
19 0.35623046875 0.14956944444444445 0.13235156249999996 0.22941666666666669
19 0.36064453125 0.12996527777777778 0.07278906249999997 0.19412500000000002
19 0.47424609375000004 0.08311805555555556 0.07278906250000006 0.1662361111111111
17 0.5740624999999999 0.08585416666666666 0.07168749999999999 0.168625