19 0.99477734375 0.01670138888888889 0.010445312499999915 0.03340277777777778
19 0.6717578124999999 0.9919444444444443 0.05398437499999993 0.016111111111110986
0 0.20111328125 0.9832638888888888 0.03644531249999998 0.0334722222222221
12 0.29018359374999997 0.9654652777777778 0.09516406249999995 0.06906944444444447
19 0.380859375 0.9238958333333332 0.070375 0.15220833333333322
19 0.46674218750000007 0.9354166666666667 0.10951562500000005 0.12916666666666668
19 0.7036328125 0.8507222222222222 0.14390625000000004 0.2611111111111111
19 0.76073828125 0.9702708333333334 0.04692968749999995 0.05945833333333326
19 0.78044921875 0.8060486111111111 0.04050781249999993 0.0898472222222223
19 0.22897265625000002 0.9479583333333333 0.036992187500000016 0.1040833333333334
19 0.32526171875 0.8658819444444446 0.029898437499999986 0.042958333333333425
19 0.2968984375 0.810548611111111 0.025734375000000042 0.04876388888888875
19 0.5850312499999999 0.7521597222222223 0.06823437499999993 0.08337499999999996
19 0.7665546875 0.4100277777777778 0.01960937499999993 0.029638888888888933
19 0.7398906249999999 0.3838194444444445 0.016249999999999966 0.04527777777777781
19 0.48384375 0.41683333333333333 0.029484375000000007 0.0635833333333333
19 0.6048164062500001 0.44831249999999995 0.19739843750000005 0.1446805555555555
19 0.5953281250000001 0.33257638888888885 0.08096875000000008 0.09462499999999999
3 0.43793359374999996 0.3217777777777778 0.046320312499999974 0.11702777777777776
19 0.54503125 0.20363194444444446 0.09118750000000002 0.115875
10 0.8042187500000001 0.10825 0.08285937499999996 0.2165
3 0.46420312499999994 0.09086111111111111 0.13903125000000002 0.18172222222222223
19 0.45609374999999996 0.09086111111111111 0.1046875 0.18172222222222223
18 0.11199218749999999 0.13903472222222224 0.10217187500000002 0.2780694444444445