19 0.99477734375 0.01670138888888889 0.010445312499999915 0.03340277777777778
19 0.5103359375000001 0.9657152777777777 0.06964062500000008 0.0685694444444443
19 0.3603515625 0.8994722222222222 0.29070312499999995 0.20105555555555554
11 0.43811328125 0.5699930555555556 0.06714843750000003 0.20879166666666674
16 0.5266484375 0.581513888888889 0.08735937499999995 0.17941666666666675
10 0.5923125 0.5337847222222222 0.07437500000000004 0.20729166666666668
19 0.65233984375 0.636625 0.08772656249999997 0.2361666666666666
17 0.7905156249999999 0.6526388888888889 0.08045312499999993 0.1238611111111112
18 0.21310937500000002 0.4931944444444444 0.05704687499999998 0.10055555555555552
19 0.20577734374999998 0.3650138888888889 0.06872656250000002 0.14852777777777773
19 0.31585546875 0.3821111111111111 0.05189843750000005 0.13383333333333336
17 0.41251953124999996 0.4121388888888889 0.08544531250000005 0.12591666666666662
19 0.46089062500000005 0.37563888888888886 0.06384375000000002 0.12236111111111114
19 0.8223046875 0.4202638888888889 0.04953125000000007 0.11811111111111106
19 0.25326953125 0.3380625 0.016429687499999977 0.035847222222222225
17 0.25968749999999996 0.1917222222222222 0.06771875000000005 0.16094444444444445
19 0.29948437499999997 0.21690277777777775 0.014937500000000003 0.057583333333333306
19 0.4146484375 0.13930555555555557 0.10601562500000003 0.17388888888888887
19 0.55938671875 0.23963194444444447 0.16138281249999994 0.29351388888888896
8 0.6931523437499999 0.21586111111111106 0.21433593749999993 0.3538333333333333
19 0.43639453125000005 0.03904166666666667 0.05028906249999991 0.07808333333333334
0 0.5273671875 0.014076388888888888 0.07079687499999991 0.028152777777777777
7 0.64556640625 0.035402777777777776 0.08367968749999992 0.07080555555555555
19 0.74679296875 0.017722222222222223 0.06963281250000009 0.035444444444444445
19 0.29062890625000004 0.07572916666666668 0.02397656250000004 0.04262500000000001
18 0.11199218749999999 0.13903472222222224 0.10217187500000002 0.2780694444444445