17 0.5886054687500001 0.9794375 0.07591406250000006 0.04112499999999986
2 0.193359375 0.9118055555555555 0.13515625 0.1763888888888889
19 0.444140625 0.9729166666666667 0.05190625000000004 0.05416666666666667
19 0.4648828125000001 0.9061111111111111 0.16945312500000004 0.18777777777777785
19 0.33965234375 0.8487569444444445 0.15727343749999995 0.30248611111111107
3 0.795703125 0.9458333333333333 0.14609375 0.10833333333333334
19 0.48134375 0.7932708333333333 0.13674999999999998 0.15845833333333323
15 0.6132578125 0.8459722222222222 0.08687500000000004 0.24166666666666667
19 0.4334921875 0.6126597222222222 0.11653125000000002 0.3368472222222222
12 0.61090625 0.48793055555555553 0.21425 0.3103333333333333
7 0.32220312500000003 0.6447499999999999 0.14337499999999997 0.24499999999999997
10 0.23774609375 0.6911180555555556 0.09925781249999999 0.30315277777777777
11 0.49863671875 0.5672013888888888 0.08667968750000003 0.2975972222222222
8 0.3669296875 0.38958333333333334 0.07428125000000003 0.16988888888888884
19 0.32444140625 0.4312986111111111 0.028585937500000026 0.04506944444444451
14 0.46531640625000004 0.42215277777777777 0.08252343750000009 0.1451388888888889
19 0.433890625 0.7937777777777779 0.03925000000000001 0.04047222222222236
19 0.330703125 0.5319027777777778 0.10518749999999999 0.08608333333333336
19 0.17794921874999997 0.2868541666666667 0.011929687499999985 0.023319444444444472
2 0.40314453125 0.33513888888888893 0.05666406249999998 0.08791666666666664
19 0.49157031250000005 0.3213958333333333 0.020609375000000086 0.03845833333333333
19 0.3854453125 0.16792361111111112 0.10137499999999999 0.23387499999999997
19 0.47173437499999993 0.24465277777777777 0.08934374999999992 0.11069444444444443
17 0.331453125 0.1975972222222222 0.04834375 0.14536111111111108
16 0.8380156249999999 0.15154166666666666 0.09353124999999993 0.18608333333333327
17 0.36948046875 0.05611805555555556 0.10013281249999997 0.11223611111111112
17 0.75766796875 0.026451388888888892 0.06799218749999998 0.052902777777777785
12 0.4980546875 0.09685416666666667 0.17431249999999993 0.1890138888888889
2 0.62971484375 0.08147222222222222 0.07417968750000004 0.15383333333333335
19 0.7032734374999999 0.08029861111111111 0.10260937499999993 0.16059722222222222
19 0.76632421875 0.12102777777777776 0.05563281250000003 0.09230555555555553
16 0.8225703124999999 0.03634027777777778 0.10384375000000005 0.07268055555555555
18 0.3296875 0.95625 0.06015625 0.0875