19 0.7856328125 0.9416666666666667 0.12096874999999993 0.11666666666666667
2 0.43680078125 0.8701736111111111 0.2134609375 0.25965277777777784
19 0.19405859374999998 0.9541944444444445 0.12561718749999998 0.08952777777777783
19 0.30197265624999997 0.8547430555555555 0.029820312499999967 0.10770833333333327
19 0.564703125 0.8528611111111111 0.14834375000000008 0.18263888888888888
19 0.55480078125 0.7551527777777778 0.015273437499999964 0.02955555555555552
19 0.4813828125 0.7063611111111111 0.11332812499999996 0.12305555555555558
19 0.28216406250000003 0.5971527777777778 0.07818750000000003 0.3623611111111111
3 0.42971875 0.5329166666666667 0.14562500000000003 0.26727777777777784
2 0.5195859374999999 0.48480555555555555 0.19517187499999994 0.2636388888888889
19 0.809734375 0.5251250000000001 0.13509375000000007 0.3216666666666667
18 0.33616796875 0.5075277777777777 0.07594531250000003 0.09588888888888884
3 0.411828125 0.4181597222222222 0.07501562499999999 0.15670833333333334
11 0.6386484375 0.30136111111111114 0.14898437500000003 0.20275
18 0.35997265624999997 0.19647916666666668 0.11083593750000005 0.31795833333333334
12 0.49347265625 0.3711319444444444 0.08208593749999996 0.08598611111111107
3 0.49844921875 0.3158888888888889 0.09283593749999994 0.22650000000000006
18 0.305078125 0.06729166666666667 0.1449375 0.13458333333333333
18 0.11199218749999999 0.13903472222222224 0.10217187500000002 0.2780694444444445