19 0.41187109375000003 0.9039166666666666 0.22172656249999995 0.19216666666666685
19 0.5375 0.9826388888888888 0.02734375 0.034722222222222224
17 0.484765625 0.9347222222222222 0.1015625 0.13055555555555556
19 0.6054999999999999 0.9352638888888889 0.05625 0.1
19 0.8198984375 0.963986111111111 0.04607812500000001 0.07202777777777764
19 0.7847226562499999 0.8832916666666667 0.03530468749999995 0.06663888888888891
7 0.19382421875000003 0.8769861111111112 0.060664062499999984 0.11372222222222238
16 0.23646093750000002 0.7775069444444443 0.10260937500000003 0.1773472222222223
8 0.6959453124999999 0.7318194444444444 0.14226562499999992 0.23624999999999996
12 0.43202734375 0.7368611111111111 0.11644531249999997 0.19611111111111118
15 0.6136874999999999 0.7563333333333334 0.07515625000000004 0.12049999999999998
19 0.739171875 0.8462430555555555 0.04081250000000001 0.05881944444444432
19 0.52790625 0.7184097222222222 0.06287500000000001 0.056875000000000064
19 0.5384648437499999 0.7553819444444444 0.024117187499999915 0.03404166666666665
19 0.41974609375 0.6764374999999999 0.16985156250000003 0.2224305555555556
19 0.3984921875 0.462125 0.12021875 0.2131666666666667
19 0.35642578125 0.4099097222222223 0.037382812500000015 0.06573611111111116
12 0.53770703125 0.5480347222222222 0.21286718750000003 0.3425694444444444
10 0.46550390624999993 0.3622708333333333 0.09380468749999996 0.10918055555555557
2 0.65734765625 0.48478472222222224 0.054039062500000054 0.10587500000000002
15 0.65384375 0.37133333333333335 0.11918749999999996 0.1365555555555555
0 0.44617968750000003 0.20258333333333337 0.05998437499999998 0.1776111111111111
19 0.4111953125 0.34836805555555556 0.061765624999999956 0.18626388888888887
10 0.5940390625 0.2829236111111111 0.15 0.19820833333333338
19 0.22642968750000003 0.2566805555555556 0.020953125000000038 0.052944444444444454
19 0.40123437500000003 0.053611111111111116 0.09926562499999995 0.10722222222222223
17 0.30913671875 0.02322222222222222 0.060664062499999984 0.04644444444444444
17 0.502703125 0.02420138888888889 0.1080937500000001 0.04840277777777778