2 0.7117890625000001 0.9694097222222222 0.07089062500000001 0.061180555555555495
17 0.2628515625 0.9849999999999999 0.06460937500000004 0.029999999999999874
19 0.42265625 0.9458333333333333 0.0734375 0.10833333333333334
12 0.6463828125 0.9307013888888889 0.11078124999999997 0.13859722222222218
19 0.35712109375 0.9477361111111111 0.09546093750000004 0.10452777777777776
19 0.5348945312500001 0.908201388888889 0.03861718750000005 0.07240277777777793
10 0.7088828125 0.841 0.12145312500000002 0.12124999999999994
17 0.280859375 0.8856458333333332 0.08932812500000002 0.1332916666666667
19 0.35306640625 0.8164722222222223 0.08425781250000001 0.18374999999999994
19 0.51401953125 0.7089444444444445 0.09669531249999999 0.2549166666666667
19 0.24577343749999997 0.723513888888889 0.129125 0.3231388888888889
16 0.432421875 0.7192777777777778 0.09356249999999999 0.17000000000000004
19 0.60725 0.7509930555555556 0.07165625000000002 0.11090277777777773
19 0.6636640625 0.6924027777777777 0.06726562499999993 0.13602777777777786
19 0.59567578125 0.6295555555555555 0.08707031250000004 0.1873333333333334
19 0.7673828125 0.3338055555555556 0.40601562499999994 0.6676111111111112
19 0.40096875 0.5741805555555555 0.13506250000000003 0.1760833333333333
19 0.30603125000000003 0.5436597222222223 0.09262499999999996 0.19490277777777784
19 0.5302968750000001 0.48470833333333335 0.11125000000000007 0.24475000000000005
19 0.2474140625 0.38415277777777784 0.12035937500000002 0.29288888888888887
8 0.47477734375 0.30117361111111113 0.23267968749999995 0.29790277777777785
19 0.3844609375 0.12767361111111114 0.12234374999999997 0.15279166666666666
19 0.37434765625 0.04721527777777777 0.09200781249999998 0.09443055555555555
19 0.28538671875 0.030854166666666665 0.06389843749999997 0.06170833333333333
19 0.48058984374999997 0.07954166666666666 0.10602343750000003 0.15408333333333332
8 0.5823984375 0.043340277777777776 0.12145312500000002 0.08668055555555555