19 0.26474609375 0.9720069444444445 0.07199218749999999 0.055986111111111035
19 0.52951171875 0.8170763888888888 0.3008671875000001 0.3658472222222223
19 0.678125 0.9555555555555556 0.06796875 0.08888888888888889
19 0.7014218750000001 0.9775625 0.044500000000000026 0.04487499999999992
19 0.31683203125000003 0.7998263888888889 0.1566484375 0.38434722222222223
19 0.28933593750000003 0.576125 0.09921875 0.14075000000000004
19 0.82219921875 0.5156111111111111 0.06919531250000004 0.2092222222222222
19 0.42572656249999996 0.5900277777777778 0.05914062500000004 0.061916666666666724
19 0.4513828125 0.6332638888888888 0.12039062499999997 0.04294444444444439
18 0.50251953125 0.5107430555555555 0.09533593749999998 0.1752916666666667
19 0.44005078124999997 0.4936388888888889 0.04478906249999994 0.09844444444444443
19 0.41380859374999995 0.5075694444444444 0.02071093749999999 0.0724444444444444
19 0.68538671875 0.4517986111111111 0.09203906249999996 0.19306944444444443
10 0.7325898437499999 0.3283263888888889 0.05982031249999995 0.2335972222222222
19 0.58361328125 0.4947083333333333 0.07739843749999994 0.17511111111111116
19 0.4232890625 0.4119652777777778 0.07342187500000001 0.12504166666666663
17 0.31482031250000003 0.12765972222222224 0.09351562500000003 0.19595833333333335
17 0.4566328125 0.2249375 0.14267187499999995 0.1767916666666667
2 0.5839726562499999 0.16297916666666667 0.10908593750000009 0.1612638888888889
17 0.6131640624999999 0.2663541666666666 0.05867187499999993 0.16437500000000002
17 0.6522734375 0.2738472222222222 0.08306249999999996 0.14766666666666667
17 0.5019023437500001 0.13909722222222223 0.04682031250000005 0.08830555555555554
19 0.42857031250000005 0.0707013888888889 0.09039062500000003 0.1414027777777778
18 0.494328125 0.050798611111111114 0.14210937500000007 0.10159722222222223
19 0.30621484375 0.007006944444444444 0.02810156250000002 0.014013888888888888
19 0.70455078125 0.03340972222222222 0.03761718750000007 0.05820833333333333
18 0.11199218749999999 0.13903472222222224 0.10217187500000002 0.2780694444444445