2 0.5443046875 0.8390069444444445 0.38856250000000003 0.3219861111111111
10 0.65793359375 0.9505555555555555 0.06866406250000008 0.09888888888888896
17 0.3208984375 0.9170138888888889 0.07510937499999999 0.16597222222222222
19 0.31376953125 0.8079236111111112 0.07653906250000002 0.10890277777777789
17 0.24321874999999998 0.6460902777777778 0.09829687500000002 0.18420833333333334
18 0.3145 0.6297291666666667 0.060843749999999995 0.13751388888888888
10 0.40515625 0.6167430555555555 0.12559375 0.2196805555555555
19 0.49655468750000004 0.4589722222222223 0.17440625 0.3888888888888889
19 0.70205078125 0.6435555555555555 0.1115234375 0.2568333333333333
19 0.8100156249999999 0.7779722222222222 0.07585937499999992 0.1898333333333334
10 0.59321484375 0.42866666666666664 0.09278906249999999 0.1726666666666666
6 0.22512499999999996 0.4875694444444444 0.1461875 0.1856944444444445
17 0.33168359375 0.4971041666666666 0.07080468749999999 0.10506944444444441
19 0.5419570312499999 0.7156111111111111 0.04499218749999993 0.03686111111111106
19 0.2961171875 0.3928611111111111 0.06692187499999998 0.11738888888888886
12 0.5668671875 0.17974305555555553 0.09607812500000001 0.1678194444444444
18 0.62031640625 0.20918055555555556 0.09686718750000001 0.16969444444444445
19 0.44744921875 0.11164583333333332 0.05266406250000007 0.09737500000000002
6 0.63984375 0.06893055555555556 0.14114062500000008 0.13786111111111113
18 0.11199218749999999 0.13903472222222224 0.10217187500000002 0.2780694444444445