17 0.19796874999999997 0.8507222222222222 0.06921875000000002 0.16000000000000006
17 0.58486328125 0.7777638888888889 0.07583593749999995 0.11533333333333329
16 0.36071875000000003 0.4708819444444444 0.125 0.2766527777777778
4 0.5150390625 0.32125000000000004 0.17867187500000004 0.6425000000000001
8 0.43459765624999996 0.3397083333333333 0.10317968749999995 0.15224999999999997
18 0.6676953125 0.9553472222222222 0.11382812500000003 0.0893055555555555
19 0.4454140625 0.7394791666666666 0.07546874999999993 0.14662499999999992
19 0.28213671875 0.5919583333333333 0.16353906250000003 0.1635833333333333
19 0.191015625 0.9805555555555555 0.053125 0.03888888888888889
19 0.42198828125 0.8406805555555557 0.060664062500000025 0.1468055555555556
19 0.503640625 0.9086875 0.128921875 0.182625
19 0.6473789062499999 0.3145347222222222 0.11483593750000001 0.18418055555555554
19 0.36575390625000004 0.05350694444444444 0.11627343750000003 0.10701388888888888
19 0.217625 0.03103472222222222 0.07279687499999998 0.06206944444444444
19 0.45725 0.4907777777777778 0.07640624999999997 0.19624999999999992
19 0.38355078125 0.23954861111111111 0.05055468749999999 0.07490277777777779
19 0.23061328125 0.3680486111111111 0.07300781250000002 0.1011527777777778
19 0.7542265625 0.9850972222222222 0.06775000000000002 0.029805555555555606
19 0.23907812499999997 0.8875 0.03603125 0.08236111111111105