18 0.656796875 0.9772013888888887 0.13328124999999993 0.04559722222222212
19 0.31684765625 0.9140625 0.10333593749999999 0.171875
17 0.39123828125000004 0.984986111111111 0.0372109375 0.030027777777777626
17 0.47623828125 0.9553680555555556 0.06594531250000006 0.08926388888888886
17 0.69957421875 0.8017152777777778 0.08038281250000008 0.15159722222222236
19 0.39557031249999997 0.8175138888888889 0.03214062499999999 0.06813888888888882
12 0.28226171874999995 0.8669652777777779 0.11880468749999995 0.16704166666666664
19 0.54726953125 0.9490972222222223 0.07296093750000007 0.1018055555555555
19 0.5035546875 0.8012083333333333 0.08914062499999993 0.20447222222222225
19 0.45688281249999996 0.831576388888889 0.042031249999999964 0.046152777777777806
19 0.62773828125 0.8885000000000001 0.16071093750000004 0.18461111111111123
15 0.5891132812500001 0.7513541666666667 0.1756953124999999 0.20218055555555547
19 0.77806640625 0.5904305555555556 0.18049218750000007 0.15755555555555564
19 0.18608203125 0.6592569444444444 0.07924218749999998 0.15343055555555551
19 0.39012109375000004 0.5390694444444445 0.10633593750000006 0.2241944444444444
19 0.63218359375 0.5350902777777777 0.07564843749999994 0.13712500000000002
17 0.5026171875000001 0.554875 0.04898437500000004 0.10813888888888891
19 0.3292265625 0.5415555555555556 0.02670312499999996 0.11783333333333337
17 0.21573828125 0.4982638888888889 0.05785156249999999 0.1529722222222222
2 0.5249648437500001 0.5155277777777778 0.15132031250000005 0.2715
18 0.71879296875 0.42592361111111116 0.13053906249999994 0.20323611111111117
19 0.80929296875 0.47215277777777775 0.10088281250000009 0.1371388888888889
19 0.592859375 0.43793055555555555 0.044500000000000026 0.07911111111111116
19 0.35904687500000004 0.3902430555555556 0.08753125000000002 0.2482083333333334
19 0.4973828125 0.4004583333333334 0.08304687499999996 0.10286111111111107
10 0.24704296874999998 0.3507013888888889 0.16911718750000002 0.19015277777777773
19 0.32116406249999996 0.2566388888888889 0.02670312499999996 0.03427777777777779
19 0.5058203124999999 0.2323194444444445 0.16273437499999996 0.2998055555555556
19 0.686796875 0.23709027777777775 0.19406250000000008 0.35279166666666667
4 0.311140625 0.12409722222222222 0.29021875 0.24819444444444444
17 0.20401953125 0.1884722222222222 0.09494531249999998 0.15583333333333332
19 0.51748828125 0.07470138888888889 0.06378906250000008 0.0817638888888889
19 0.51600390625 0.034055555555555554 0.1320390625 0.06811111111111111
19 0.6079804687499999 0.024826388888888887 0.04302343749999995 0.049652777777777775