18 0.4334375 0.973111111111111 0.06937499999999996 0.05377777777777781
15 0.379296875 0.9347222222222222 0.0796875 0.13055555555555556
19 0.6858046875 0.55625 0.22614062500000004 0.6666666666666666
19 0.53905078125 0.8665694444444444 0.11994531249999998 0.2073888888888888
17 0.4747109375 0.9117916666666667 0.04742187500000004 0.08922222222222223
17 0.4454453125000001 0.8539097222222223 0.07785937500000006 0.12798611111111124
19 0.41978125000000005 0.7419374999999999 0.08051562499999995 0.1786250000000001
12 0.5109726562500001 0.7420625000000001 0.08532031250000002 0.15659722222222222
19 0.3136640625 0.9546944444444444 0.04664062500000003 0.09061111111111113
8 0.32412890625 0.6994097222222222 0.10435156249999995 0.14668055555555556
18 0.5319570312499999 0.48658333333333337 0.19936718750000004 0.4037222222222223
8 0.39945703125 0.5309444444444444 0.08014843750000003 0.22997222222222227
17 0.47105078125000005 0.2500972222222222 0.07960156250000008 0.1621388888888889
19 0.5630468750000001 0.118125 0.13671875 0.23625
19 0.41842187500000005 0.09229861111111111 0.15168750000000003 0.14015277777777777
18 0.21382812499999998 0.020833333333333332 0.03937499999999998 0.041666666666666664