19 0.99477734375 0.01670138888888889 0.010445312499999915 0.03340277777777778
18 0.69921875 0.9555555555555556 0.08515625 0.08888888888888889
19 0.46796875 0.9166666666666666 0.1078125 0.16666666666666666
19 0.33649218750000004 0.9799722222222221 0.03901562500000004 0.04005555555555544
19 0.3793828125 0.957673611111111 0.06501562500000002 0.08465277777777784
2 0.22132812499999996 0.8569166666666667 0.11031250000000001 0.2861666666666666
17 0.3512734375 0.8257777777777777 0.07414062499999999 0.15188888888888874
0 0.5682773437499999 0.8495972222222222 0.05555468749999992 0.15416666666666667
19 0.6695546875 0.8565555555555556 0.08229687499999994 0.11949999999999995
19 0.5312578125 0.7663749999999999 0.131453125 0.24586111111111109
19 0.2903125 0.6330694444444444 0.09593749999999997 0.19891666666666663
19 0.53225 0.6200763888888888 0.07273437499999993 0.11826388888888886
19 0.663578125 0.6105694444444445 0.16393749999999993 0.18302777777777773
19 0.36382812500000006 0.6873611111111111 0.030718750000000038 0.060694444444444426
19 0.69677734375 0.512361111111111 0.1267578125 0.2408333333333333
10 0.51409375 0.46829166666666666 0.11587499999999995 0.14602777777777776
19 0.51596875 0.2682013888888889 0.17898437499999992 0.3116805555555555
5 0.7477734375 0.4014513888888889 0.09757812500000007 0.17095833333333338
13 0.33611718749999997 0.14673611111111112 0.20031249999999998 0.29097222222222224
2 0.527734375 0.09053472222222222 0.222453125 0.18106944444444445
10 0.63888671875 0.07829166666666668 0.06457031250000007 0.1503611111111111
3 0.7860781250000001 0.06356944444444444 0.10617187500000007 0.12713888888888888
19 0.22971874999999997 0.12485416666666665 0.016249999999999966 0.04840277777777777
19 0.26596484375 0.029666666666666668 0.048757812499999977 0.059333333333333335
18 0.11199218749999999 0.13903472222222224 0.10217187500000002 0.2780694444444445