19 0.3328125 0.9625 0.07734375 0.075
8 0.43136328125 0.8700694444444443 0.2082109375 0.259861111111111
19 0.23798046875 0.95575 0.032320312500000004 0.054055555555555655
8 0.28675390625 0.6018402777777777 0.19149218750000002 0.17687500000000003
19 0.32778125 0.6512083333333334 0.018843750000000003 0.036305555555555535
19 0.3569296875 0.4261388888888889 0.10395312499999995 0.1693888888888889
8 0.44139062500000004 0.3753611111111111 0.08987499999999997 0.17955555555555552
19 0.5099765625 0.5293472222222222 0.051515625000000044 0.1029722222222222
17 0.3032265625 0.34603472222222226 0.097859375 0.10095833333333333
19 0.67750390625 0.33820833333333333 0.04561718750000008 0.08113888888888891
19 0.70004296875 0.21275000000000002 0.1749140624999999 0.36283333333333334
10 0.56829296875 0.1791736111111111 0.15080468749999998 0.2083472222222222
10 0.40730468750000004 0.11854166666666666 0.10476562499999997 0.2370833333333333
19 0.44930859375 0.020131944444444442 0.029257812500000036 0.040263888888888884
19 0.53630078125 0.033694444444444444 0.08533593750000001 0.06738888888888889
18 0.439671875 0.4297083333333333 0.06050000000000004 0.0694166666666667
18 0.11199218749999999 0.13903472222222224 0.10217187500000002 0.2780694444444445