19 0.28131249999999997 0.9434999999999999 0.10175000000000001 0.11299999999999986
19 0.8161015624999999 0.9026805555555556 0.06673437500000005 0.19463888888888872
19 0.421484375 0.9715277777777778 0.053125 0.05694444444444444
19 0.4742578125 0.9960416666666666 0.05492187499999997 0.00791666666666673
18 0.49787500000000007 0.894701388888889 0.09190625000000008 0.16829166666666676
19 0.437375 0.8784513888888887 0.04428125000000005 0.10884722222222207
19 0.40865234375000004 0.8904166666666667 0.02071093749999999 0.07244444444444456
19 0.68098828125 0.8283680555555555 0.09203906249999996 0.181736111111111
10 0.7252617187499999 0.7166041666666667 0.05982031249999995 0.2335972222222223
19 0.5776328125 0.8768055555555556 0.07754687499999999 0.18916666666666673
19 0.41789453125 0.7902430555555556 0.07046093750000004 0.12243055555555568
17 0.310421875 0.5150486111111111 0.09351562500000003 0.1942638888888889
17 0.45174609375 0.614986111111111 0.14267968749999996 0.16641666666666657
2 0.57987890625 0.549611111111111 0.1078984375000001 0.16338888888888886
17 0.6068125 0.6472222222222223 0.05867187499999993 0.15488888888888885
17 0.645921875 0.659513888888889 0.08306249999999996 0.14766666666666659
17 0.49723437499999995 0.5247152777777777 0.04537499999999994 0.08306944444444436
19 0.42623437499999994 0.44436805555555553 0.09334375000000002 0.17793055555555556
18 0.493140625 0.3907638888888889 0.1444218750000001 0.1974444444444444
19 0.3025078125 0.29756944444444444 0.06506249999999998 0.23208333333333336
19 0.6955078125 0.42140277777777774 0.03762500000000006 0.05819444444444441
19 0.40913671874999996 0.3282361111111111 0.04342968749999998 0.09988888888888892
19 0.644640625 0.24738194444444445 0.037124999999999984 0.043375000000000025
19 0.8314453125 0.18472222222222223 0.050234375000000143 0.09194444444444443
18 0.11199218749999999 0.13903472222222224 0.10217187500000002 0.2780694444444445