17 0.614171875 0.9820347222222221 0.06556250000000005 0.0359305555555554
19 0.465234375 0.9493055555555555 0.13046875 0.10138888888888889
3 0.551953125 0.9819444444444444 0.04921875 0.03611111111111111
19 0.331609375 0.9631180555555555 0.07337499999999997 0.07376388888888875
19 0.73359375 0.9451388888888889 0.05 0.10972222222222222
19 0.44231640624999996 0.8762083333333334 0.13692968749999998 0.18508333333333332
19 0.8001875 0.9157291666666667 0.09767187499999999 0.1189305555555557
19 0.671921875 0.8186597222222222 0.22478125000000002 0.2895416666666667
19 0.5351523437499999 0.912201388888889 0.1096796874999999 0.08634722222222233
11 0.49302734374999996 0.7457361111111112 0.07249218749999997 0.1337222222222222
16 0.5597460937500001 0.7957569444444443 0.04855468750000007 0.09345833333333328
17 0.813140625 0.7938472222222221 0.08481249999999996 0.1576944444444444
15 0.31758984375 0.5957083333333334 0.07141406249999997 0.23680555555555563
0 0.42485156249999995 0.5067152777777777 0.05173437500000002 0.1257083333333333
19 0.48925390625 0.5703819444444445 0.1021484375 0.2119861111111111
19 0.6044375000000001 0.6701597222222222 0.1788125000000001 0.29476388888888894
3 0.7311992187499999 0.63975 0.07430468749999992 0.11883333333333326
3 0.35434375 0.6463402777777778 0.06384375000000002 0.19101388888888884
19 0.42628125 0.6688194444444444 0.10435937499999999 0.21013888888888882
19 0.36469921875 0.4964722222222222 0.0821328125 0.1717222222222222
12 0.34884375 0.4086736111111111 0.09378124999999997 0.12265277777777774
10 0.7697148437499999 0.4525 0.06260156250000008 0.2144444444444444
2 0.71201171875 0.40613888888888894 0.05980468749999997 0.12674999999999997
19 0.64374609375 0.4722222222222222 0.0654296875 0.12758333333333335
19 0.5908203125 0.47454861111111113 0.06332812499999996 0.11756944444444441
3 0.48976953125 0.28485416666666663 0.1046953125 0.3672083333333333
18 0.5599999999999999 0.23369444444444443 0.0875 0.36733333333333335
19 0.44088671875 0.40098611111111115 0.04880468750000002 0.11727777777777781
17 0.4193359375 0.2093958333333333 0.05414062499999996 0.12065277777777779
2 0.670015625 0.21862499999999999 0.13256250000000006 0.3097500000000001
11 0.82944921875 0.2750208333333333 0.08358593749999992 0.18143055555555554
13 0.7670312499999999 0.11554166666666668 0.17718750000000005 0.23058333333333333
19 0.7278515624999999 0.26066666666666666 0.04137500000000003 0.0900555555555556
19 0.33209375 0.1003125 0.11468749999999997 0.200625
11 0.45908984375 0.0727986111111111 0.14775781250000003 0.1455972222222222
12 0.593828125 0.02338888888888889 0.07387499999999995 0.04677777777777778