19 0.430828125 0.1980972222222222 0.1675625 0.3945277777777777
10 0.6219335937499999 0.05700694444444444 0.05730468749999993 0.11401388888888889
19 0.5525703125 0.07509027777777777 0.07954687499999995 0.15018055555555554
12 0.499328125 0.9395555555555556 0.08984375 0.12088888888888884
19 0.61209375 0.9735694444444445 0.06582812499999999 0.05286111111111103
19 0.39687109375 0.9014722222222221 0.0859296875 0.14558333333333323
19 0.57315625 0.8949166666666666 0.07682812499999994 0.08272222222222214
3 0.707265625 0.8384930555555556 0.14275000000000002 0.26456944444444447
19 0.49842578125000003 0.7972708333333335 0.24675781250000006 0.13109722222222236
19 0.20124218749999997 0.9130277777777778 0.029328124999999993 0.07011111111111114
14 0.2482421875 0.6217708333333334 0.07484374999999996 0.12343055555555556
19 0.31396875 0.6700069444444444 0.11726562500000001 0.18081944444444453
16 0.41569921875000004 0.6820416666666668 0.07886718750000003 0.15458333333333335
12 0.490421875 0.6464236111111112 0.09201562499999998 0.18054166666666677
12 0.559046875 0.6572222222222223 0.08009374999999999 0.15175000000000008
17 0.6094882812500001 0.6202222222222222 0.04835156250000008 0.1242777777777778
19 0.737625 0.7050416666666667 0.06824999999999992 0.12877777777777782
17 0.45573828125000004 0.8813333333333334 0.04564843750000005 0.1113055555555557
14 0.7152070312500001 0.5292569444444445 0.05057031250000001 0.10784722222222219
19 0.5929375 0.48000000000000004 0.11631250000000008 0.2013333333333334
19 0.68194921875 0.470875 0.09536718749999995 0.11513888888888886
19 0.5119296875 0.32925 0.1296875 0.29013888888888884
10 0.79255859375 0.3563055555555555 0.1648359375 0.16327777777777774
14 0.25377734375000005 0.33134722222222224 0.1839921875 0.28375000000000006
10 0.23187499999999997 0.3485486111111111 0.10718750000000002 0.29631944444444447
19 0.60607421875 0.32613194444444443 0.10483593750000005 0.24243055555555562
19 0.65959765625 0.25107638888888884 0.14830468749999995 0.2864583333333333
12 0.7678281250000001 0.17922222222222225 0.092 0.19872222222222227