19 0.476171875 0.9423611111111111 0.09453125 0.11527777777777778
19 0.7386171874999999 0.9003749999999999 0.011796874999999929 0.025416666666666605
19 0.19458203125 0.8559444444444444 0.017257812500000004 0.04877777777777763
19 0.34880859375 0.7752500000000001 0.09899218750000002 0.22377777777777771
19 0.6187421875 0.7416527777777778 0.09937500000000003 0.14347222222222217
17 0.40848828125000003 0.7390972222222222 0.08208593749999996 0.15411111111111117
17 0.3900703125 0.6260069444444444 0.04635937500000002 0.1267916666666666
19 0.32832812499999997 0.5704305555555556 0.07178124999999999 0.20302777777777786
19 0.346828125 0.7125486111111111 0.08859374999999999 0.08759722222222222
19 0.5235390625 0.6664513888888889 0.09684375000000003 0.10623611111111113
19 0.63858203125 0.6085902777777777 0.08035156249999993 0.13537500000000005
19 0.57469921875 0.6152777777777778 0.05561718750000004 0.1371388888888889
2 0.2587890625 0.5496597222222223 0.15148437499999998 0.2726527777777777
7 0.44358593749999997 0.6027986111111112 0.06387499999999999 0.16834722222222226
19 0.5549609375 0.5107708333333333 0.09271875000000004 0.15201388888888895
19 0.26358203125 0.5489305555555556 0.060789062499999956 0.1300277777777778
19 0.29844140625 0.5095555555555555 0.02369531250000003 0.05127777777777772
19 0.4464453125 0.3889652777777778 0.044296875000000034 0.06365277777777784
14 0.3679765625 0.46281944444444445 0.06387499999999999 0.20825000000000007
19 0.40590624999999997 0.41322916666666665 0.021468750000000016 0.05815277777777778
19 0.6323359375 0.5181319444444444 0.014906249999999944 0.019402777777777817
19 0.1984296875 0.34175694444444443 0.06498437500000002 0.08615277777777774
19 0.27723437500000003 0.25729861111111113 0.10106250000000001 0.16348611111111108
19 0.3262890625 0.1330347222222222 0.09429687500000003 0.17143055555555556
19 0.55380859375 0.26665277777777774 0.011335937499999994 0.02563888888888886
19 0.607515625 0.28805555555555556 0.00929687500000007 0.020361111111111146
19 0.64543359375 0.22469444444444445 0.015023437500000014 0.017138888888888853
17 0.57135546875 0.19591666666666668 0.10166406250000008 0.1303888888888889
10 0.20321093750000002 0.09401388888888888 0.078125 0.13277777777777777
10 0.6096328124999999 0.05654861111111112 0.061812499999999916 0.11309722222222224
2 0.5712421875 0.08870833333333333 0.09581250000000008 0.1338888888888889
13 0.275 0.034784722222222224 0.06809374999999998 0.06956944444444445
19 0.3599921875 0.051159722222222224 0.05057812500000001 0.08443055555555556
19 0.39553515624999996 0.01188888888888889 0.022773437500000028 0.02377777777777778