18 0.714453125 0.9805555555555555 0.05546875 0.03888888888888889
17 0.30859375 0.9548611111111112 0.06640625 0.09027777777777778
18 0.29230078125 0.8759375000000001 0.10482031249999997 0.12520833333333345
18 0.67496484375 0.6602083333333334 0.04310156250000006 0.1412222222222223
18 0.45923828124999994 0.6844097222222222 0.04344531249999992 0.10504166666666657
8 0.23467968749999998 0.6102777777777777 0.173421875 0.18141666666666667
2 0.6199296875 0.8376388888888889 0.15562500000000004 0.32472222222222213
18 0.5587460937500001 0.5723611111111111 0.11208593750000002 0.18013888888888896
12 0.7104921875000001 0.4312916666666667 0.12004687500000007 0.21599999999999997
19 0.41612890625 0.4749791666666667 0.15057031250000003 0.22023611111111102
12 0.46792187499999993 0.39825 0.06995312499999998 0.12605555555555553
11 0.5663437499999999 0.2423819444444444 0.10295312499999998 0.11770833333333333
10 0.24923828125000003 0.16631944444444444 0.06363281250000004 0.2826388888888889
9 0.34650781249999996 0.24753472222222223 0.23174999999999996 0.25201388888888887
18 0.46304687499999997 0.1597222222222222 0.09656249999999993 0.1311111111111111
18 0.43987890625 0.05735416666666667 0.24352343750000002 0.11470833333333334
18 0.31546484375 0.12283333333333334 0.0741171875 0.11505555555555558
10 0.51525390625 0.06441666666666666 0.07689843750000006 0.12883333333333333
19 0.48823828124999996 0.9039374999999998 0.13603906250000009 0.1921249999999999
19 0.39138671875000003 0.9402222222222223 0.09547656250000003 0.11488888888888893
2 0.23717968749999999 0.9117222222222223 0.11648437500000001 0.1765555555555554
19 0.12076171875 0.2946736111111111 0.1258203125 0.5893472222222222