7 0.33523828125 0.9529166666666667 0.16344531250000002 0.0941666666666666
19 0.57417578125 0.9585069444444444 0.044929687499999996 0.08298611111111111
12 0.6431640625 0.8394305555555556 0.12914062499999995 0.23541666666666666
19 0.7662421875 0.848111111111111 0.07610937499999997 0.16322222222222219
19 0.4531406250000001 0.9175625 0.08020312500000007 0.16487500000000005
19 0.52400390625 0.8652916666666667 0.07947656250000001 0.147361111111111
19 0.5328046875 0.7293125 0.08217187500000005 0.14862499999999998
0 0.31851171875000006 0.7023472222222223 0.08941406250000003 0.1663888888888889
19 0.406734375 0.6321180555555556 0.04728124999999998 0.09456944444444448
10 0.5541445312500001 0.41752083333333334 0.13530468750000005 0.20923611111111107
17 0.6659648437500001 0.6281527777777778 0.09197656250000001 0.10908333333333328
16 0.664875 0.4527152777777778 0.12462499999999999 0.22759722222222223
19 0.61584375 0.7108819444444443 0.10346875000000004 0.11734722222222216
19 0.41462890625000004 0.5301875 0.09324218749999998 0.08465277777777784
19 0.546734375 0.5902361111111112 0.10737500000000004 0.14577777777777784
14 0.46849609374999995 0.4343541666666667 0.07697656249999998 0.11120833333333324
2 0.2698671875 0.3309722222222222 0.158328125 0.2469444444444445
19 0.44129687500000003 0.3199513888888889 0.17629687500000002 0.12787499999999996
19 0.51496875 0.2055486111111111 0.16940624999999992 0.3840694444444444
19 0.6311328125 0.2259722222222222 0.09914062500000007 0.22388888888888886
19 0.483 0.04725694444444444 0.14437499999999998 0.09451388888888888
18 0.7599335937499999 0.12227777777777776 0.043054687499999925 0.08855555555555554
19 0.6417304687500001 0.05851388888888889 0.09371093750000004 0.11702777777777779
17 0.7818867187499999 0.03149305555555556 0.05319531249999994 0.06298611111111112
18 0.24714062500000003 0.11243055555555556 0.22176562500000002 0.22486111111111112