19 0.7732265625 0.9242499999999999 0.09464062499999999 0.1514999999999999
19 0.5868515625 0.9022986111111111 0.23679687499999993 0.19540277777777784
10 0.36801171875 0.9236111111111112 0.11925781249999998 0.1527777777777778
8 0.16547265625000002 0.9128333333333334 0.05785156250000001 0.1743333333333333
12 0.25699218749999997 0.8759583333333334 0.15796874999999996 0.24808333333333318
17 0.47874218749999997 0.6960972222222223 0.07796874999999996 0.1222777777777778
17 0.4213984375 0.7419791666666667 0.05771874999999995 0.14587499999999995
19 0.4864921875 0.8045972222222222 0.09273437500000004 0.13483333333333322
17 0.56874609375 0.6725416666666667 0.08747656250000002 0.12963888888888886
19 0.76969140625 0.7460069444444445 0.08042968750000004 0.1212083333333333
2 0.70960546875 0.6630069444444444 0.0708984375 0.23956944444444445
17 0.2847734375 0.6581180555555555 0.09226562500000002 0.14987499999999995
19 0.21121093750000003 0.65225 0.07790625000000002 0.2130277777777777
19 0.4335859375 0.6005694444444445 0.09100000000000001 0.16719444444444445
12 0.644328125 0.5538125 0.11078124999999997 0.17040277777777785
19 0.3628671875 0.6080833333333333 0.09545312500000006 0.2113333333333333
19 0.5363828125000001 0.5286180555555556 0.03862500000000004 0.07240277777777777
10 0.712109375 0.4391944444444444 0.12951562499999997 0.12124999999999994
17 0.2889453125 0.497375 0.08932812500000002 0.1333055555555556
19 0.3550859375 0.4332361111111111 0.08426562500000001 0.18375000000000005
19 0.52092578125 0.3260694444444444 0.09669531249999999 0.2549166666666666
19 0.250421875 0.3233819444444444 0.129125 0.32315277777777773
16 0.43646093750000003 0.3417916666666666 0.09356249999999999 0.16999999999999996
19 0.6116953125 0.3577638888888889 0.07165625000000002 0.11091666666666669
19 0.65753125 0.31606944444444446 0.06726562499999993 0.13602777777777775
19 0.5917656250000001 0.24463888888888888 0.08706250000000004 0.18733333333333332
19 0.7066875 0.2521111111111111 0.061437500000000075 0.0631111111111111
19 0.7887500000000001 0.13243055555555555 0.4134375 0.2648611111111111
19 0.4082109375 0.19389583333333335 0.13610937500000003 0.18501388888888895
19 0.31068359375 0.1551875 0.0895546875 0.2057361111111111
19 0.5342187500000001 0.11588194444444445 0.11125000000000007 0.2317638888888889
19 0.2394140625 0.0623125 0.094140625 0.124625
8 0.45049609375 0.06267361111111111 0.14057031250000004 0.12534722222222222