19 0.29569140625 0.9680902777777778 0.10107031250000001 0.06381944444444451
19 0.58811328125 0.86375 0.32111718749999996 0.2725000000000001
19 0.37591015624999996 0.9289444444444444 0.10682031249999997 0.1344999999999999
17 0.47426562499999997 0.9248263888888889 0.08307812499999993 0.15034722222222222
19 0.39673046875 0.7756944444444445 0.06378906249999998 0.1745833333333334
19 0.31888671874999996 0.7121944444444444 0.08324218749999997 0.34755555555555556
17 0.26053515624999996 0.7505000000000001 0.040945312499999977 0.10761111111111113
14 0.49358203125000005 0.5754513888888889 0.2040859375 0.3337638888888888
19 0.60182421875 0.6557916666666667 0.012679687500000014 0.030555555555555555
18 0.37963671875 0.5161041666666667 0.08447656249999999 0.18640277777777783
19 0.51 0.34786111111111107 0.14453125 0.21238888888888882
19 0.5045820312499999 0.41404861111111113 0.039148437499999925 0.06598611111111109
10 0.34759375 0.2260208333333333 0.09028124999999995 0.2995416666666667
7 0.6586484375 0.09735416666666666 0.054421875000000064 0.16418055555555552
19 0.283640625 0.19384027777777776 0.08228124999999994 0.18926388888888887
19 0.47662890625000004 0.14059027777777777 0.07747656250000005 0.14076388888888886
19 0.5813671875 0.15541666666666668 0.14210937500000007 0.23444444444444446
19 0.5883828125 0.21747222222222223 0.08682812500000008 0.05338888888888889
19 0.24896875000000002 0.17780555555555552 0.01974999999999998 0.08394444444444445
19 0.31851171875 0.07020833333333333 0.05236718749999998 0.14041666666666666
19 0.52155078125 0.060284722222222226 0.05322656250000009 0.12056944444444445
19 0.62972265625 0.028236111111111108 0.03605468750000007 0.056472222222222215
12 0.47991015625 0.02365972222222222 0.059242187499999946 0.04731944444444444
19 0.43000390624999996 0.3746041666666666 0.10716406250000002 0.22173611111111108