19 0.573046875 0.96875 0.1203125 0.0625
19 0.25384765624999994 0.9454097222222221 0.04964843749999996 0.10918055555555542
19 0.323046875 0.9298611111111111 0.10078125 0.14027777777777778
19 0.2833671875 0.8678888888888889 0.03409374999999999 0.04747222222222231
19 0.4466640625 0.9477361111111111 0.166234375 0.10452777777777776
19 0.43367187500000004 0.8978402777777776 0.051999999999999956 0.05806944444444437
12 0.72226171875 0.8961388888888889 0.0767578125 0.15874999999999995
8 0.5250703125 0.8522708333333333 0.13987499999999997 0.13279166666666653
19 0.5948515624999999 0.7423958333333333 0.09184374999999996 0.3150694444444444
19 0.6347617187499999 0.8480763888888889 0.09716406249999991 0.19979166666666653
17 0.183921875 0.8350694444444444 0.06062500000000002 0.1695833333333332
19 0.650390625 0.6978333333333334 0.057656249999999964 0.12769444444444453
9 0.739203125 0.6276875 0.1033125 0.19406944444444438
19 0.39558593750000004 0.7826388888888889 0.13851562499999998 0.2588611111111112
17 0.47171874999999996 0.7269930555555555 0.05764062499999998 0.1258194444444444
12 0.5299101562499999 0.7181805555555556 0.05975781250000001 0.1186388888888889
16 0.21330078125 0.6597152777777778 0.08217968750000001 0.1335972222222223
11 0.283875 0.6845902777777777 0.09551562499999999 0.25387499999999996
19 0.33734374999999994 0.6653402777777778 0.05979687499999997 0.13004166666666667
19 0.42312890625 0.5997708333333334 0.08530468750000005 0.1528749999999999
11 0.4972890625 0.5916527777777778 0.06335937499999993 0.2076388888888889
10 0.3522890625 0.5614027777777777 0.06778124999999999 0.13666666666666663
19 0.6936328125 0.42340972222222223 0.24820312500000002 0.36354166666666665
19 0.43404687500000005 0.3848125 0.18107812499999998 0.3122916666666667
17 0.222515625 0.3658541666666666 0.08354687499999998 0.18812500000000001
19 0.41448828125 0.34446527777777775 0.05864843749999995 0.11684722222222221
10 0.33124609375 0.3531180555555556 0.06092968750000001 0.29151388888888885
19 0.5445703125 0.3268333333333333 0.06484375 0.0704166666666667
19 0.25175000000000003 0.19660416666666666 0.07009375000000002 0.17318055555555556
19 0.1877421875 0.13827777777777778 0.10860937499999998 0.2635
19 0.43304687500000005 0.20525694444444445 0.05093750000000004 0.11273611111111113
17 0.22207421875 0.036159722222222225 0.07886718750000002 0.07231944444444445
12 0.57478515625 0.06644444444444444 0.08941406250000003 0.1328888888888889
19 0.508234375 0.011166666666666665 0.037453125000000045 0.02233333333333333