0 0.48125 0.9791666666666666 0.078125 0.041666666666666664
4 0.5409062499999999 0.8439722222222223 0.17156249999999992 0.28072222222222215
3 0.5966367187499999 0.9102152777777778 0.10100781249999997 0.10165277777777786
18 0.3670390625 0.9292222222222222 0.04459375000000003 0.13552777777777766
0 0.219203125 0.8308194444444443 0.08726562500000001 0.20391666666666658
19 0.285609375 0.8476527777777777 0.04378124999999997 0.10352777777777773
3 0.32897265625000005 0.681888888888889 0.10642968750000001 0.22013888888888897
19 0.65883984375 0.8495277777777778 0.044679687500000044 0.08169444444444436
17 0.76197265625 0.5506666666666666 0.06828906250000007 0.1496388888888889
17 0.632796875 0.555375 0.07146875000000001 0.11294444444444436
16 0.47601171875 0.4487430555555556 0.09392968750000001 0.18220833333333342
7 0.8202109375 0.42643055555555553 0.08099999999999996 0.11858333333333333
19 0.2841796875 0.32713888888888887 0.09053125 0.24000000000000002
12 0.4505859375 0.24006944444444445 0.10554687499999997 0.1476388888888889
12 0.222953125 0.11824305555555556 0.08073437500000002 0.1482361111111111
12 0.6128984375 0.09817361111111111 0.19148437499999993 0.19634722222222223
18 0.38825000000000004 0.25054166666666666 0.041359375000000045 0.07352777777777778
18 0.38824999999999993 0.1470625 0.049015624999999965 0.09804166666666667
18 0.33693359375000004 0.23965277777777774 0.041367187500000034 0.05174999999999999
0 0.32391015625 0.17088888888888887 0.05821093749999999 0.09666666666666664
11 0.34957031250000004 0.1293541666666667 0.03600000000000003 0.10348611111111114
19 0.46148828125 0.14395833333333335 0.09835156250000007 0.08169444444444446
12 0.4729765625 0.041013888888888884 0.09926562499999995 0.07516666666666666
19 0.62458984375 0.3887847222222222 0.11911718750000003 0.22870833333333326
3 0.695265625 0.34924999999999995 0.1032343749999999 0.20047222222222227
19 0.12076171875 0.2946736111111111 0.1258203125 0.5893472222222222