19 0.99477734375 0.01670138888888889 0.010445312499999915 0.03340277777777778
19 0.76017578125 0.7927013888888889 0.019601562499999937 0.029624999999999898
19 0.72877734375 0.7953888888888888 0.03203906249999999 0.06083333333333327
19 0.47935546875 0.7920972222222223 0.0294921875 0.05752777777777788
19 0.6031718749999999 0.8340416666666667 0.18523437499999992 0.14469444444444454
19 0.5888984375 0.7151875 0.08096875000000008 0.09462500000000007
3 0.4330546875 0.6936944444444445 0.04632812499999996 0.1065555555555556
19 0.5396640625 0.5893958333333333 0.09118750000000002 0.11587500000000009
10 0.79539453125 0.48394444444444445 0.08688281250000003 0.24161111111111117
3 0.46573828125 0.3662500000000001 0.16821093749999996 0.2955555555555555
19 0.45207421875 0.44206249999999997 0.10524218750000003 0.26034722222222223
19 0.271984375 0.3260138888888888 0.11306250000000002 0.20852777777777773
19 0.33004296875 0.2530972222222222 0.08850781249999998 0.12952777777777777
19 0.3459296875 0.35270833333333335 0.043453125 0.08097222222222224
19 0.40403124999999995 0.15691666666666665 0.05396874999999999 0.1328333333333333
17 0.73592578125 0.15022222222222223 0.0705078125 0.12361111111111112
19 0.54117578125 0.09797222222222222 0.1339921875 0.19594444444444445
17 0.50397265625 0.016013888888888887 0.03852343749999996 0.03202777777777777
11 0.6531835937499999 0.010374999999999999 0.03364843749999995 0.020749999999999998
18 0.11199218749999999 0.13903472222222224 0.10217187500000002 0.2780694444444445