19 0.625390625 0.9458333333333333 0.1234375 0.10833333333333334
19 0.46812890625000003 0.8343055555555554 0.08155468750000008 0.33138888888888884
19 0.53202734375 0.8902638888888889 0.08021093750000005 0.15833333333333333
10 0.32480078125 0.8135208333333334 0.08563281250000002 0.25037499999999996
10 0.21930468750000004 0.7773680555555557 0.09609375 0.32190277777777776
12 0.7738203125 0.9098263888888888 0.08106250000000008 0.13973611111111098
19 0.42421875 0.9236111111111112 0.0875 0.1527777777777778
19 0.38234765625 0.7457083333333333 0.07571093750000002 0.15530555555555547
19 0.54869921875 0.7900902777777777 0.09002343750000001 0.10070833333333332
19 0.51732421875 0.7121041666666668 0.060664062500000074 0.14179166666666662
19 0.57537890625 0.6553680555555556 0.05358593749999994 0.1042638888888888
19 0.44936328125 0.7119305555555556 0.05874218750000004 0.15463888888888885
16 0.35984375 0.6354791666666667 0.09201562500000002 0.1578472222222222
19 0.27953515625 0.5776597222222222 0.06121093750000002 0.19954166666666662
19 0.43735546875000003 0.5554375 0.13367968750000006 0.22865277777777776
19 0.51058984375 0.5576111111111112 0.03649218750000003 0.15991666666666665
19 0.352203125 0.5062430555555556 0.04246875000000001 0.0737083333333334
19 0.36782421875000004 0.4613055555555555 0.04155468750000004 0.0808888888888889
0 0.6655703125 0.37361805555555555 0.08012499999999996 0.1360694444444445
19 0.41437109375 0.38025694444444447 0.056554687500000034 0.0847361111111111
17 0.48266406249999994 0.3289861111111111 0.0640625 0.14866666666666667
10 0.354234375 0.3421111111111111 0.09098437500000003 0.14197222222222225
19 0.57119921875 0.2810347222222222 0.08171093749999994 0.15879166666666664
19 0.5784765625 0.20194444444444445 0.23273437500000008 0.3677777777777778
3 0.70678125 0.19826388888888888 0.22262500000000002 0.39652777777777776
9 0.40064843749999995 0.1834236111111111 0.158796875 0.25545833333333334
19 0.21074609375 0.1512222222222222 0.06600781250000001 0.1023611111111111
17 0.27143359375 0.11527777777777778 0.11021093749999995 0.19222222222222218
19 0.37970703125 0.072375 0.12841406250000004 0.14475