18 0.208203125 0.7283194444444444 0.04718749999999998 0.14080555555555546
2 0.22210546874999998 0.5625694444444443 0.13383593749999997 0.24416666666666662
12 0.404671875 0.6529097222222222 0.033624999999999974 0.0780694444444445
19 0.41021484375000006 0.5480625 0.11122656249999996 0.15381944444444445
19 0.592359375 0.5476041666666667 0.061437500000000075 0.10104166666666667
17 0.6212617187499999 0.3823333333333333 0.06997656249999995 0.2058888888888889
19 0.47632812500000005 0.4455555555555556 0.08339062500000001 0.11844444444444441
19 0.51555078125 0.3995069444444444 0.14010156249999994 0.1287083333333333
19 0.51786328125 0.5391180555555556 0.022445312500000016 0.03537500000000004
18 0.31294140625 0.46711805555555563 0.0887578125 0.08445833333333326
17 0.39154296875 0.41763194444444446 0.05142968750000003 0.08109722222222221
19 0.7112070312500001 0.3372222222222222 0.11383593750000003 0.2086111111111111
10 0.238671875 0.25102083333333336 0.07218749999999999 0.28287499999999993
19 0.33933593749999996 0.2569236111111111 0.11164062499999998 0.2552361111111111
19 0.46874609375 0.29818055555555556 0.07905468750000004 0.12802777777777774
19 0.6505273437500001 0.19125000000000003 0.07394531250000007 0.07861111111111112
2 0.56162109375 0.21638194444444447 0.11094531249999999 0.278375
19 0.616390625 0.0660625 0.08706250000000004 0.132125
19 0.3876953125 0.10314583333333334 0.09070312499999997 0.1404027777777778
19 0.47031640625 0.0631111111111111 0.08485156249999992 0.12066666666666666
19 0.533859375 0.03602777777777778 0.052078125000000065 0.07205555555555555
13 0.35329296875 0.022916666666666665 0.0637734375 0.04583333333333333
2 0.40992968750000003 0.27264583333333337 0.07126562500000003 0.2733194444444444
19 0.50510546875 0.18685416666666665 0.11369531249999998 0.1674027777777778
19 0.49101953125 0.9524305555555556 0.08727343750000002 0.09513888888888888
8 0.56815625 0.955486111111111 0.07993749999999995 0.08902777777777765
10 0.72444140625 0.9665277777777778 0.06267968750000001 0.0669444444444445
17 0.41969140625 0.9580277777777777 0.06907031250000002 0.08394444444444452
10 0.62307421875 0.9336666666666666 0.13260156250000002 0.12266666666666658
17 0.46008984374999995 0.8388888888888889 0.07525781249999994 0.11561111111111112
17 0.53377734375 0.8614652777777778 0.08989843749999996 0.0909861111111111
10 0.37701171875 0.8513958333333334 0.04933593749999998 0.217486111111111
10 0.34099218750000004 0.6749791666666667 0.10934375000000003 0.2740694444444444
18 0.58787890625 0.7869652777777778 0.16013281250000003 0.1667083333333333
12 0.7018984375 0.7348611111111112 0.1626093749999999 0.27138888888888896
18 0.11199218749999999 0.13903472222222224 0.10217187500000002 0.2780694444444445
19 0.4085234375 0.8370624999999999 0.020718749999999987 0.11776388888888883