19 0.21805078125000002 0.9892152777777778 0.06186718750000002 0.021569444444444405
19 0.4031640625 0.9522569444444444 0.10960937499999997 0.0954861111111111
13 0.5491601562499999 0.9228402777777777 0.21377343750000008 0.15431944444444431
8 0.5045624999999999 0.8938333333333333 0.08931249999999995 0.11961111111111096
17 0.31871875000000005 0.888986111111111 0.12134374999999994 0.18038888888888904
17 0.4455703125 0.8879999999999999 0.05073437500000004 0.11961111111111096
19 0.41744921875 0.8085972222222222 0.0341796875 0.07058333333333325
19 0.53018359375 0.7748958333333332 0.14275781250000003 0.16940277777777782
19 0.8412578125000001 0.8199861111111111 0.02285937500000017 0.04513888888888889
19 0.51726171875 0.6580138888888889 0.07169531249999998 0.10980555555555548
16 0.34961328125 0.6442152777777778 0.12242968750000002 0.24326388888888886
19 0.4355859375000001 0.5804513888888889 0.04312500000000004 0.09223611111111106
17 0.62204296875 0.6221388888888889 0.09816406250000007 0.10311111111111113
17 0.748859375 0.5505694444444444 0.05407812500000002 0.14036111111111105
10 0.6953320312500001 0.6446527777777777 0.053054687500000065 0.12069444444444441
17 0.40476171875 0.5046736111111111 0.09596093749999998 0.09804166666666671
19 0.2900546875 0.5125347222222222 0.04742187500000004 0.05493055555555549
19 0.4903515625 0.44722222222222224 0.07279687500000005 0.12352777777777785
8 0.7769609375 0.4464375 0.03764062500000005 0.1792083333333333
12 0.66450390625 0.4248680555555555 0.2095546875 0.3125416666666666
12 0.2889296875 0.3282430555555556 0.12023437499999998 0.1881805555555556
19 0.40030859375 0.3890277777777778 0.1046953125 0.1252777777777778
19 0.5375859375 0.34449305555555554 0.11485937499999999 0.21448611111111113
19 0.37917187500000005 0.29859722222222224 0.06507812500000001 0.07255555555555557
19 0.45637890625 0.32016666666666665 0.08492968750000003 0.15097222222222226
19 0.71446875 0.2348680555555556 0.029781249999999915 0.05490277777777774
19 0.4833984375 0.21449305555555556 0.09926562499999995 0.09565277777777778
19 0.41391406250000007 0.1791944444444444 0.041906250000000034 0.07994444444444444
10 0.20761328125 0.22132638888888886 0.05303906249999999 0.16043055555555555
10 0.2699296875 0.17920833333333333 0.05415624999999995 0.16230555555555556
19 0.35762109375 0.15272222222222223 0.0750859375 0.1328888888888889
19 0.765203125 0.12820138888888888 0.022062500000000006 0.05881944444444444
19 0.49271875 0.12292361111111111 0.27143750000000005 0.24584722222222222
2 0.3262421875 0.07880555555555556 0.130171875 0.15761111111111112
13 0.20270312500000004 0.08077083333333333 0.12132812499999998 0.16154166666666667
19 0.81814453125 0.0660625 0.09485156249999997 0.132125