18 0.554453125 0.9860972222222222 0.08953124999999992 0.02780555555555553
16 0.47103125000000007 0.9817916666666666 0.034140625000000036 0.0364166666666667
19 0.54378515625 0.9152638888888889 0.09477343749999996 0.11338888888888903
2 0.33454687499999997 0.9579722222222222 0.06426562499999999 0.08405555555555554
3 0.39494921875000005 0.9262430555555555 0.07949218750000005 0.1402638888888889
18 0.6338359375 0.7466736111111112 0.30776562500000004 0.5066527777777777
2 0.74144140625 0.9066736111111112 0.08005468750000003 0.13295833333333335
2 0.27540234375 0.8083263888888889 0.13491406250000004 0.23476388888888886
19 0.43223828124999997 0.8158333333333333 0.2060390625 0.21499999999999994
19 0.4988359375 0.6322777777777778 0.09596874999999994 0.1511388888888888
17 0.44103515625000006 0.4761249999999999 0.07824218750000007 0.13447222222222213
19 0.51263671875 0.5235972222222223 0.06752343750000005 0.08613888888888886
17 0.72388671875 0.4495625 0.07222656250000004 0.09993055555555562
19 0.6428359374999999 0.5110208333333334 0.06901562499999994 0.11184722222222218
19 0.5568359375 0.36211111111111116 0.10923437499999995 0.23125
18 0.42730859374999997 0.6146666666666666 0.07097656249999998 0.1372499999999999
16 0.3947734375 0.39802777777777776 0.08234374999999998 0.14958333333333335
17 0.7483789062499999 0.3539861111111111 0.08949218749999996 0.12686111111111115
15 0.21182421875 0.30021527777777773 0.10447656250000001 0.18095833333333328
18 0.44514843750000005 0.23450694444444448 0.03335937500000004 0.08754166666666663
2 0.546 0.23753472222222222 0.11675000000000005 0.1228472222222222
19 0.7608203125 0.14055555555555557 0.16695312500000004 0.28111111111111114
16 0.47906249999999995 0.06929166666666667 0.10240624999999995 0.13425
14 0.51197265625 0.13479861111111113 0.1060546875 0.11376388888888886
16 0.1898828125 0.14159722222222224 0.09143749999999999 0.17555555555555558
19 0.2879609375 0.11243055555555556 0.060609375000000035 0.12763888888888889
9 0.33691796875 0.08802777777777779 0.056320312500000025 0.17605555555555558
17 0.6192656249999999 0.12178472222222222 0.08046875 0.1192083333333333
17 0.47845312500000003 0.7440555555555556 0.07803125000000008 0.07152777777777777
17 0.65763671875 0.042805555555555555 0.05161718749999995 0.08561111111111111
10 0.5715703125 0.013993055555555554 0.029203125000000087 0.027986111111111107
19 0.256328125 0.21540277777777778 0.06678125000000001 0.07969444444444444