19 0.51224609375 0.8982083333333334 0.11897656249999997 0.14172222222222217
14 0.7283125 0.9107430555555555 0.037124999999999984 0.06195833333333319
7 0.29184375000000007 0.7695277777777777 0.07943750000000005 0.3204444444444445
18 0.3483203125 0.8192847222222223 0.061796875000000015 0.1480138888888888
2 0.47350390625000005 0.7325347222222222 0.1669765625 0.21765277777777783
19 0.5799609375 0.6276527777777778 0.22007812500000004 0.45363888888888887
19 0.58207421875 0.9884930555555554 0.038507812499999974 0.0230138888888888
8 0.499625 0.9818055555555555 0.06253124999999997 0.03638888888888895
19 0.44866015625 0.9437430555555556 0.07096093749999995 0.11251388888888887
18 0.41061718750000004 0.8283750000000001 0.08228124999999994 0.20400000000000015
19 0.34087890625 0.7264027777777777 0.03517968749999998 0.06044444444444442
19 0.44405078124999997 0.48793055555555553 0.12521093749999998 0.23144444444444442
19 0.593171875 0.4258402777777778 0.07584374999999995 0.1472361111111111
19 0.24707421875 0.43100694444444443 0.09460156250000003 0.23673611111111106
17 0.39196875000000003 0.3452708333333333 0.07242187500000004 0.1373194444444444
19 0.2598359375 0.20791666666666664 0.07373437499999999 0.08055555555555556
19 0.32583203125000004 0.21103472222222222 0.07475781250000005 0.14929166666666668
19 0.40208203124999997 0.28638888888888886 0.08036718749999996 0.09361111111111108
19 0.38778515625 0.23854861111111111 0.019085937499999962 0.03393055555555557
19 0.46537890625000006 0.3013402777777777 0.08572656250000002 0.1453194444444444
19 0.5227578125 0.23592361111111113 0.08807812500000001 0.12370833333333332
19 0.430765625 0.1389375 0.11043749999999997 0.19787499999999997
19 0.49708593749999996 0.1540277777777778 0.05529687499999998 0.12391666666666665
18 0.59522265625 0.11054166666666668 0.12566406249999992 0.22108333333333335
7 0.76548828125 0.10534722222222222 0.1904296875 0.21069444444444443
19 0.8251601562499999 0.1952222222222222 0.08139843750000005 0.10488888888888886
19 0.39390625 0.15116666666666667 0.07671875000000003 0.14733333333333332
8 0.24098046875000004 0.08936805555555555 0.1062421875 0.1787361111111111
19 0.2870625 0.03871527777777778 0.04081250000000001 0.07743055555555556
19 0.36199609375 0.026201388888888885 0.056992187500000034 0.05240277777777777
19 0.47808984375 0.06622916666666667 0.1568984375 0.13245833333333334
19 0.3720546875 0.05990277777777777 0.04396874999999998 0.056472222222222215
18 0.11199218749999999 0.13903472222222224 0.10217187500000002 0.2780694444444445