10 0.82609765625 0.9672222222222222 0.0331171874999999 0.06555555555555562
7 0.6924453125000001 0.8556944444444444 0.242765625 0.28861111111111104
12 0.40599218750000005 0.7754652777777779 0.20584375000000002 0.3452916666666668
16 0.21691796874999997 0.7018680555555556 0.08147656249999999 0.14598611111111104
19 0.49456640625 0.6611805555555554 0.09696093749999993 0.1518055555555555
15 0.54705859375 0.5004652777777778 0.06286718750000002 0.1705972222222223
3 0.34345703125 0.4376875 0.09388281249999997 0.14995833333333336
19 0.6079648437499999 0.6782847222222222 0.08892968749999994 0.13270833333333334
12 0.69715625 0.35252083333333334 0.10428125000000002 0.17162500000000003
10 0.5968515625 0.05594444444444445 0.04896875000000005 0.1118888888888889
19 0.279734375 0.03865277777777777 0.13896875 0.07730555555555554
11 0.36973046875 0.03865277777777777 0.038382812499999995 0.07730555555555554
19 0.5247499999999999 0.03375 0.04731249999999996 0.0675
12 0.336625 0.16752777777777778 0.11378124999999999 0.208
19 0.43921875000000005 0.03829166666666667 0.041593750000000006 0.07658333333333334
19 0.12076171875 0.2946736111111111 0.1258203125 0.5893472222222222