19 0.51966015625 0.8943611111111112 0.1729609374999999 0.21127777777777762
3 0.30876953125 0.971 0.09292968750000004 0.05799999999999999
19 0.46939062500000006 0.8703819444444444 0.08492187500000004 0.13901388888888877
17 0.20691406250000002 0.9769444444444444 0.05992187500000001 0.04611111111111117
19 0.6270898437500001 0.9441388888888889 0.15285156250000007 0.11172222222222229
8 0.723828125 0.9555555555555556 0.07109375 0.08888888888888889
17 0.3931640625 0.9550486111111111 0.07689062500000002 0.0899027777777778
19 0.40894140625 0.8354583333333333 0.06471093749999998 0.10605555555555542
19 0.7232968750000001 0.8158541666666667 0.05835937500000003 0.08676388888888893
19 0.5660429687499999 0.6514722222222222 0.26783593749999995 0.6946111111111111
8 0.64982421875 0.727201388888889 0.10192968750000002 0.21570833333333325
19 0.3995078125 0.7122499999999999 0.09462500000000004 0.15100000000000005
10 0.45381250000000006 0.5940972222222223 0.053421875000000084 0.21036111111111117
19 0.3425234375 0.5467847222222222 0.10114062500000003 0.19945833333333335
12 0.6875 0.5655069444444445 0.113671875 0.22373611111111116
19 0.75519140625 0.5167708333333333 0.08741406250000008 0.16326388888888882
19 0.8259609375 0.5141666666666667 0.05281249999999993 0.14694444444444438
19 0.30527734375 0.33745833333333336 0.07585156250000002 0.17986111111111114
19 0.382578125 0.4669722222222222 0.07923437499999997 0.1618333333333333
17 0.597984375 0.3139513888888889 0.06668749999999993 0.14104166666666665
2 0.37349609375000004 0.25672916666666673 0.18636718749999998 0.24598611111111113
7 0.5262539062499999 0.2884583333333333 0.07547656249999993 0.13472222222222222
12 0.63916796875 0.2705138888888889 0.05199218749999997 0.14358333333333334
19 0.470078125 0.11305555555555556 0.211125 0.22611111111111112
17 0.61730078125 0.06674305555555556 0.0749921875 0.1334861111111111
8 0.8217187499999999 0.0751388888888889 0.11484375 0.1502777777777778
19 0.49097656249999994 0.45284722222222223 0.05823437499999997 0.1597222222222222