19 0.8283359375 0.03364583333333333 0.08654687500000006 0.06729166666666667
10 0.448828125 0.98125 0.14375 0.0375
14 0.59421484375 0.9300416666666667 0.10102343749999995 0.1399166666666667
2 0.176953125 0.9611111111111111 0.08828125 0.07777777777777778
19 0.25869921875 0.9265833333333333 0.0415078125 0.09072222222222213
19 0.45684375 0.9058472222222222 0.17307812499999997 0.18386111111111125
16 0.2104609375 0.8370763888888888 0.09429687500000002 0.20081944444444433
17 0.288671875 0.7150138888888888 0.0734375 0.17769444444444452
14 0.7086015625 0.757173611111111 0.07103125000000006 0.11420833333333336
19 0.53726171875 0.8128125 0.04577343749999994 0.07123611111111106
19 0.31731640625 0.9301944444444444 0.026351562500000016 0.03430555555555562
2 0.411796875 0.6916736111111111 0.19453125 0.35254166666666664
19 0.52099609375 0.7381597222222223 0.04283593749999994 0.11637499999999995
14 0.57503125 0.6478541666666667 0.1386875 0.09351388888888895
19 0.6682109374999999 0.6329861111111111 0.06410937499999995 0.1419444444444445
19 0.7739960937499999 0.7030972222222222 0.08607031249999997 0.28077777777777774
18 0.26377734375 0.6034027777777778 0.09991406249999998 0.1676111111111112
16 0.2289453125 0.48081944444444447 0.04854687499999999 0.0900555555555556
2 0.3449765625 0.4496597222222222 0.08504687500000001 0.22629166666666672
2 0.44483203125 0.4568402777777778 0.060789062499999956 0.10987500000000001
10 0.6009023437500001 0.43325694444444446 0.07725781250000008 0.3012361111111111
0 0.5316796874999999 0.46417361111111116 0.07507812499999993 0.14698611111111118
19 0.39278124999999997 0.39883333333333326 0.04864062499999999 0.21477777777777776
18 0.678828125 0.4159305555555556 0.018765624999999987 0.06005555555555557
19 0.7285078125 0.5077569444444444 0.10298437499999995 0.17106944444444439
17 0.6250703125 0.24422222222222217 0.07668750000000006 0.12069444444444441
19 0.67933984375 0.3152361111111111 0.056289062499999966 0.1200833333333333
19 0.4734765625 0.24360416666666665 0.11257812499999993 0.25693055555555555
3 0.55754296875 0.27986805555555555 0.06680468749999999 0.16948611111111106
16 0.41962109375 0.29394444444444445 0.054179687499999976 0.1338333333333333
19 0.3415078125 0.23109027777777777 0.07948437500000001 0.1744861111111111
19 0.745375 0.18295833333333336 0.04996875000000003 0.11575000000000002
19 0.43080859374999997 0.0973125 0.10342968749999995 0.16509722222222223
19 0.8146367187500001 0.11854166666666666 0.10416406249999995 0.12013888888888889
19 0.6738984375 0.0968125 0.21810937500000005 0.193625
19 0.5454921875000001 0.1429652777777778 0.11750000000000008 0.11881944444444446
11 0.5067968749999999 0.02301388888888889 0.07387499999999995 0.04602777777777778
16 0.568359375 0.035520833333333335 0.049249999999999974 0.07104166666666667