19 0.99477734375 0.01670138888888889 0.010445312499999915 0.03340277777777778
13 0.3451015625 0.9550000000000001 0.11729687499999994 0.08999999999999994
2 0.482921875 0.8761180555555557 0.21337500000000004 0.2477638888888887
10 0.61952734375 0.9850902777777778 0.03235156250000006 0.02981944444444448
3 0.75078125 0.9861111111111112 0.0453125 0.027777777777777776
19 0.26609765625 0.9659583333333334 0.06966406249999997 0.0680833333333333
14 0.25587109375 0.8986319444444444 0.06289843749999999 0.09362500000000011
3 0.29785546875 0.868638888888889 0.11117968749999996 0.13349999999999984
10 0.400046875 0.8159722222222222 0.11603124999999999 0.11994444444444431
12 0.60781640625 0.7446111111111111 0.08333593750000005 0.15138888888888888
19 0.6822734374999999 0.7380347222222222 0.11974999999999998 0.20615277777777788
19 0.7308984374999999 0.6890208333333334 0.05710937499999993 0.14695833333333325
19 0.55633984375 0.5554305555555555 0.05363281250000007 0.1364166666666667
19 0.40524609375000004 0.7290694444444445 0.06657031250000003 0.12433333333333331
19 0.40165234375000003 0.6139791666666666 0.06436718750000003 0.13818055555555556
19 0.348515625 0.7181319444444444 0.027656249999999983 0.04659722222222216
19 0.34292578125 0.6199236111111112 0.0697265625 0.1352361111111111
18 0.29814453125 0.5882708333333333 0.0837890625 0.1362638888888889
19 0.251859375 0.5644652777777778 0.083875 0.15393055555555563
18 0.1897890625 0.6038958333333333 0.04456249999999999 0.09223611111111106
6 0.32806640625 0.4248611111111111 0.12644531250000002 0.21586111111111106
19 0.45110937500000003 0.4890138888888889 0.05909375000000008 0.15708333333333335
19 0.51230078125 0.4315555555555556 0.06027343750000007 0.10150000000000006
19 0.6170390625 0.4429097222222222 0.06859374999999997 0.11406944444444443
18 0.71221484375 0.34174305555555556 0.13517968749999998 0.3568194444444444
19 0.8130390625 0.3579097222222222 0.10589062499999997 0.20090277777777774
12 0.28097265625 0.17729861111111112 0.12491406249999999 0.2159861111111111
19 0.52523046875 0.28652083333333334 0.12580468749999998 0.17981944444444448
19 0.6328125 0.2580763888888889 0.08781250000000007 0.2394861111111111
10 0.347578125 0.120625 0.07937500000000001 0.2195833333333333
19 0.47985546874999996 0.09222222222222223 0.20655468749999994 0.18444444444444447
17 0.6346015625 0.0750138888888889 0.07021875000000008 0.10055555555555556
18 0.11199218749999999 0.13903472222222224 0.10217187500000002 0.2780694444444445