8 0.5306171875 0.933138888888889 0.20374999999999996 0.1337222222222222
16 0.27731640625 0.8896874999999999 0.15450781249999998 0.22062499999999988
17 0.1899453125 0.8792708333333332 0.10842187499999997 0.1590694444444444
2 0.370046875 0.9399513888888889 0.07092187499999998 0.12009722222222226
19 0.34209375 0.8202569444444443 0.11653125000000002 0.2097916666666666
19 0.57964453125 0.8354652777777777 0.11910156250000004 0.1350972222222222
19 0.46862890625000003 0.7933263888888888 0.10453906249999996 0.18818055555555557
18 0.776515625 0.7204166666666667 0.09623437499999996 0.18013888888888896
17 0.253265625 0.7283055555555555 0.09118750000000002 0.12158333333333328
12 0.4048046875 0.6282083333333334 0.08107812499999997 0.1754166666666667
19 0.3457421875 0.6979652777777777 0.11398437499999999 0.12501388888888887
17 0.47485156249999994 0.7611111111111111 0.04204687499999995 0.09122222222222232
19 0.5584687500000001 0.4983263888888889 0.120125 0.23576388888888888
17 0.6444062500000001 0.44408333333333333 0.055703124999999964 0.14894444444444446
2 0.81533203125 0.38643055555555555 0.053726562499999984 0.08944444444444441
17 0.59912109375 0.34248611111111116 0.09117968750000002 0.10591666666666669
19 0.5888984374999999 0.2564097222222222 0.08270312499999992 0.09290277777777776
17 0.49303125000000003 0.20838194444444444 0.08278125000000003 0.13156944444444446
12 0.25032812499999996 0.1761875 0.10012499999999998 0.24429166666666666
12 0.8040312499999999 0.13772916666666665 0.06365625000000001 0.155375
10 0.7157578125 0.17655555555555555 0.1354375000000001 0.10694444444444444
18 0.322 0.22657638888888887 0.037687500000000006 0.07490277777777779
14 0.362421875 0.11499999999999999 0.020156249999999966 0.22999999999999998
19 0.17746093749999997 0.2339166666666667 0.07820312500000001 0.20966666666666672
19 0.6845390625000001 0.06797222222222223 0.1688593749999999 0.13594444444444445
16 0.5372031249999999 0.08522916666666668 0.09540624999999991 0.17045833333333335
17 0.21878906250000002 0.036645833333333336 0.07781250000000002 0.06268055555555556
16 0.30024609375 0.09127083333333334 0.08753906249999996 0.18254166666666669