2 0.7657499999999999 0.9834652777777778 0.07812499999999992 0.03306944444444437
19 0.5519257812499999 0.8437986111111111 0.1114140625000001 0.31240277777777786
16 0.43326562500000004 0.8801458333333332 0.15726562499999996 0.23970833333333322
18 0.6567500000000001 0.6695 0.15421875000000007 0.3395555555555555
19 0.2002890625 0.8253263888888889 0.03159375000000002 0.04845833333333347
14 0.24742187499999999 0.6556527777777778 0.02921874999999998 0.061916666666666724
14 0.30876171874999997 0.6414027777777777 0.09535156249999996 0.15355555555555547
17 0.4086015625 0.6409930555555555 0.04778125000000002 0.10737499999999993
17 0.46021875 0.6475416666666667 0.09132812500000007 0.19138888888888883
19 0.525 0.5689930555555556 0.06829687500000006 0.13476388888888885
12 0.771796875 0.6324583333333333 0.08398437500000008 0.14652777777777778
12 0.7377304687499999 0.5287777777777778 0.07935156249999994 0.1508055555555556
11 0.5290390625 0.4085138888888889 0.10085937499999993 0.17711111111111108
19 0.21199609375 0.5446458333333333 0.06389843749999999 0.09237499999999998
19 0.29654296874999997 0.4790833333333333 0.07161718749999997 0.16222222222222216
19 0.2741328125 0.2972222222222222 0.12046875000000004 0.24499999999999997
19 0.3765546875 0.5116388888888889 0.07664062499999998 0.17672222222222222
19 0.45427734375 0.5220694444444445 0.07082031250000007 0.1180277777777778
19 0.39190234375 0.3649513888888889 0.15100781249999998 0.27984722222222225
19 0.44567968750000003 0.29427777777777775 0.12378125000000004 0.20388888888888887
19 0.54083203125 0.2675277777777778 0.17692968750000002 0.12366666666666669
12 0.611515625 0.29916666666666664 0.07279687500000005 0.10569444444444448
19 0.8312421875 0.3562638888888889 0.05085937499999993 0.1420833333333333
16 0.65696484375 0.14063888888888887 0.05689843749999994 0.136
16 0.32673828125000004 0.11219444444444444 0.1193359375 0.2243888888888889
10 0.42025390625 0.1614722222222222 0.08999218750000004 0.2049166666666666
19 0.5135156249999999 0.1532083333333333 0.11531249999999993 0.3019722222222222
19 0.5916796875 0.11219444444444444 0.097265625 0.2243888888888889