19 0.8236796875 0.9654583333333333 0.06817187500000008 0.06908333333333334
19 0.706515625 0.9554166666666666 0.09506250000000005 0.08916666666666673
19 0.3653515625 0.9034513888888889 0.20164062500000002 0.1930972222222222
19 0.562109375 0.9173611111111111 0.16953125 0.16527777777777777
19 0.45474999999999993 0.9084097222222222 0.05459375000000009 0.08412499999999991
19 0.33609375 0.834375 0.09468750000000004 0.2048055555555556
19 0.40728124999999993 0.8223680555555555 0.06553125000000004 0.12062499999999987
17 0.7213359375 0.8921180555555555 0.08514062500000001 0.1722916666666666
19 0.6775703125 0.8989999999999999 0.07659374999999997 0.13586111111111102
15 0.5518124999999999 0.7720486111111111 0.09887499999999996 0.1578194444444445
19 0.6658984375 0.7887777777777779 0.09607812500000001 0.14955555555555564
19 0.4649296875 0.7248958333333333 0.10832812500000007 0.2997638888888889
19 0.613578125 0.6577222222222223 0.191609375 0.2142222222222223
18 0.507015625 0.5350069444444444 0.09268750000000008 0.20787499999999995
11 0.40383593749999996 0.4935763888888889 0.14923437499999997 0.15770833333333328
12 0.44122265625 0.41304166666666664 0.09963281249999997 0.14219444444444443
19 0.5200078125 0.3728472222222222 0.07890625 0.12880555555555556
18 0.24725390625000002 0.39368749999999997 0.09128906250000002 0.15176388888888886
14 0.75430859375 0.5647916666666667 0.051070312499999916 0.05569444444444448
19 0.650390625 0.3440555555555555 0.08229687499999994 0.2404166666666667
7 0.69915234375 0.3943263888888888 0.11424218750000001 0.26579166666666665
13 0.1948671875 0.3179027777777778 0.13834375000000004 0.21483333333333335
17 0.26433593749999995 0.2445138888888889 0.05257812499999996 0.0970833333333333
19 0.39124218749999995 0.18068055555555557 0.19314062499999998 0.36136111111111113
3 0.5059843749999999 0.22920833333333335 0.12131249999999998 0.21397222222222223
17 0.59750390625 0.19238194444444442 0.06572656250000009 0.1797638888888889
19 0.7258984374999999 0.22262500000000002 0.046546874999999946 0.05577777777777773
19 0.5308515625 0.06217361111111111 0.08089062499999997 0.12434722222222222
19 0.672828125 0.01798611111111111 0.09184374999999996 0.03597222222222222
14 0.7689609374999999 0.04618055555555556 0.09535937499999995 0.09236111111111112
19 0.293109375 0.1790486111111111 0.04704687500000002 0.11359722222222225
19 0.19233203125 0.09663888888888889 0.0715859375 0.18355555555555556
19 0.26960937500000004 0.12537500000000001 0.14187500000000003 0.1660277777777778