19 0.51991015625 0.9838402777777778 0.02536718750000002 0.03231944444444442
19 0.76398046875 0.9249305555555555 0.17672656250000002 0.15013888888888877
18 0.5841406250000001 0.9470763888888889 0.07046875000000004 0.10584722222222227
19 0.31665234375000006 0.9383194444444444 0.06694531250000005 0.12336111111111102
19 0.448828125 0.9784722222222222 0.05 0.043055555555555555
18 0.35820703125 0.9300416666666667 0.06436718749999999 0.1399166666666667
17 0.20317968749999998 0.9303888888888889 0.065234375 0.13922222222222225
19 0.232234375 0.8261319444444444 0.14956250000000001 0.11565277777777776
19 0.3740859375 0.8092499999999999 0.06329687500000003 0.12430555555555556
4 0.487421875 0.7915625 0.16940624999999992 0.35406944444444455
8 0.61421875 0.7991944444444445 0.05581250000000004 0.2532777777777779
18 0.65801171875 0.9254027777777779 0.05242968749999992 0.1488611111111112
19 0.7030859375 0.8040555555555556 0.08603124999999992 0.08111111111111123
0 0.73665234375 0.7109444444444445 0.06288281250000001 0.12941666666666676
11 0.6618593749999999 0.6555347222222222 0.069921875 0.1382916666666666
19 0.42995703125 0.6874027777777778 0.025242187499999957 0.04311111111111106
19 0.15858203125 0.7550694444444445 0.06838281249999997 0.14705555555555547
19 0.23421875 0.6800694444444444 0.13125 0.26902777777777787
19 0.734375 0.5924027777777777 0.07290624999999995 0.05799999999999999
17 0.533390625 0.5899930555555555 0.068359375 0.0920694444444444
19 0.33414062499999997 0.6128958333333334 0.14118749999999997 0.19806944444444446
19 0.3284375 0.6475486111111112 0.059562500000000004 0.08823611111111107
7 0.41809375 0.3420763888888889 0.09284374999999997 0.2821805555555555
19 0.48435937500000004 0.5214027777777778 0.026468750000000086 0.05686111111111119
19 0.48748046875 0.5227152777777778 0.1279453125 0.12548611111111113
19 0.6306406250000001 0.5492222222222222 0.06928125000000004 0.1076388888888889
15 0.6813085937500001 0.42890972222222223 0.10208593750000006 0.27415277777777775
12 0.74903515625 0.4420208333333333 0.09200781249999998 0.2284861111111111
3 0.69253515625 0.26668749999999997 0.2414921875000001 0.5294583333333334
19 0.59471484375 0.5124166666666666 0.030242187500000028 0.03594444444444444
19 0.33304296875 0.4699305555555556 0.09752343750000003 0.39344444444444443
19 0.25381640625 0.4677013888888889 0.06442968750000003 0.21101388888888897
19 0.195984375 0.38337499999999997 0.06715624999999999 0.15172222222222223
19 0.17973046875 0.5467291666666666 0.05505468750000002 0.08823611111111107
10 0.27868359374999996 0.2900347222222222 0.0674765625 0.14673611111111107
7 0.486765625 0.2756527777777778 0.08364062499999995 0.16308333333333336
18 0.51727734375 0.42940972222222223 0.11305468750000003 0.17973611111111107
19 0.5374531250000001 0.2565347222222222 0.045859375000000036 0.14837499999999998
12 0.5890156249999999 0.2619861111111111 0.07270312499999995 0.2024166666666667
19 0.64211328125 0.2731458333333333 0.03717968749999993 0.06656944444444446
19 0.34583203125 0.22122916666666667 0.06832031250000004 0.13265277777777776
9 0.6386640625 0.1526388888888889 0.08485937499999992 0.14055555555555554
19 0.6100156250000001 0.09956944444444445 0.05073437500000004 0.10980555555555556
19 0.56258984375 0.11918055555555555 0.05514843749999994 0.10980555555555556
10 0.1826171875 0.15472222222222223 0.08929687499999998 0.30944444444444447
10 0.41369531249999997 0.13193055555555558 0.10146875000000004 0.16666666666666666
19 0.1567109375 0.21134027777777778 0.03970312499999999 0.10979166666666668
17 0.49255468750000003 0.14172916666666666 0.08271875000000009 0.10784722222222223
2 0.7550546875 0.07723611111111112 0.1731562499999999 0.15447222222222223
12 0.27803515624999997 0.07233333333333333 0.13014843750000002 0.14466666666666667
19 0.29237109375000003 0.17996527777777777 0.04411718750000002 0.0705972222222222
19 0.37674609375 0.07920138888888889 0.06727343749999996 0.15840277777777778
19 0.52123046875 0.042923611111111114 0.11580468750000002 0.08584722222222223
19 0.39131640624999997 0.016993055555555556 0.022148437499999972 0.03398611111111111