2 0.301953125 0.9805555555555555 0.090625 0.03888888888888889
12 0.5252382812499999 0.9859722222222221 0.09967968749999993 0.028055555555555618
3 0.59459765625 0.8756736111111111 0.2414296875 0.24865277777777775
8 0.29262109375 0.8980277777777779 0.2065546875 0.1996944444444444
19 0.2557578125 0.7888819444444445 0.07942187499999998 0.09437500000000007
2 0.75830859375 0.84025 0.05977343749999999 0.10447222222222226
11 0.7554765625 0.6970763888888889 0.08310937500000008 0.1469305555555555
2 0.627265625 0.6784722222222223 0.06046875000000007 0.11888888888888884
16 0.5344140625 0.7238958333333334 0.07739062499999996 0.13237499999999994
18 0.33712890625 0.7297499999999999 0.13228906250000003 0.16133333333333336
19 0.42532421875 0.6688472222222223 0.05511718749999996 0.11777777777777779
19 0.384640625 0.6736388888888889 0.04631250000000002 0.1386388888888888
19 0.5215546874999999 0.6129652777777779 0.1379843749999999 0.20604166666666662
19 0.45053515625000007 0.47885416666666664 0.14252343750000004 0.30270833333333336
19 0.63959375 0.5645277777777777 0.04928124999999994 0.10208333333333333
14 0.7083320312500001 0.5605416666666666 0.06753906250000004 0.08630555555555554
2 0.75708984375 0.46127083333333335 0.1822265625 0.11754166666666666
17 0.27677734375 0.48890277777777785 0.09214843750000004 0.16763888888888895
19 0.3316328125 0.5043888888888889 0.12101562499999999 0.2961944444444444
3 0.3569765625 0.26133333333333336 0.07092187499999998 0.15941666666666662
2 0.43307812500000004 0.1946875 0.1093125 0.3022916666666666
17 0.7205859375 0.20208333333333334 0.09054687500000007 0.18888888888888888