18 0.4501328125 0.9736041666666667 0.05292187500000001 0.05279166666666665
19 0.5389921875 0.9420277777777778 0.07839062499999994 0.11594444444444447
17 0.765625 0.9298611111111111 0.0890625 0.14027777777777778
19 0.23595703125000003 0.7952291666666665 0.02449218750000002 0.045652777777777626
19 0.38950781249999994 0.7262361111111111 0.09471874999999996 0.1548055555555556
19 0.50819921875 0.8307083333333334 0.17969531249999998 0.20977777777777773
10 0.604890625 0.8749097222222223 0.09287500000000008 0.1534305555555556
19 0.6196640625 0.7433819444444445 0.05254687499999999 0.09173611111111105
19 0.44353125000000004 0.5782708333333334 0.032859374999999955 0.05762500000000001
19 0.539796875 0.577923611111111 0.11218749999999993 0.2005694444444444
11 0.62140234375 0.5249652777777778 0.05907031249999992 0.20412500000000003
12 0.31078515624999997 0.5020972222222222 0.13960156250000005 0.18105555555555558
19 0.46186328125000004 0.5164583333333332 0.07786718750000006 0.1382222222222222
12 0.3924609375 0.32687499999999997 0.127734375 0.22458333333333333
19 0.6752734375 0.3470694444444445 0.09132812500000007 0.15041666666666667
19 0.18683984375 0.4877291666666666 0.0337109375 0.04379166666666663
19 0.27371093750000003 0.3280833333333333 0.040390625000000034 0.06272222222222218
19 0.27773046875 0.23255555555555554 0.08391406249999997 0.13155555555555556
19 0.545578125 0.1808402777777778 0.31087500000000007 0.3616805555555556
19 0.6902109375000001 0.19416666666666668 0.075203125 0.10694444444444444
19 0.704890625 0.24272916666666663 0.07125000000000004 0.09409722222222222
19 0.3192109375 0.10659722222222222 0.15076562500000001 0.21319444444444444
19 0.504171875 0.6972361111111111 0.05521875000000005 0.09902777777777771
18 0.11199218749999999 0.13903472222222224 0.10217187500000002 0.2780694444444445