19 0.423046875 0.9729166666666667 0.07421875 0.05416666666666667
18 0.32987890625 0.9730069444444444 0.0962890625 0.05398611111111096
18 0.5828125 0.8965277777777778 0.13671875 0.20694444444444443
17 0.8013007812499999 0.9555625 0.10505468749999994 0.08887500000000001
12 0.6399921875000001 0.8893749999999999 0.08915624999999991 0.16749999999999987
19 0.5577734375 0.8434236111111111 0.06492187499999993 0.08059722222222218
17 0.18695703125000002 0.9208958333333332 0.09608593750000001 0.1365416666666666
19 0.45191406250000005 0.8755138888888889 0.10840625 0.1884166666666668
16 0.30695703124999996 0.8864027777777777 0.05296093749999997 0.11886111111111101
14 0.23176953125000002 0.7442152777777779 0.0820390625 0.15601388888888887
17 0.17986328124999998 0.799875 0.059757812499999986 0.1198888888888888
16 0.60576171875 0.7454374999999999 0.05977343749999999 0.09254166666666674
10 0.541609375 0.6854722222222221 0.06960937499999993 0.23980555555555558
17 0.3355 0.6478958333333333 0.05978124999999999 0.14048611111111114
14 0.28078906249999996 0.6669930555555555 0.05774999999999997 0.12248611111111118
19 0.2331640625 0.5178194444444445 0.224921875 0.29211111111111104
2 0.3494453125 0.42063888888888884 0.11145312500000001 0.08911111111111107
12 0.5334921875 0.47245833333333326 0.10317187499999995 0.16450000000000006
3 0.61463671875 0.3224097222222222 0.2668203125 0.344625
8 0.30243359375 0.29355555555555557 0.21158593749999993 0.19794444444444442
19 0.2609921875 0.21579861111111112 0.07942187499999998 0.09437499999999999
2 0.77204296875 0.2520555555555556 0.05977343749999999 0.10447222222222226
19 0.6101015624999999 0.6418958333333333 0.04474999999999998 0.10206944444444446
11 0.7635273437500001 0.13299305555555554 0.09205468750000004 0.1781805555555555
2 0.6412734375 0.08715972222222222 0.06684374999999995 0.07818055555555554
16 0.5427734375 0.1486597222222222 0.07739062499999996 0.132375
18 0.3451796875 0.1642986111111111 0.138375 0.15948611111111113
19 0.43430078125 0.08715972222222222 0.05511718749999996 0.11779166666666667
19 0.38886328125 0.08820138888888888 0.046320312499999974 0.138625
19 0.51726953125 0.06990277777777777 0.12253906249999993 0.13980555555555554
19 0.34723437500000004 0.044361111111111115 0.08853124999999995 0.08872222222222223
19 0.43547265625 0.01882638888888889 0.05746093749999996 0.03765277777777778
19 0.6474296875000001 0.02403472222222222 0.03810937499999998 0.04806944444444444