18 0.44921875 0.8656458333333333 0.31812500000000005 0.2687083333333334
17 0.54766796875 0.8142430555555555 0.05717968750000004 0.08498611111111119
3 0.5730742187500001 0.7474097222222222 0.1969765625000001 0.17906944444444453
3 0.38963671875 0.6760277777777778 0.09371093750000004 0.1863611111111112
4 0.2244609375 0.6774444444444444 0.04923437499999998 0.1270555555555556
6 0.40778125000000004 0.5052986111111111 0.05704687499999998 0.18823611111111108
19 0.8230390625 0.6055347222222223 0.05029687500000009 0.09881944444444442
19 0.66780859375 0.459 0.0976484375 0.19516666666666665
12 0.35102734375 0.4082291666666667 0.038148437500000035 0.06540277777777782
9 0.23025781250000002 0.2387777777777778 0.098625 0.2571666666666666
18 0.34468359375 0.2797013888888889 0.11750781249999998 0.24884722222222216
19 0.47730859374999995 0.241625 0.052414062499999935 0.10475000000000002
17 0.38519140625 0.018534722222222223 0.07464843749999997 0.037069444444444447
3 0.606609375 0.10041666666666667 0.17181250000000006 0.20083333333333334
18 0.54284765625 0.06313194444444445 0.1650390625 0.1262638888888889
19 0.49349218749999996 0.058395833333333334 0.08482812499999995 0.11379166666666668
2 0.23717968749999999 0.9117222222222223 0.11648437500000001 0.1765555555555554
19 0.12076171875 0.2946736111111111 0.1258203125 0.5893472222222222