2 0.50357421875 0.9781388888888889 0.12660156249999996 0.043722222222222246
18 0.7241875 0.9589791666666666 0.10684374999999999 0.08204166666666658
19 0.5874296875 0.9863958333333332 0.03420312499999998 0.02720833333333322
19 0.350390625 0.925 0.07421875 0.15
19 0.49229687499999997 0.972861111111111 0.08304687499999996 0.054277777777777675
10 0.23848828125 0.9298263888888889 0.16911718750000002 0.14034722222222215
19 0.31244531249999996 0.8338680555555555 0.02670312499999996 0.03429166666666674
19 0.49850781250000004 0.8227361111111111 0.16273437499999996 0.2998055555555555
19 0.671390625 0.8165763888888888 0.200953125 0.35279166666666667
4 0.325578125 0.6463472222222222 0.31867187500000005 0.4021111111111111
17 0.19262109375 0.7923749999999999 0.09494531249999998 0.1558333333333334
19 0.50752734375 0.6472916666666667 0.06378906250000008 0.08175000000000002
19 0.4937578125 0.4952361111111111 0.19265624999999997 0.2570833333333334
19 0.62033984375 0.4417013888888889 0.08258593750000003 0.19109722222222228
19 0.5977929687500001 0.5821527777777777 0.04821093750000003 0.12308333333333334
10 0.74038671875 0.3603263888888889 0.09849218749999995 0.24018055555555554
19 0.1978671875 0.4855763888888889 0.043390625000000016 0.08351388888888889
19 0.22091796874999997 0.21112499999999998 0.1330078125 0.26108333333333333
19 0.46409765625 0.27487500000000004 0.03811718749999997 0.06411111111111106
19 0.3326875 0.20609027777777778 0.05571874999999995 0.1686527777777778
19 0.5068515625 0.2917430555555556 0.06799999999999998 0.17323611111111115
19 0.64386328125 0.21708333333333335 0.06180468749999992 0.09916666666666665
17 0.38110937500000003 0.2551041666666667 0.07221875000000004 0.15493055555555557
2 0.5990039062499999 0.3040625 0.17627343750000007 0.19254166666666667
12 0.41507812499999996 0.12597222222222224 0.13609375000000004 0.25194444444444447
2 0.60776171875 0.09852083333333334 0.2514765624999999 0.19704166666666667
19 0.74220703125 0.06609027777777778 0.03203906249999999 0.045791666666666654
19 0.22091406249999998 0.06188888888888889 0.091796875 0.12377777777777778
18 0.31002734375 0.07929166666666668 0.13814843750000003 0.15858333333333335
17 0.49294140625000005 0.0335 0.03605468750000007 0.067
19 0.82055078125 0.05134722222222222 0.16586718749999996 0.09724999999999998