19 0.41025 0.9254791666666667 0.13256250000000006 0.1490416666666666
14 0.7889999999999999 0.966125 0.05653124999999992 0.06774999999999996
18 0.4778359375 0.9199583333333333 0.15328125000000004 0.16008333333333333
19 0.52577734375 0.9753333333333334 0.06344531250000003 0.049333333333333305
13 0.16211718749999998 0.9686805555555554 0.07625000000000001 0.06263888888888876
4 0.639453125 0.9576388888888889 0.05 0.08472222222222223
8 0.73566015625 0.8433333333333333 0.059789062499999976 0.12688888888888875
17 0.3518984375 0.9316249999999999 0.05006250000000003 0.09311111111111106
19 0.62258203125 0.7953333333333333 0.1917890625 0.2589166666666667
19 0.35885937500000004 0.8080902777777779 0.04235937500000002 0.11234722222222236
19 0.3846484375 0.7598819444444445 0.09881250000000001 0.2533194444444443
12 0.45274609374999997 0.7795902777777779 0.040054687499999984 0.10273611111111115
18 0.50721484375 0.8250555555555555 0.09471093750000001 0.28344444444444444
18 0.63593359375 0.5310555555555556 0.08494531250000001 0.21013888888888882
19 0.462109375 0.6375972222222223 0.09078125000000004 0.17372222222222228
19 0.37864843750000005 0.5835277777777778 0.06562500000000004 0.10094444444444453
18 0.38641796875 0.5712847222222222 0.07771093750000002 0.16715277777777782
8 0.57691015625 0.4244305555555556 0.10514843749999994 0.23413888888888895
3 0.49629296875000006 0.47245833333333326 0.06161718749999991 0.1691666666666666
2 0.448546875 0.47047916666666667 0.045546874999999966 0.1152638888888889
3 0.26138671875 0.5129374999999999 0.05649218749999996 0.10495833333333325
19 0.3323125 0.5675625 0.03273437499999998 0.060486111111111046
17 0.39930468750000003 0.4193263888888889 0.06803124999999999 0.1490138888888889
19 0.34489453125 0.42028472222222224 0.04753906250000002 0.12170833333333332
19 0.710484375 0.3400694444444444 0.13481249999999995 0.3120833333333333
19 0.67766796875 0.4482916666666667 0.05521093750000006 0.11175000000000004
2 0.6501328125000001 0.41 0.05328125000000004 0.14327777777777773
17 0.37273046875000004 0.28177083333333336 0.07702343749999999 0.1587916666666667
17 0.32087109375 0.3022152777777778 0.06578906250000002 0.14454166666666665
3 0.25199609375 0.28720833333333334 0.0706015625 0.1735
8 0.5818242187499999 0.19194444444444442 0.11025781250000008 0.18944444444444442
19 0.46922265625000004 0.2655277777777778 0.16260156250000005 0.21966666666666662
19 0.5628046875 0.24656250000000002 0.07167187500000001 0.10840277777777779
4 0.6263046875 0.07760416666666667 0.1440312500000001 0.15520833333333334
2 0.47148828125 0.1360347222222222 0.09935156250000006 0.10406944444444445
4 0.45492968750000007 0.044979166666666674 0.08471875000000004 0.08901388888888889
3 0.37405859374999995 0.14356944444444444 0.05853906250000005 0.12186111111111113
19 0.39177343750000004 0.08127083333333333 0.049296874999999976 0.15609722222222225
18 0.215390625 0.06254166666666666 0.12785937499999997 0.12508333333333332
18 0.7418359375 0.018041666666666668 0.08087499999999999 0.036083333333333335