19 0.99477734375 0.01670138888888889 0.010445312499999915 0.03340277777777778
19 0.52376953125 0.9784166666666666 0.13136718750000007 0.04316666666666657
19 0.35646875000000006 0.8313819444444445 0.28573437500000004 0.337236111111111
10 0.5275 0.9002083333333335 0.12346874999999997 0.13211111111111096
19 0.522640625 0.7385763888888889 0.1088750000000001 0.18645833333333334
19 0.47135156250000004 0.8261805555555556 0.022062500000000006 0.030638888888888813
18 0.29673828125 0.7426597222222223 0.11655468750000005 0.24995833333333337
19 0.50676171875 0.8334305555555557 0.0470703125 0.07463888888888891
19 0.24064453125 0.7667638888888888 0.046039062499999964 0.05502777777777763
19 0.5741875 0.5374305555555555 0.15648437499999995 0.3117777777777778
19 0.358984375 0.623736111111111 0.15749999999999997 0.2854166666666666
19 0.25299609375 0.44974305555555555 0.11482031250000002 0.10490277777777773
19 0.30972656249999997 0.4632569444444445 0.077734375 0.1923194444444445
0 0.46866015625 0.44084027777777773 0.1397109375 0.22640277777777776
19 0.54071875 0.449125 0.07720312499999996 0.13811111111111118
19 0.5716640625 0.2568055555555555 0.14942187499999998 0.25083333333333335
19 0.7437109375000001 0.287 0.209765625 0.29238888888888886
19 0.21195312500000002 0.14333333333333334 0.17140624999999998 0.22972222222222222
10 0.2663671875 0.25729166666666664 0.18335937499999996 0.30402777777777773
19 0.38173046875 0.21655555555555553 0.08075781249999996 0.13977777777777775
19 0.4165429687500001 0.14270833333333333 0.06144531250000003 0.23125
17 0.4656992187499999 0.1645138888888889 0.08719531249999993 0.10847222222222222
19 0.37066796874999997 0.058444444444444445 0.05967968749999999 0.11688888888888889
19 0.51603515625 0.12118749999999999 0.05183593749999993 0.07654166666666667
19 0.6105 0.1290625 0.03690625000000001 0.07404166666666667
19 0.5507890625 0.011152777777777777 0.028218749999999914 0.022305555555555554
18 0.11199218749999999 0.13903472222222224 0.10217187500000002 0.2780694444444445