18 0.18133593750000002 0.9751805555555555 0.06623437499999998 0.0496388888888889
19 0.49375 0.9590277777777778 0.1359375 0.08194444444444444
19 0.6075703125 0.9204305555555554 0.06242187500000007 0.15913888888888877
17 0.65608203125 0.9342847222222221 0.06355468749999993 0.13143055555555572
7 0.40299609375 0.9161458333333333 0.10497656249999995 0.16770833333333332
19 0.43849609375 0.8632152777777777 0.05838281250000001 0.09309722222222218
19 0.68262109375 0.8051041666666666 0.10385156250000005 0.17501388888888889
19 0.7498867187499999 0.8370486111111112 0.020601562499999913 0.03815277777777781
8 0.3327109375 0.8255763888888888 0.1073125 0.1826805555555555
19 0.48547265624999997 0.7057361111111111 0.013820312500000043 0.02858333333333331
12 0.42251953124999997 0.7037569444444445 0.07821093749999997 0.12820833333333326
19 0.1838984375 0.6686666666666666 0.02489062500000001 0.07627777777777772
19 0.5261562499999999 0.5964861111111112 0.05065624999999994 0.08988888888888892
19 0.48760546875 0.5769027777777778 0.021179687499999923 0.03261111111111114
19 0.6125078125 0.7757361111111111 0.05159374999999997 0.06849999999999991
10 0.53646875 0.7308055555555556 0.1041875000000001 0.18383333333333343
19 0.57773828125 0.6571319444444444 0.07305468749999999 0.19215277777777773
18 0.575515625 0.5199444444444444 0.10415624999999995 0.15016666666666667
19 0.7307265624999999 0.5037569444444444 0.04026562499999997 0.10256944444444448
19 0.60083984375 0.38377083333333334 0.14622656250000005 0.2724305555555555
19 0.5100859375 0.4475138888888889 0.09279687499999997 0.18391666666666662
19 0.336578125 0.4447638888888889 0.06412500000000003 0.13433333333333336
19 0.31367578125 0.47007638888888886 0.055726562500000035 0.14668055555555556
19 0.2566640625 0.4897152777777778 0.0711875 0.0585972222222223
15 0.70125 0.44245833333333334 0.09103124999999998 0.22069444444444442
19 0.3448203125 0.6156736111111111 0.069625 0.18859722222222217
19 0.42214453125 0.4583263888888889 0.15708593749999994 0.2848194444444444
19 0.6898593749999999 0.274875 0.06532812499999992 0.11752777777777779
19 0.21746484375000003 0.2562152777777778 0.14835156249999998 0.1484027777777778
19 0.30348437500000003 0.3587638888888889 0.027812500000000018 0.06044444444444442
19 0.33130078125 0.28275 0.06902343750000002 0.14286111111111113
19 0.35601953125 0.152375 0.10407031250000003 0.20219444444444443
19 0.46933984375 0.21736111111111112 0.18850781249999998 0.31027777777777776
17 0.5316796874999999 0.2964861111111111 0.06387499999999999 0.10805555555555557
2 0.29421484375 0.05829861111111111 0.12260156250000005 0.11556944444444442
19 0.39826562499999996 0.0445625 0.11642187499999998 0.08443055555555556
19 0.46265624999999994 0.040076388888888884 0.030906249999999958 0.042124999999999996
19 0.8613476562500001 0.03174305555555555 0.022664062500000172 0.05145833333333333