7 0.41276171875 0.9482986111111111 0.08775781249999999 0.10340277777777784
19 0.260703125 0.9777777777777777 0.07171874999999997 0.044444444444444446
19 0.5393749999999999 0.9845833333333333 0.04703125000000004 0.030833333333333397
13 0.484765625 0.9138888888888889 0.1078125 0.17222222222222222
19 0.38036328125 0.8680694444444444 0.06428906249999997 0.12747222222222218
3 0.36428906250000004 0.6889375 0.09395312500000004 0.28959722222222223
19 0.463296875 0.8269652777777777 0.10009374999999991 0.1472361111111111
7 0.3023515625 0.9291944444444444 0.13228124999999996 0.14161111111111116
10 0.26208203125 0.7660555555555555 0.1297734375 0.25175
17 0.6205546875000001 0.8421944444444445 0.06245312500000004 0.09538888888888898
17 0.49755078125 0.7401458333333333 0.10630468749999995 0.11859722222222228
19 0.4719375 0.5628333333333333 0.17882812500000003 0.3476111111111111
19 0.6071015624999999 0.6562222222222223 0.13403124999999996 0.3067500000000001
2 0.198859375 0.8092847222222223 0.17334375000000002 0.32976388888888897
6 0.7611484374999999 0.5494305555555555 0.08401562499999997 0.08405555555555554
19 0.618296875 0.4464791666666667 0.06918749999999996 0.11868055555555562
19 0.24078515625 0.3172986111111111 0.05686718749999997 0.08351388888888889
19 0.30878125 0.2546597222222222 0.02720312500000004 0.0857083333333333
19 0.5596796875000001 0.3458680555555555 0.12375000000000007 0.13626388888888888
19 0.629578125 0.1509375 0.09021875000000001 0.28868055555555555
18 0.3260234375 0.14388888888888887 0.08170312500000003 0.14888888888888888
7 0.51269921875 0.20483333333333337 0.17319531250000003 0.2997777777777778
8 0.26180078125 0.09975694444444445 0.055039062500000034 0.14768055555555556
17 0.4130468749999999 0.10370833333333333 0.07565624999999998 0.15033333333333332
17 0.3938359375 0.024826388888888887 0.07878124999999998 0.049652777777777775
19 0.6334257812499999 0.138 0.19300781249999996 0.27163888888888893
19 0.5072500000000001 0.04460416666666667 0.08604687500000008 0.08920833333333333