19 0.99477734375 0.01670138888888889 0.010445312499999915 0.03340277777777778
17 0.25403515625 0.9644027777777778 0.09041406250000002 0.07119444444444444
19 0.35765234375 0.9379930555555556 0.1161015625 0.12401388888888884
19 0.457515625 0.9626805555555555 0.07268749999999997 0.07463888888888891
19 0.5350039062499999 0.8906180555555555 0.05547656249999999 0.08762499999999988
3 0.57859765625 0.8890763888888888 0.16625781249999996 0.22184722222222225
19 0.7781874999999999 0.9678888888888889 0.06331249999999997 0.06422222222222224
19 0.8166796875000001 0.9560486111111112 0.06273437500000005 0.08290277777777785
12 0.2728125 0.7961180555555555 0.10287500000000005 0.17687499999999995
12 0.380671875 0.8504236111111112 0.13740625000000004 0.17668055555555562
19 0.45873828124999994 0.7782430555555556 0.053132812499999994 0.14745833333333336
19 0.59951171875 0.7833194444444445 0.10396093749999995 0.16494444444444442
19 0.5069765625 0.6494375 0.049249999999999974 0.22245833333333329
19 0.53919921875 0.7248611111111111 0.06572656250000009 0.08963888888888884
19 0.38523828125 0.6264375 0.03705468749999996 0.06329166666666673
19 0.39221875 0.5235277777777778 0.087203125 0.17369444444444437
17 0.5674218750000001 0.42147916666666674 0.08195312500000007 0.1560972222222222
19 0.71740625 0.38147222222222216 0.24690624999999997 0.3659722222222222
18 0.463140625 0.4019236111111111 0.10782812499999998 0.188375
19 0.3226484375 0.4997777777777778 0.07029687500000001 0.13797222222222227
19 0.36515234375 0.37918749999999996 0.09702343750000005 0.19615277777777781
19 0.2700390625 0.3715902777777778 0.051953125 0.33709722222222227
0 0.19883203124999999 0.2802222222222222 0.08188281249999999 0.17555555555555552
12 0.29944921874999997 0.22509027777777776 0.09516406249999995 0.16851388888888888
19 0.41869921874999994 0.27031944444444445 0.16103906250000005 0.13091666666666665
19 0.38946875 0.1794375 0.06824999999999996 0.22779166666666664
19 0.5299335937499999 0.2705208333333333 0.07013281249999999 0.10131944444444443
19 0.47992968750000004 0.16702777777777778 0.10951562500000005 0.10933333333333334
19 0.71144921875 0.11103472222222222 0.1410078125 0.22206944444444443
19 0.7731640625 0.2029305555555556 0.04304687499999993 0.08947222222222224
19 0.7970859375 0.041631944444444444 0.04432812499999992 0.07223611111111111
19 0.23415625 0.1954652777777778 0.03700000000000001 0.1409305555555556
19 0.32852734375 0.11827777777777777 0.04096093749999996 0.08669444444444446
19 0.302453125 0.041118055555555554 0.025734375000000042 0.04876388888888889
19 0.60721484375 0.012576388888888889 0.04672656249999996 0.025152777777777777
18 0.11199218749999999 0.13903472222222224 0.10217187500000002 0.2780694444444445