8 0.53323046875 0.9707638888888888 0.09088281249999994 0.0584722222222221
17 0.353515625 0.9625 0.05546875 0.075
19 0.72316015625 0.9591180555555555 0.06600781250000001 0.08176388888888873
17 0.79603515625 0.8364166666666667 0.07369531249999994 0.1485555555555556
7 0.28452734375 0.9204791666666666 0.1112265625 0.15904166666666666
19 0.23299218749999998 0.9234791666666667 0.06359374999999998 0.08356944444444454
19 0.35835546875 0.8659444444444445 0.05196093749999999 0.1360555555555556
19 0.4173046875 0.9566041666666667 0.07078124999999998 0.08679166666666668
19 0.43710546875 0.8977847222222222 0.1339765625 0.20443055555555564
19 0.46674218749999996 0.8177222222222222 0.07937499999999993 0.11433333333333325
19 0.81371484375 0.9634791666666666 0.04772656250000003 0.07304166666666655
19 0.6251249999999999 0.8553194444444445 0.026265624999999914 0.06563888888888887
8 0.5728125 0.7398263888888889 0.06742187499999996 0.12931944444444438
19 0.24058203125 0.8516666666666667 0.0928828125 0.08366666666666668
19 0.7705781249999999 0.3569722222222222 0.09226562499999993 0.23083333333333336
19 0.3552578125 0.7015138888888889 0.408359375 0.2971666666666667
19 0.49529296875 0.5487569444444444 0.07482031249999999 0.08987500000000005
19 0.33831249999999996 0.4663333333333333 0.14156250000000004 0.19127777777777782
9 0.5205390624999999 0.46651388888888895 0.1506718750000001 0.17180555555555563
14 0.69108984375 0.4354236111111111 0.08017968750000008 0.19784722222222226
17 0.7609687500000001 0.5613194444444445 0.07023437500000007 0.10861111111111117
19 0.31925781249999996 0.21388888888888888 0.220703125 0.42777777777777776
19 0.4485859375 0.29827777777777775 0.08382812499999996 0.18761111111111117
19 0.5718828125 0.22977777777777778 0.06673437500000005 0.10455555555555554
17 0.47100390625 0.12846527777777778 0.07341406250000002 0.14331944444444444
19 0.5824453125 0.10726388888888888 0.1055781249999999 0.21138888888888888
19 0.70040234375 0.03169444444444444 0.07799218749999995 0.06338888888888888
17 0.80071484375 0.037069444444444447 0.12060156249999991 0.07413888888888889