19 0.515234375 0.9152777777777777 0.109375 0.16944444444444445
2 0.39335546875 0.8638472222222222 0.13880468750000002 0.23541666666666666
14 0.28364453125 0.8827638888888888 0.08367968750000002 0.1647222222222221
16 0.781546875 0.7284930555555555 0.23298437500000002 0.3943472222222223
16 0.61608203125 0.8105972222222222 0.12536718750000003 0.28044444444444444
16 0.5194375 0.7661527777777778 0.12053124999999998 0.28438888888888886
16 0.31687109375 0.6534305555555556 0.060507812500000036 0.1350833333333334
3 0.26829296875 0.6575833333333333 0.08003906250000004 0.1991944444444444
10 0.38535546875 0.6314652777777777 0.09957031250000004 0.25931944444444444
17 0.467234375 0.6125972222222222 0.09051562499999992 0.13588888888888892
19 0.4400156249999999 0.6934722222222223 0.06824999999999992 0.16636111111111115
19 0.48464453125 0.6893541666666666 0.05347656250000003 0.0700416666666666
19 0.6006484375 0.5982083333333333 0.07135937499999993 0.12938888888888883
17 0.7304999999999999 0.5167708333333334 0.1165156249999999 0.10806944444444437
14 0.6540078125 0.4486874999999999 0.05876562500000002 0.12248611111111118
12 0.5622187500000001 0.4832291666666667 0.09639062500000009 0.19987499999999997
2 0.48805859374999994 0.42811805555555554 0.12799218749999994 0.2227361111111111
18 0.42545312500000004 0.44126388888888884 0.07035937499999996 0.08183333333333327
14 0.39696875 0.5109861111111111 0.051359375000000006 0.07255555555555557
19 0.3090078125 0.4717986111111111 0.042390624999999994 0.06040277777777779
18 0.26228124999999997 0.41031944444444435 0.04221874999999997 0.06847222222222216
0 0.35652343750000004 0.3623472222222222 0.08445312500000002 0.18527777777777774
3 0.41630078125000003 0.35207638888888887 0.042210937499999976 0.11106944444444448
18 0.69273046875 0.27508333333333335 0.05910156250000007 0.11858333333333333
3 0.61505078125 0.2738541666666667 0.11989843750000002 0.21770833333333334
3 0.4797109375 0.2066388888888889 0.16801562499999995 0.21883333333333332
19 0.22918359375000003 0.2725972222222222 0.09194531250000001 0.1963055555555556
2 0.24772656249999997 0.18318749999999998 0.14387499999999998 0.17831944444444442
17 0.36255859375000005 0.10081250000000001 0.08091406249999995 0.18637499999999999
19 0.22780859375 0.03575694444444444 0.04500781250000001 0.0687638888888889
16 0.5405703125 0.0989375 0.0654375 0.11256944444444442
12 0.6063515625 0.07073611111111111 0.09568750000000001 0.14147222222222222
8 0.79983984375 0.02195138888888889 0.03517968749999998 0.04390277777777778
15 0.46425390625 0.04125 0.1283359375 0.0825
18 0.2768203125 0.03149305555555556 0.062484375000000016 0.06298611111111112