3 0.4216953125 0.8996666666666666 0.09604687500000005 0.13480555555555548
17 0.552 0.858826388888889 0.07750000000000004 0.19490277777777767
0 0.41317578125 0.7159930555555556 0.15405468750000004 0.32665277777777785
3 0.443859375 0.6126111111111112 0.2363125 0.3493888888888888
6 0.6702656250000001 0.6194583333333333 0.08900000000000005 0.09208333333333327
17 0.6216796875 0.5208333333333334 0.07734375 0.12486111111111108
10 0.5075937500000001 0.2773125 0.06976562499999997 0.1715416666666667
10 0.24765625 0.9840277777777777 0.0703125 0.03194444444444444
12 0.468078125 0.08884722222222222 0.079875 0.13661111111111113
19 0.44348437500000004 0.8103958333333333 0.131046875 0.12256944444444444
19 0.5429101562499999 0.564298611111111 0.06550781249999993 0.11776388888888883
12 0.6935898437500001 0.49635416666666665 0.05810156249999991 0.11084722222222215
2 0.24484765625 0.8137708333333333 0.08588281250000004 0.14998611111111113
19 0.272046875 0.6734652777777779 0.07865625000000005 0.1914305555555556
19 0.23813671875000003 0.32721527777777776 0.07338281250000005 0.16804166666666664
10 0.3113671875 0.07811111111111112 0.08617187499999997 0.15622222222222223
19 0.741625 0.9645416666666667 0.03815624999999993 0.07091666666666659
17 0.40035156250000004 0.3619305555555556 0.07578125 0.16972222222222225
19 0.5993593749999999 0.3868888888888889 0.059812499999999956 0.11227777777777782
19 0.3985390625 0.16502083333333334 0.08317187500000003 0.2147638888888889
19 0.6711367187499999 0.23193749999999996 0.1644453125 0.44890277777777776
19 0.6027265625 0.19118055555555558 0.04748437499999998 0.1726388888888889
19 0.54147265625 0.47394444444444445 0.03932031249999994 0.054916666666666614
19 0.50346875 0.16075 0.04718750000000007 0.059916666666666646
19 0.54391015625 0.1382847222222222 0.028648437500000058 0.07490277777777779
19 0.44999218750000003 0.04874305555555555 0.14157812500000003 0.0974861111111111
19 0.64805859375 0.9374305555555554 0.16466406249999999 0.12513888888888877
19 0.40541796874999997 0.977361111111111 0.14099218750000003 0.04527777777777765