19 0.249984375 0.9766666666666666 0.0810625 0.04666666666666654
19 0.602953125 0.9435625 0.08706250000000004 0.11287499999999998
19 0.760953125 0.6174305555555555 0.40601562499999994 0.7479166666666667
19 0.3959140625 0.9431944444444444 0.13506250000000003 0.11361111111111105
19 0.30434765625 0.9133402777777778 0.09261718749999996 0.1733194444444444
19 0.5183671875 0.8708263888888889 0.11125000000000007 0.24476388888888892
19 0.23596874999999998 0.7742222222222223 0.12035937499999998 0.292888888888889
8 0.4755 0.671625 0.25068749999999995 0.2933333333333334
19 0.386140625 0.5253819444444445 0.12234374999999997 0.14231944444444447
19 0.36170703125000003 0.3572569444444445 0.1928359375 0.30840277777777775
19 0.275671875 0.38815277777777774 0.06640625 0.14416666666666664
19 0.478515625 0.4316041666666667 0.10015625000000003 0.20793055555555562
8 0.5623203125 0.32464583333333336 0.153515625 0.29345833333333327
17 0.37529296875 0.21136805555555555 0.05574218749999997 0.0944027777777778
17 0.17812109375000001 0.3154236111111111 0.0850703125 0.13781944444444447
19 0.23263281249999998 0.28215972222222224 0.09010937500000002 0.09981944444444445
19 0.7334765625 0.20877083333333332 0.07570312500000007 0.12865277777777778
17 0.8112109375 0.06527777777777778 0.07570312500000007 0.13055555555555556
7 0.289515625 0.14870833333333333 0.11121875 0.18874999999999997
19 0.23953124999999997 0.1319652777777778 0.06359374999999998 0.08356944444444446
19 0.36291015625 0.09029861111111111 0.05196093749999999 0.13606944444444444
19 0.42468359375000003 0.23684027777777777 0.07077343749999998 0.2142361111111111
19 0.44448828124999995 0.13421527777777775 0.1339765625 0.20676388888888889
19 0.47624999999999995 0.05072916666666667 0.07937499999999993 0.098125
19 0.8142460937499999 0.1939722222222222 0.08141406250000002 0.12727777777777777
19 0.6372578124999999 0.08688888888888889 0.026265624999999914 0.07427777777777776
8 0.5707734375 0.025979166666666664 0.07753125000000001 0.05195833333333333
19 0.24716796875 0.05404166666666666 0.08683593749999999 0.08725