6 0.238671875 0.9638888888888889 0.0546875 0.07222222222222222
14 0.42344140625 0.9492361111111111 0.08313281250000001 0.10152777777777765
10 0.5553046875000001 0.8881944444444444 0.18295312500000005 0.22361111111111112
15 0.6009140625 0.7144652777777777 0.16145312500000006 0.3385416666666667
18 0.23630468750000003 0.7626180555555556 0.08676562499999999 0.1417083333333333
5 0.20116015625 0.932951388888889 0.04361718750000001 0.12145833333333339
10 0.68394140625 0.7909097222222221 0.09586718750000003 0.24684722222222225
16 0.36562109375 0.5225902777777778 0.10344531250000003 0.2289861111111111
8 0.45837109375 0.4444513888888889 0.16763281249999995 0.2337083333333333
0 0.4116171875 0.2798888888888889 0.06670312499999995 0.10841666666666668
14 0.27695703125 0.17743055555555556 0.06483593750000001 0.24458333333333337
12 0.6685820312499999 0.24968749999999998 0.08580468749999995 0.11687499999999997
18 0.39445312499999996 0.17268055555555556 0.06859374999999997 0.10819444444444445
18 0.39162109375 0.056652777777777774 0.10180468749999996 0.11330555555555555
19 0.50756640625 0.099 0.12086718750000003 0.198
18 0.6164375 0.11735416666666668 0.10006249999999994 0.23470833333333335
0 0.44233593749999994 0.6469861111111112 0.08204687499999999 0.13519444444444442
17 0.33655859375 0.21971527777777777 0.05546093750000001 0.18640277777777783
19 0.5738671875 0.4105902777777778 0.16023437499999993 0.3128472222222222
19 0.85371875 0.050722222222222224 0.09148437499999992 0.10144444444444445
3 0.628671875 0.13772916666666665 0.075 0.19648611111111108
19 0.12076171875 0.2946736111111111 0.1258203125 0.5893472222222222