19 0.283984375 0.9576388888888889 0.059375 0.08472222222222223
5 0.5590546875 0.9142916666666667 0.09421874999999993 0.16861111111111124
19 0.501515625 0.9677430555555555 0.035531250000000014 0.06451388888888895
12 0.40743359375 0.9157499999999998 0.11121093749999997 0.1684999999999999
19 0.35998828125000004 0.9564652777777778 0.05721093750000002 0.08706944444444452
19 0.47208203125 0.874263888888889 0.08189843749999995 0.10061111111111119
12 0.5568710937500001 0.7440416666666667 0.12691406250000004 0.22152777777777777
19 0.6734765625 0.8166875 0.01953125 0.06740277777777774
7 0.385703125 0.6990902777777778 0.2166875 0.31620833333333326
19 0.75478515625 0.6526319444444444 0.0763671875 0.15423611111111105
17 0.8583359375 0.6505208333333333 0.07076562499999994 0.17873611111111118
10 0.5899609375000001 0.48388888888888887 0.07179687500000007 0.3625
19 0.3862734375 0.616125 0.12824999999999998 0.2874444444444445
19 0.48960546874999994 0.5815277777777778 0.06902343749999992 0.0941111111111111
16 0.8052851562499999 0.532875 0.09505468750000005 0.15633333333333327
19 0.27520703125 0.5658402777777778 0.07077343750000002 0.11534722222222216
19 0.256953125 0.4516597222222222 0.058109375 0.11384722222222227
8 0.44936718750000004 0.42087499999999994 0.22523437499999996 0.3045277777777778
19 0.6588828125 0.4811666666666667 0.06412499999999995 0.07041666666666672
19 0.46349999999999997 0.1834027777777778 0.12440625000000001 0.19069444444444447
19 0.39830859375000005 0.11941666666666667 0.053085937500000034 0.1033611111111111
19 0.517625 0.13756944444444447 0.07785937500000006 0.14919444444444446
19 0.61566015625 0.09979166666666665 0.1305546875000001 0.1995833333333333
19 0.4574765625 0.042270833333333334 0.109171875 0.08454166666666667