19 0.46295703125000004 0.928236111111111 0.12849218750000002 0.14352777777777767
19 0.555 0.9274305555555555 0.06709375000000009 0.1451388888888889
19 0.808203125 0.9416666666666667 0.0859375 0.11666666666666667
18 0.3920390625 0.9680277777777778 0.08014062500000003 0.06394444444444439
19 0.26819531249999995 0.7209027777777777 0.28565624999999994 0.5581944444444444
18 0.63227734375 0.7849236111111111 0.13782031250000007 0.261125
19 0.6851718750000001 0.930236111111111 0.013578125000000085 0.02791666666666654
19 0.53075390625 0.7246527777777778 0.04411718750000002 0.10588888888888891
19 0.36190625 0.6009374999999999 0.14710937499999996 0.31031944444444454
19 0.46996093749999995 0.5976875 0.12353124999999991 0.3023472222222223
19 0.5752773437500001 0.6527916666666667 0.07610156250000007 0.14280555555555546
17 0.674078125 0.5467291666666667 0.046187499999999916 0.10743055555555558
7 0.7831640625 0.4940625 0.18600000000000003 0.3787083333333334
19 0.1903125 0.3475625 0.09937499999999999 0.19473611111111117
19 0.3918828125 0.34238888888888885 0.17074999999999996 0.3043888888888888
19 0.54589453125 0.42084027777777777 0.14294531250000003 0.2562361111111111
19 0.37944921875000004 0.95 0.06350781250000001 0.1
17 0.67903125 0.2771944444444444 0.08385937499999993 0.13552777777777775
19 0.27242578125 0.2622291666666667 0.051460937500000005 0.16298611111111114
19 0.30106640625000003 0.18524305555555556 0.03049218749999998 0.11937499999999998
19 0.52455859375 0.2452847222222222 0.14503906250000007 0.11554166666666667
19 0.7578828124999999 0.24770833333333334 0.10814062499999996 0.19736111111111107
19 0.373109375 0.035375 0.08051562499999995 0.07075
19 0.44810546874999996 0.06388888888888888 0.06507031249999998 0.08822222222222223
12 0.574390625 0.06086805555555556 0.05073437500000004 0.12173611111111111
19 0.7867109375 0.04223611111111111 0.08051562499999995 0.08447222222222223
19 0.47788671875000005 0.1246736111111111 0.09153906250000006 0.2137361111111111
17 0.48174609375 0.02565277777777778 0.059554687500000016 0.04705555555555556
17 0.51538671875 0.10800694444444445 0.06727343749999992 0.08234722222222221
17 0.42715234375 0.15604166666666666 0.08713281249999998 0.10391666666666666