10 0.6979765625 0.9789305555555554 0.071484375 0.042138888888888774
19 0.68469140625 0.8989097222222223 0.061585937499999945 0.12418055555555567
19 0.641484375 0.8745486111111112 0.026671875000000077 0.06859722222222236
19 0.54503515625 0.8900347222222222 0.05607031249999998 0.08006944444444457
19 0.48142968750000004 0.8581666666666666 0.06157812499999995 0.14052777777777786
19 0.5158945312500001 0.8094583333333334 0.06800781249999996 0.1183333333333334
2 0.31821484375 0.7457361111111112 0.1130859375 0.2745277777777778
18 0.32115625 0.7509652777777779 0.11487499999999998 0.22612499999999994
17 0.24259375 0.8003055555555556 0.07168749999999999 0.1078055555555554
19 0.24383984375 0.6861041666666666 0.05882031249999997 0.11437499999999995
19 0.54966796875 0.6612152777777779 0.08944531250000001 0.12156944444444448
19 0.23815625 0.6536458333333334 0.09814062500000001 0.1458472222222222
19 0.53880859375 0.5475694444444444 0.26411718749999996 0.19583333333333333
18 0.7051484375 0.4789861111111111 0.22364062499999998 0.2651666666666666
2 0.48652734375 0.6909375 0.09441406249999992 0.24904166666666658
17 0.636671875 0.6937569444444445 0.09000000000000004 0.1341249999999999
17 0.227828125 0.5610555555555555 0.05890624999999998 0.1750555555555555
2 0.23033203124999999 0.44509722222222226 0.06892968750000002 0.11275000000000009
19 0.345109375 0.41022222222222227 0.06614062499999998 0.11716666666666668
19 0.42878125 0.3639791666666667 0.07974999999999999 0.14954166666666666
19 0.503953125 0.5069444444444444 0.09190625000000008 0.16683333333333333
10 0.5919140625 0.3667638888888889 0.159375 0.19366666666666663
18 0.7703593750000001 0.3002847222222222 0.10912500000000006 0.2541527777777778
17 0.53240625 0.23854861111111111 0.05845312499999995 0.11487499999999998
19 0.35600390625 0.25177777777777777 0.019851562499999975 0.040000000000000015
19 0.41456640624999996 0.19347916666666667 0.12477343750000003 0.20720833333333333
19 0.6622382812500001 0.14804166666666665 0.18432031250000006 0.27975
19 0.59191015625 0.12630555555555556 0.06617968750000003 0.1143888888888889
19 0.234328125 0.07402083333333334 0.06259375 0.11437499999999999
19 0.41268359375 0.056861111111111105 0.056992187500000034 0.11275
19 0.471046875 0.025 0.052390624999999955 0.049027777777777774