14 0.708203125 0.9916666666666667 0.0203125 0.016666666666666666
17 0.29923828125 0.9044652777777779 0.06675781250000004 0.1489305555555556
17 0.6519492187499999 0.9637083333333334 0.06317968749999991 0.07258333333333332
11 0.59478515625 0.9461597222222222 0.054773437499999925 0.10768055555555552
19 0.54772265625 0.9726041666666666 0.12472656250000007 0.05479166666666673
12 0.77224609375 0.923 0.05139843749999997 0.09888888888888896
19 0.46612890625 0.9378888888888889 0.08571093750000003 0.1242222222222223
10 0.622609375 0.7780416666666667 0.11265625000000004 0.1956944444444445
17 0.6826679687499999 0.8258680555555555 0.09128906249999993 0.11668055555555554
17 0.69906640625 0.7100972222222222 0.06167968750000004 0.13661111111111104
19 0.4680546875 0.7611944444444444 0.12242187500000004 0.2516666666666667
3 0.5678671875 0.727201388888889 0.23065625 0.4360416666666667
9 0.37930859375 0.6088194444444445 0.17958593750000004 0.24191666666666675
8 0.232328125 0.5777847222222222 0.13362499999999997 0.23723611111111104
19 0.7960703125 0.5811388888888889 0.10789062500000002 0.16041666666666668
19 0.812140625 0.47331944444444446 0.07071874999999998 0.05691666666666669
10 0.53209375 0.2799861111111111 0.13903125000000002 0.2805277777777778
19 0.3205390625 0.23371527777777779 0.10154687500000001 0.18354166666666671
18 0.6547109375 0.24246527777777777 0.19760937500000003 0.3513194444444444
17 0.67080859375 0.08346527777777778 0.06672656250000006 0.11504166666666664
17 0.4452265625 0.07222222222222222 0.08732812499999998 0.14444444444444443
3 0.5104101562500001 0.12772222222222224 0.07902343750000007 0.11961111111111111
14 0.57778515625 0.04472916666666667 0.10869531250000009 0.08945833333333333
3 0.71250390625 0.36415277777777777 0.14328906250000006 0.23863888888888893
19 0.83821875 0.37004166666666666 0.10814062500000006 0.17416666666666664