19 0.99477734375 0.01670138888888889 0.010445312499999915 0.03340277777777778
19 0.5183984374999999 0.9829861111111111 0.067578125 0.034027777777777775
8 0.457421875 0.9402777777777778 0.08203125 0.11944444444444445
19 0.2859453125 0.8739513888888889 0.08778125 0.15812499999999988
19 0.34124609375000003 0.8771249999999999 0.01735156250000003 0.04972222222222216
19 0.41859765624999995 0.9058333333333334 0.053601562499999963 0.09361111111111124
8 0.46072265625000003 0.8177777777777777 0.13630468750000002 0.1265555555555554
19 0.5700234375 0.8483333333333334 0.10473437499999996 0.1492222222222223
0 0.64401953125 0.8875624999999999 0.05558593750000007 0.12756944444444432
19 0.3369609375 0.7225833333333334 0.06773437500000004 0.14727777777777773
3 0.52542578125 0.690048611111111 0.11410156249999996 0.16231944444444446
19 0.498828125 0.7525347222222223 0.015234375 0.022597222222222196
8 0.63524609375 0.6926388888888889 0.11682031249999998 0.12291666666666674
19 0.1890859375 0.5740902777777778 0.07964062499999999 0.18526388888888887
19 0.2616953125 0.6142569444444445 0.056656249999999984 0.1327916666666667
19 0.37630859375000003 0.8390208333333332 0.031210937500000036 0.047680555555555455
12 0.5738945312499999 0.41875 0.10221093749999995 0.3017222222222222
19 0.4439375 0.4304513888888889 0.21556250000000005 0.31465277777777784
19 0.46873828125 0.2837222222222222 0.09596093749999994 0.16855555555555554
19 0.49242578124999997 0.15588194444444442 0.1374921875 0.3014861111111111
19 0.58080078125 0.2094861111111111 0.07199218750000007 0.12147222222222219
19 0.40075390625 0.1451875 0.07963281250000005 0.142875
18 0.30928125 0.15887500000000002 0.05160937499999996 0.06936111111111112
19 0.5723125 0.10960416666666667 0.07314062499999992 0.07656944444444444
19 0.59689453125 0.06373611111111112 0.07111718749999998 0.06719444444444443
19 0.643828125 0.033854166666666664 0.15034375000000005 0.06770833333333333
19 0.66759765625 0.10382638888888888 0.04022656250000001 0.06356944444444446
19 0.7541523437500001 0.066625 0.04347656250000007 0.07875
12 0.37090234375 0.04041666666666667 0.046320312499999974 0.08083333333333334
19 0.47941796875 0.15320833333333334 0.054445312500000044 0.10830555555555559
18 0.11199218749999999 0.13903472222222224 0.10217187500000002 0.2780694444444445