19 0.69402734375 0.966611111111111 0.08257031250000005 0.06677777777777767
19 0.8439062500000001 0.9918680555555556 0.08625000000000008 0.01626388888888894
10 0.37444921875 0.8639027777777778 0.05311718749999996 0.2621944444444444
19 0.8278515625 0.9100833333333334 0.045703125 0.0809444444444444
8 0.6205859375 0.5520138888888889 0.050390625 0.19319444444444447
12 0.32462500000000005 0.6128333333333333 0.05856250000000003 0.11205555555555564
16 0.23030078124999998 0.5872291666666667 0.13325781249999996 0.22918055555555555
19 0.745734375 0.5345972222222223 0.06256249999999994 0.1114166666666667
19 0.515046875 0.5646666666666667 0.03303124999999998 0.06988888888888896
7 0.37141015624999996 0.32225694444444447 0.18842968750000005 0.2575694444444444
7 0.50790234375 0.35384027777777777 0.07872656249999999 0.19176388888888884
19 0.40809375000000003 0.6910277777777777 0.09615624999999998 0.1559444444444444
2 0.23069531249999997 0.29725694444444445 0.09154687500000003 0.14173611111111112
19 0.308203125 0.3084652777777777 0.07578125 0.20473611111111106
17 0.49820703124999993 0.19981944444444444 0.06764843749999994 0.11797222222222221
19 0.70262890625 0.10076388888888889 0.15408593750000002 0.20152777777777778
19 0.27874609375000003 0.030569444444444448 0.11964843749999998 0.061138888888888895
19 0.45906640625 0.05930555555555556 0.10953906250000003 0.11861111111111113
18 0.11199218749999999 0.13903472222222224 0.10217187500000002 0.2780694444444445