18 0.36677734375000004 0.6283194444444444 0.09527343750000003 0.17225
18 0.6717226562499999 0.3854791666666666 0.050789062499999996 0.1440138888888889
18 0.70505859375 0.23017361111111115 0.0603515625 0.13840277777777776
3 0.6387890625 0.21958333333333332 0.14148437499999994 0.3466666666666666
3 0.3358203125 0.4504166666666667 0.169921875 0.21166666666666664
18 0.50971484375 0.45042361111111107 0.07307031249999998 0.18915277777777786
2 0.72570703125 0.3713680555555555 0.06988281250000003 0.0931805555555556
2 0.44335546875 0.38745138888888886 0.04447656250000005 0.13834722222222223
13 0.512890625 0.14118055555555556 0.32718749999999996 0.2823611111111111
5 0.79401171875 0.4250347222222222 0.11119531250000003 0.1778472222222222
2 0.5509999999999999 0.2824097222222222 0.14929687499999994 0.14120833333333335
10 0.7940039062500001 0.2604027777777778 0.11117968750000004 0.13441666666666663
3 0.5259765625 0.8001874999999999 0.07085937500000003 0.16906944444444447
17 0.2119140625 0.6903541666666667 0.08282812499999999 0.13529166666666662
10 0.18069921875 0.8448680555555554 0.0728984375 0.11568055555555551
15 0.74970703125 0.9007986111111111 0.060554687499999996 0.15520833333333334
12 0.44887890624999993 0.6862430555555556 0.05691406249999993 0.10118055555555551
12 0.2675390625 0.25002777777777774 0.073828125 0.1273611111111111
2 0.71578125 0.08647916666666666 0.06845312499999992 0.14965277777777777
18 0.25598828125 0.04539583333333334 0.05733593749999999 0.090625
3 0.33142578125 0.09056944444444444 0.08433593750000004 0.1753333333333333
19 0.11555078125 0.2946736111111111 0.11539843749999998 0.5893472222222222
17 0.57291796875 0.8378125000000001 0.04605468750000004 0.12423611111111117
19 0.623515625 0.9742916666666667 0.07123437500000004 0.05141666666666664
4 0.32594531250000003 0.22827083333333337 0.07623437500000003 0.2412361111111111