18 0.69765625 0.9736111111111111 0.08828125 0.05277777777777778
12 0.18571484374999997 0.956625 0.042257812500000026 0.07019444444444439
12 0.30875390625 0.8378333333333333 0.0976484375 0.15936111111111112
19 0.5874257812500001 0.8841736111111111 0.05558593750000007 0.10587500000000002
3 0.7382539062500001 0.6184305555555555 0.18264843750000007 0.23152777777777783
3 0.6612109375 0.5377430555555556 0.144921875 0.329375
19 0.5679960937499999 0.6675625 0.07464843749999997 0.16376388888888893
0 0.5706953125 0.4972986111111111 0.04446875000000006 0.12706944444444446
8 0.21469140625 0.5677916666666667 0.052570312499999994 0.1214166666666666
8 0.275625 0.34230555555555553 0.17875000000000002 0.36427777777777776
10 0.49584765625000005 0.342875 0.08625781250000006 0.27125
19 0.5948593750000001 0.3227569444444444 0.07278125000000006 0.15765277777777775
11 0.7105703125 0.16078472222222223 0.036765624999999955 0.15031944444444442
0 0.45776562500000006 0.07737500000000001 0.09935937500000006 0.14722222222222223
2 0.8369023437499999 0.08938194444444444 0.08924218750000001 0.1787638888888889
18 0.3277578125 0.07990277777777778 0.05054687500000003 0.12580555555555553
12 0.29976171875 0.02997222222222222 0.05846093750000003 0.056861111111111105
19 0.39615625000000004 0.2809861111111111 0.049250000000000016 0.07052777777777774
12 0.79003125 0.049166666666666664 0.08735937500000004 0.09833333333333333
19 0.7384999999999999 0.7866041666666667 0.03628125000000004 0.0788472222222222
19 0.6216796875 0.746923611111111 0.08417187500000001 0.17556944444444447
0 0.69234765625 0.7833055555555555 0.048585937500000044 0.09144444444444433
19 0.46068749999999997 0.5365833333333334 0.06199999999999992 0.15183333333333324
8 0.517875 0.5405416666666667 0.07387499999999995 0.15030555555555558
19 0.12076171875 0.2946736111111111 0.1258203125 0.5893472222222222