19 0.39627734375 0.8501041666666665 0.18103906250000001 0.2997916666666666
3 0.505078125 0.9444444444444444 0.12109375 0.1111111111111111
17 0.582421875 0.9333333333333333 0.065625 0.13333333333333333
19 0.7180078125 0.9789652777777778 0.046546874999999946 0.042069444444444395
19 0.5479609375 0.8601944444444445 0.06687499999999993 0.12694444444444458
19 0.61437109375 0.7528194444444444 0.18166406249999997 0.11569444444444438
14 0.75620703125 0.7698958333333334 0.09660156249999999 0.24331944444444453
19 0.28325 0.9573888888888888 0.04704687500000002 0.08522222222222209
19 0.17858203125 0.8888194444444445 0.07158593749999997 0.18355555555555567
19 0.26925781249999997 0.904875 0.14187500000000003 0.17233333333333323
19 0.4991796875 0.7741319444444444 0.04564062500000006 0.07865277777777793
10 0.4204921875 0.666125 0.12348437499999995 0.15311111111111111
19 0.51984765625 0.6596944444444445 0.0859453125 0.14080555555555563
10 0.56413671875 0.6167013888888888 0.17202343750000004 0.10956944444444443
18 0.697734375 0.5754166666666666 0.131453125 0.1254166666666666
19 0.32659765625000003 0.7155972222222222 0.11580468750000002 0.21933333333333335
19 0.25657031249999995 0.6403263888888888 0.15689062499999998 0.2224861111111112
19 0.24542187499999998 0.6274097222222222 0.09578125000000001 0.20795833333333336
19 0.68928125 0.5054722222222222 0.08601562499999993 0.13630555555555554
17 0.7412109375 0.3950208333333334 0.11201562500000009 0.12315277777777776
8 0.5821484375 0.5330069444444444 0.10532812499999995 0.13179166666666664
19 0.4711953125 0.5443888888888889 0.09689062499999998 0.2756111111111112
19 0.3503984375 0.5338263888888889 0.05809375000000001 0.1579305555555556
8 0.19701953125 0.3482777777777778 0.08642968749999999 0.18097222222222223
19 0.64782421875 0.4114930555555556 0.051460937499999915 0.061597222222222255
19 0.56471875 0.4099791666666667 0.055781250000000074 0.13518055555555558
19 0.5984765625 0.43074999999999997 0.05090625000000006 0.08113888888888883
10 0.4728671875 0.2938263888888889 0.137296875 0.274875
10 0.40271875 0.48981250000000004 0.059656249999999966 0.10965277777777784
19 0.7429882812499999 0.302875 0.08257031250000005 0.09138888888888891
0 0.6149765625000001 0.315625 0.11656250000000004 0.18733333333333332
3 0.6990234375 0.12874305555555554 0.17164062500000005 0.2574861111111111
19 0.44461328125 0.41437499999999994 0.08467968750000007 0.13513888888888886
19 0.51962109375 0.24013194444444447 0.04438281249999996 0.08148611111111113
6 0.40825000000000006 0.3578194444444444 0.06467187499999998 0.17719444444444446
19 0.35783203125 0.325 0.08221093750000001 0.1747777777777778
19 0.2740859375 0.3700069444444445 0.05906250000000002 0.11990277777777779
19 0.28619921875000004 0.24920833333333334 0.06530468750000003 0.1135833333333333
12 0.17625000000000002 0.17048611111111112 0.10234375000000002 0.16125
19 0.3244296875 0.19410416666666666 0.08260937500000001 0.1220972222222222
19 0.4984921875 0.26319444444444445 0.06692187500000006 0.15250000000000002
17 0.46960156249999996 0.19265972222222222 0.07079687499999991 0.16476388888888888
19 0.3453125 0.15897222222222224 0.09859375000000004 0.22016666666666673
12 0.29265234375000004 0.09301388888888888 0.07078906250000001 0.1543611111111111
8 0.2312734375 0.059069444444444445 0.06885937499999999 0.11813888888888889
19 0.404515625 0.1111111111111111 0.09346875000000003 0.16972222222222222
19 0.37014843750000004 0.045590277777777785 0.05407812500000002 0.09118055555555557
19 0.6120390625000001 0.09176388888888888 0.11889062500000006 0.18352777777777776
13 0.5059140624999999 0.09026388888888888 0.1946406249999999 0.18052777777777776