11 0.46085937500000007 0.9749305555555554 0.09796875000000008 0.05013888888888876
0 0.54458984375 0.9390208333333334 0.06253906249999996 0.12195833333333325
11 0.46255859374999997 0.8938402777777779 0.11355468749999993 0.21231944444444428
14 0.286515625 0.9186944444444444 0.15348437500000003 0.162611111111111
2 0.36080078125 0.8851458333333333 0.08566406249999999 0.15104166666666666
17 0.5021484375 0.5638472222222223 0.08289062499999993 0.11813888888888881
7 0.28098828124999997 0.6420833333333333 0.20074218750000003 0.3476944444444445
18 0.41426562499999997 0.6936805555555556 0.08134374999999996 0.16625000000000006
10 0.6151953124999999 0.6328402777777777 0.08031249999999997 0.23373611111111106
14 0.7905859375000001 0.5664305555555557 0.10304687500000007 0.16486111111111118
17 0.49483203124999997 0.6771458333333332 0.08513281250000002 0.1554861111111111
17 0.4234453125 0.5585416666666666 0.08923437500000002 0.13125
18 0.599421875 0.46304166666666663 0.18928124999999998 0.27808333333333335
17 0.708640625 0.41879861111111116 0.08371875000000006 0.1451805555555555
7 0.302640625 0.4285416666666667 0.20262499999999997 0.30422222222222217
3 0.42392578125 0.5368958333333332 0.1615234375 0.2653749999999999
14 0.7331406250000001 0.2675416666666667 0.05778125000000003 0.09658333333333337
17 0.30351171875 0.12671527777777777 0.08153906250000001 0.16048611111111108
17 0.6630703124999999 0.2088611111111111 0.06317187499999992 0.11855555555555558
11 0.623625 0.22236805555555555 0.05476562499999993 0.13481944444444444
19 0.53455078125 0.2662013888888889 0.12472656250000007 0.2082361111111111
12 0.7898515625 0.1318472222222222 0.04373437500000001 0.07591666666666666
19 0.47169140625 0.17059027777777777 0.07228906249999997 0.11729166666666666
19 0.4379687499999999 0.05959027777777777 0.07021875000000008 0.11734722222222221
19 0.5289570312499999 0.08636805555555556 0.12816406249999995 0.17273611111111112
10 0.6169687500000001 0.08913194444444444 0.1041875000000001 0.1782638888888889
17 0.69933984375 0.05834027777777778 0.09128906249999993 0.11668055555555557
18 0.4212734375 0.874451388888889 0.07085937500000003 0.22354166666666672
17 0.27939453125 0.880375 0.03697656250000003 0.07805555555555561
10 0.23850390625 0.35453472222222226 0.13053906250000002 0.2588472222222223