19 0.7152734374999999 0.9626388888888889 0.11429687499999996 0.07472222222222216
19 0.2872578125 0.9103472222222221 0.08201562500000001 0.17930555555555544
3 0.36896484375000005 0.9527777777777777 0.050664062500000016 0.09444444444444444
19 0.41735156250000005 0.9640069444444443 0.046406250000000024 0.07198611111111101
17 0.504578125 0.9277638888888889 0.06753125000000004 0.1444722222222222
2 0.24964843750000001 0.9761805555555556 0.05460937499999998 0.04763888888888883
17 0.5877226562500001 0.5495 0.07646093749999991 0.1407777777777778
11 0.51159765625 0.7199930555555555 0.17561718749999997 0.12915277777777778
17 0.29730468749999994 0.6114305555555556 0.07260937500000005 0.16302777777777777
19 0.4076953125 0.6800277777777778 0.04900000000000002 0.1320277777777777
19 0.6353125000000001 0.4822222222222222 0.07823437500000008 0.10874999999999993
19 0.31434765625 0.45077083333333334 0.08091406249999995 0.14084722222222218
19 0.4014375 0.41865972222222225 0.07493750000000002 0.11981944444444442
17 0.6195195312499999 0.18634722222222225 0.06846093750000008 0.12952777777777777
19 0.46996093749999995 0.4480416666666666 0.031640625 0.17974999999999994
11 0.60940234375 0.3801875 0.11374218749999994 0.0979861111111111
14 0.6047968750000001 0.30486111111111114 0.1319218750000001 0.10736111111111109
11 0.7179804687500001 0.20915277777777783 0.1307578124999999 0.4003055555555556
19 0.47908984375 0.2499444444444444 0.10041406249999998 0.18461111111111106
19 0.39514453125 0.18321527777777777 0.03278906249999998 0.06773611111111111
12 0.61293359375 0.04178472222222222 0.07166406250000001 0.08356944444444445
16 0.52173046875 0.05770833333333333 0.11644531249999997 0.11541666666666665
19 0.40772265625 0.09588194444444444 0.07085156250000005 0.17806944444444442
19 0.49322656249999997 0.12627777777777777 0.09853124999999992 0.097
19 0.42210546875 0.0077777777777777776 0.04749218749999997 0.015555555555555555