19 0.7521875 0.922611111111111 0.09226562499999993 0.15477777777777785
9 0.5216484375 0.9626388888888889 0.10920312499999998 0.07472222222222216
14 0.68217578125 0.9440347222222221 0.07169531249999998 0.11193055555555544
19 0.30348046875 0.7804166666666666 0.22071093750000004 0.4391666666666667
19 0.44885546875 0.8697569444444445 0.08382031249999997 0.19506944444444452
19 0.5617734375000001 0.7995694444444446 0.06673437500000005 0.11311111111111119
17 0.46162890624999997 0.7017986111111111 0.07341406250000002 0.14331944444444453
19 0.5777578125 0.6686388888888888 0.1030156250000001 0.23080555555555565
19 0.7170859375 0.5998888888888889 0.13445312499999992 0.12916666666666668
17 0.812 0.5524861111111111 0.08265625000000006 0.1745833333333334
17 0.38840624999999995 0.5251666666666667 0.07835937499999997 0.1378055555555556
19 0.32005078124999997 0.4666180555555556 0.09855468749999999 0.18168055555555548
19 0.407234375 0.44811111111111107 0.06803124999999999 0.1595833333333333
15 0.54216015625 0.47577083333333325 0.18927343749999997 0.2115416666666666
19 0.4508828125 0.33295833333333336 0.10823437499999997 0.1873055555555556
18 0.667890625 0.2132638888888889 0.09578124999999993 0.2293055555555556
18 0.47503125000000007 0.11827777777777777 0.11850000000000005 0.23655555555555555
18 0.5650585937500001 0.25153472222222223 0.13039843750000008 0.1650138888888889
15 0.39730078125 0.0913125 0.08819531249999998 0.182625
19 0.341078125 0.017374999999999998 0.022312499999999957 0.034749999999999996