19 0.49446484375 0.9766041666666666 0.06814843750000002 0.046791666666666745
3 0.6258203125 0.9195833333333334 0.16929687500000004 0.16083333333333327
10 0.636703125 0.8746666666666667 0.09145312499999995 0.2506666666666667
17 0.82252734375 0.8167916666666667 0.08072656249999995 0.10513888888888895
19 0.53705078125 0.8307291666666666 0.17902343750000008 0.23904166666666685
17 0.30812500000000004 0.9296527777777778 0.06492187500000002 0.14069444444444437
19 0.39706640625 0.9443888888888888 0.10305468750000002 0.11122222222222213
8 0.37160937499999996 0.8592916666666668 0.11710937500000003 0.10333333333333346
19 0.2193828125 0.9162569444444444 0.140546875 0.167486111111111
19 0.28510546875 0.7987638888888887 0.05514843750000002 0.07097222222222209
14 0.227203125 0.7633472222222223 0.06974999999999998 0.10847222222222218
12 0.26858593750000004 0.6712638888888888 0.1055625 0.16177777777777771
19 0.36773437500000006 0.6799444444444445 0.16343750000000004 0.2651666666666666
18 0.5675625 0.7992916666666667 0.13864062500000002 0.15463888888888877
19 0.49145703124999995 0.657423611111111 0.07482031249999999 0.1265972222222222
19 0.6365117187499999 0.5952638888888888 0.05438281249999992 0.11222222222222215
18 0.33933984375 0.5213194444444444 0.08636718749999997 0.15100000000000005
19 0.4100546875 0.5960069444444445 0.09979687500000001 0.2886805555555555
18 0.39666796875 0.43722916666666667 0.045367187499999996 0.09862499999999999
19 0.46428906250000007 0.45206250000000003 0.030421875000000043 0.05720833333333341
19 0.51552734375 0.5162986111111111 0.12230468749999997 0.17034722222222218
12 0.5938320312500001 0.42106944444444444 0.0890703125 0.15458333333333332
18 0.6826523437500001 0.33775 0.17632031250000005 0.3804166666666666
10 0.8348125 0.5238125 0.13065624999999992 0.19968055555555553
18 0.8029257812499999 0.3717916666666667 0.0873046875 0.23402777777777778
17 0.256953125 0.3889513888888888 0.09867187499999996 0.19654166666666664
19 0.5848203125 0.6638333333333333 0.12314062499999992 0.21561111111111103
19 0.3007890625 0.32459027777777777 0.07757812499999997 0.12201388888888892
19 0.3178125 0.24288888888888888 0.05265624999999998 0.098
17 0.222109375 0.1904166666666667 0.1046875 0.18944444444444442
17 0.48866015625000003 0.26489583333333333 0.07788281250000004 0.15704166666666666
19 0.37812890625 0.05934722222222222 0.07266406249999999 0.11869444444444444
19 0.7445 0.1120138888888889 0.11024999999999992 0.13486111111111107
19 0.760484375 0.014965277777777779 0.03909374999999997 0.029930555555555557
19 0.8784687499999999 0.05429861111111111 0.024749999999999873 0.03276388888888889
19 0.52529296875 0.17048611111111112 0.07161718750000005 0.07938888888888887
19 0.17132421875 0.13583333333333336 0.03405468750000003 0.07055555555555557
19 0.28746875 0.19059027777777776 0.04396874999999998 0.10868055555555556