12 0.38273046875 0.8859722222222222 0.12141406250000002 0.22805555555555562
19 0.6664609374999999 0.9234861111111111 0.08660937499999992 0.12741666666666668
19 0.26768749999999997 0.9071597222222222 0.03829687499999999 0.053513888888888854
19 0.27144921875 0.8171666666666667 0.08391406249999997 0.1315555555555556
19 0.53162109375 0.696 0.30086718749999997 0.5064444444444445
19 0.68326953125 0.7713333333333333 0.07455468750000005 0.09788888888888891
19 0.6943984375000001 0.8152916666666666 0.07126562500000003 0.09558333333333324
19 0.3189453125 0.6109513888888889 0.156640625 0.38434722222222223
19 0.29214843749999997 0.38975 0.09921875 0.14075000000000004
19 0.8271015625 0.31669444444444445 0.06728124999999992 0.2092222222222222
19 0.42898437500000003 0.40109722222222227 0.05914062500000004 0.061916666666666724
19 0.45830078125 0.4374583333333334 0.11957031249999997 0.02630555555555563
18 0.50350390625 0.3179097222222222 0.09533593749999998 0.17529166666666668
19 0.44395703124999997 0.30080555555555555 0.04478906249999994 0.09844444444444443
19 0.41527734374999997 0.31820833333333337 0.02071093749999999 0.0724444444444444
19 0.6873437499999999 0.2554652777777778 0.09203124999999997 0.19823611111111114
10 0.7379648437499999 0.13982638888888888 0.05591406249999995 0.231875
19 0.58458984375 0.31316666666666665 0.07739843749999994 0.17511111111111108
19 0.4352421875 0.21263888888888888 0.09146874999999999 0.12758333333333335
17 0.33027734375 0.014013888888888888 0.04299218749999998 0.028027777777777776
17 0.46219921875000003 0.05657638888888889 0.14560156249999995 0.11315277777777778
2 0.5863046875 0.022263888888888892 0.04690624999999997 0.044527777777777784
17 0.612203125 0.07351388888888889 0.05081249999999997 0.14702777777777779
17 0.655203125 0.08013888888888887 0.08306249999999996 0.14766666666666667
18 0.11199218749999999 0.13903472222222224 0.10217187500000002 0.2780694444444445