19 0.2610703125 0.919625 0.091015625 0.16075
19 0.6004140625 0.9805138888888889 0.04120312500000001 0.038972222222222144
19 0.5075390625 0.878125 0.035171874999999984 0.07930555555555543
16 0.1938515625 0.8526597222222222 0.08842187500000002 0.15504166666666683
19 0.48798046875 0.7948611111111112 0.09014843750000008 0.09750000000000006
19 0.61346484375 0.8162222222222222 0.13307031249999995 0.16772222222222222
19 0.42344140625 0.7824722222222222 0.056679687499999964 0.08102777777777767
19 0.36936328125 0.7836527777777776 0.018023437500000038 0.03799999999999986
17 0.5256093749999999 0.7350555555555556 0.091015625 0.14938888888888882
17 0.7413867187500001 0.8649027777777778 0.08499218749999997 0.12683333333333324
19 0.3628125 0.6741944444444444 0.014593749999999961 0.05799999999999999
19 0.4641640625000001 0.5947777777777777 0.1120000000000001 0.12116666666666667
19 0.523671875 0.519076388888889 0.07948437500000001 0.09793055555555555
17 0.52510546875 0.4281388888888889 0.0708984375 0.0915833333333334
19 0.47504687500000004 0.36262500000000003 0.04506250000000005 0.09794444444444442
2 0.41600000000000004 0.4677777777777778 0.10739062500000003 0.16491666666666668
17 0.3999375 0.3869305555555555 0.061812500000000006 0.08241666666666671
19 0.47680078125 0.2350625 0.02472656250000007 0.0567638888888889
14 0.20722265625 0.18366666666666667 0.16788281249999998 0.2565555555555556
2 0.2924765625 0.11729166666666667 0.12426562499999996 0.23458333333333334
17 0.42667968749999996 0.09709027777777778 0.08601562499999997 0.19418055555555555
18 0.3296875 0.95625 0.06015625 0.0875