19 0.50234375 0.9909722222222223 0.02109375 0.018055555555555554
17 0.53359375 0.9715277777777778 0.03984375 0.05694444444444444
19 0.46732031250000006 0.9349722222222222 0.04506250000000005 0.09794444444444442
2 0.4374609374999999 0.9665972222222221 0.05414062499999996 0.05458333333333327
17 0.39375 0.9597222222222223 0.06171875 0.08055555555555556
19 0.46907421875000005 0.8119861111111113 0.02472656250000007 0.05677777777777793
14 0.20210937499999998 0.7840069444444444 0.16015625 0.2444027777777778
2 0.2883359375 0.6936180555555556 0.12770312500000003 0.27118055555555554
17 0.41766015625 0.6303680555555555 0.08686718750000004 0.2735694444444445
17 0.57677734375 0.45486805555555554 0.10508593749999999 0.1427916666666666
2 0.213390625 0.44200694444444444 0.20315624999999998 0.4244305555555554
19 0.4518671875 0.4072013888888889 0.05190625000000004 0.06590277777777784
19 0.45446093750000005 0.3410277777777778 0.2046875 0.20299999999999996
19 0.3439453125 0.2695486111111111 0.15728124999999996 0.3224305555555555
3 0.8109257812499999 0.43754861111111104 0.18099218750000007 0.2547916666666667
19 0.49107421874999996 0.2227083333333333 0.13675781249999996 0.15847222222222218
15 0.617890625 0.27138888888888885 0.08687500000000004 0.24166666666666664
19 0.44518359375000005 0.08638888888888889 0.10653906249999996 0.17277777777777778
12 0.668828125 0.016944444444444443 0.10053125000000004 0.033888888888888885
7 0.3263203125 0.08562499999999999 0.14337499999999997 0.17124999999999999
10 0.24815625 0.12843749999999998 0.08851562499999996 0.2535138888888889
11 0.52330859375 0.05280555555555556 0.06877343749999998 0.10561111111111111
19 0.44127734375000005 0.22661805555555553 0.0392578125 0.04048611111111108
18 0.3296875 0.95625 0.06015625 0.0875