19 0.33203125 0.9856041666666666 0.0640625 0.02879166666666669
19 0.46070312500000005 0.9650694444444444 0.047812500000000036 0.06986111111111105
17 0.5130625 0.9515833333333333 0.05748437499999994 0.09683333333333337
0 0.24016406249999997 0.8914930555555556 0.08998437500000003 0.18009722222222233
17 0.34233203124999995 0.7337013888888889 0.08500781249999996 0.16415277777777784
19 0.4224960937500001 0.8837013888888888 0.09453906249999999 0.14851388888888897
17 0.38846875000000003 0.6161597222222223 0.07504687499999996 0.15212499999999995
18 0.43240234375000003 0.5615555555555556 0.03372656250000006 0.06088888888888893
19 0.33140234375 0.33565972222222223 0.048757812499999977 0.11881944444444442
19 0.32214062499999996 0.2858611111111111 0.073140625 0.08144444444444443
19 0.52355078125 0.12612500000000001 0.11897656249999997 0.1541944444444444
14 0.74127734375 0.1392847222222222 0.03916406250000008 0.06559722222222221
7 0.29626953125 0.06736805555555556 0.07372656250000001 0.1347361111111111
18 0.35946875 0.06674305555555556 0.066703125 0.1334861111111111
2 0.50340625 0.059881944444444446 0.11724999999999994 0.11976388888888889
19 0.63682421875 0.041152777777777774 0.09619531250000009 0.08230555555555555
19 0.4045078125 0.9642361111111111 0.06790625000000002 0.07152777777777777
19 0.613953125 0.9522083333333332 0.08279687500000002 0.09558333333333324
19 0.2140625 0.9868055555555556 0.0453125 0.02638888888888889
8 0.7679765625 0.8065625000000001 0.07868749999999994 0.20759722222222227
18 0.5478984375 0.5753194444444445 0.07106250000000003 0.12952777777777777
0 0.75765234375 0.6428125 0.07233593749999993 0.12062500000000004
19 0.40419921875 0.9108541666666667 0.03636718749999997 0.04087500000000009
19 0.5927734375 0.3322430555555556 0.11570312499999993 0.29837500000000006
8 0.5039374999999999 0.26031944444444444 0.09709374999999998 0.1303888888888889
19 0.45866796875000004 0.17865277777777777 0.07719531249999996 0.1271388888888889
18 0.42271093750000005 0.08201388888888889 0.083015625 0.16402777777777777
18 0.11199218749999999 0.13903472222222224 0.10217187500000002 0.2780694444444445