19 0.3609375 0.9958333333333333 0.009375 0.008333333333333333
19 0.45931249999999996 0.9554722222222223 0.03543749999999992 0.0890555555555554
19 0.24109765625000001 0.9471875000000001 0.1130859375 0.10562499999999994
19 0.39685546875 0.9097152777777778 0.08530468750000005 0.12665277777777786
14 0.23664843749999998 0.7914861111111111 0.14170312499999999 0.36452777777777784
19 0.386328125 0.8496874999999999 0.06317187499999996 0.09451388888888883
16 0.4366914062499999 0.7682222222222223 0.15596093750000004 0.24780555555555558
19 0.592671875 0.8103194444444444 0.019906250000000014 0.032972222222222236
19 0.43023046875000004 0.7202361111111111 0.0695390625 0.1617777777777778
17 0.39047265625 0.6157291666666667 0.07688281249999998 0.18087500000000004
19 0.1281640625 0.5656875 0.11459375000000001 0.21195833333333336
19 0.2719921875 0.40147222222222223 0.043671874999999985 0.42444444444444446
19 0.5583984375 0.6238194444444444 0.06492187499999993 0.11930555555555553
19 0.46641015625 0.6192916666666667 0.12980468750000007 0.1366388888888889
2 0.6577734375 0.4881666666666667 0.16624999999999995 0.3497777777777778
19 0.6522851562499999 0.4844583333333333 0.09786718749999998 0.11538888888888894
19 0.5629296874999999 0.5106736111111111 0.08653124999999999 0.18865277777777784
19 0.49066406250000005 0.4330833333333333 0.19523437500000002 0.3345
19 0.2019921875 0.47047222222222224 0.085546875 0.23688888888888884
19 0.2660703125 0.4093541666666667 0.04839062500000004 0.1284027777777778
19 0.40802734375 0.41249305555555554 0.018601562499999957 0.02798611111111108
10 0.38101171875 0.3847152777777778 0.09466406249999997 0.3024027777777778
17 0.2238828125 0.2930069444444444 0.07623437500000001 0.1300416666666666
19 0.32192578125 0.3172986111111111 0.01442968750000002 0.024680555555555532
19 0.28666015625 0.24974305555555557 0.0724609375 0.10329166666666667
14 0.45988671875 0.1471875 0.09242968749999995 0.16618055555555558
19 0.76232421875 0.24495833333333333 0.06811718750000004 0.11011111111111108
9 0.30828125 0.10666666666666666 0.15546875 0.21333333333333332
19 0.502578125 0.2217638888888889 0.015453124999999979 0.022888888888888913
10 0.81300390625 0.07084722222222221 0.06527343750000006 0.14169444444444443
15 0.36794921875000003 0.010208333333333333 0.03560156250000004 0.020416666666666666
19 0.55487109375 0.026833333333333334 0.020773437499999936 0.045111111111111116
19 0.59863671875 0.02732638888888889 0.06082031249999993 0.05465277777777778
18 0.3196796875 0.8179444444444446 0.09320312499999997 0.20224999999999985