19 0.62109765625 0.9348958333333334 0.15796093750000004 0.12587500000000015
19 0.51908984375 0.9620763888888888 0.07408593749999995 0.07584722222222208
19 0.4175546875 0.9026458333333333 0.14587500000000003 0.1947083333333334
19 0.725390625 0.9673611111111111 0.059375 0.06527777777777778
2 0.34819140625 0.9265486111111111 0.1102578125 0.14690277777777774
19 0.425 0.7925625 0.04324999999999992 0.0666527777777778
19 0.49243359374999995 0.8745555555555555 0.06485156249999999 0.17647222222222214
17 0.4607734375 0.8416944444444444 0.07809375000000003 0.12552777777777793
19 0.5286328124999999 0.8056666666666665 0.12546874999999993 0.3706944444444445
18 0.7338710937499999 0.6511527777777778 0.06511718749999992 0.15424999999999991
18 0.561953125 0.5038888888888889 0.07359375000000004 0.1819166666666667
19 0.372421875 0.5269722222222223 0.09218750000000005 0.12305555555555558
19 0.77403125 0.5773194444444445 0.04807812499999997 0.1003611111111111
15 0.6196015625 0.5021111111111111 0.045218750000000085 0.12941666666666676
18 0.46865625 0.47076388888888887 0.13510937500000003 0.32016666666666665
14 0.35785937500000004 0.4020208333333333 0.11820312499999996 0.13834722222222223
14 0.506671875 0.3185138888888889 0.06196874999999995 0.19233333333333336
16 0.5790312500000001 0.2990486111111111 0.11671875000000007 0.16643055555555558
17 0.28419921875 0.2548888888888889 0.05714843749999998 0.1466666666666667
17 0.69392578125 0.23529166666666665 0.07902343750000007 0.15997222222222224
17 0.54280078125 0.10040972222222222 0.08024218750000003 0.15562499999999999
17 0.47546874999999994 0.05627083333333331 0.07295312500000009 0.10634722222222222
19 0.27121484375000005 0.11074305555555555 0.07586718750000002 0.08559722222222221
19 0.2529765625 0.04434722222222222 0.08899999999999997 0.08869444444444444