19 0.69080078125 0.9518333333333332 0.10746093749999996 0.09633333333333319
19 0.3493828125 0.9792013888888889 0.03692187499999999 0.041597222222222285
19 0.47950781249999996 0.9256180555555554 0.13831249999999998 0.14876388888888875
19 0.619921875 0.9527777777777777 0.1703125 0.09444444444444444
19 0.33799609375 0.8904791666666666 0.04975781250000004 0.09156944444444454
18 0.8164492187500001 0.8247986111111112 0.11675781249999995 0.18434722222222225
19 0.67982421875 0.8120416666666668 0.03502343749999994 0.12275000000000015
19 0.60351953125 0.7929236111111111 0.15466406250000003 0.2451805555555555
19 0.5911484375 0.7829305555555556 0.09895312500000006 0.4341388888888888
19 0.47171874999999996 0.9014375000000001 0.09065624999999997 0.18498611111111118
19 0.52941015625 0.7572291666666667 0.13805468750000002 0.29834722222222215
19 0.42072656249999996 0.6766180555555555 0.08550000000000005 0.32756944444444447
19 0.298609375 0.7096111111111111 0.08250000000000002 0.16647222222222224
19 0.2228515625 0.7025486111111111 0.109265625 0.1116805555555555
19 0.36715234375000005 0.696125 0.09889843749999998 0.15749999999999997
19 0.28166406250000003 0.5874305555555556 0.05484375000000004 0.14608333333333343
19 0.3131640625 0.5775694444444444 0.021187500000000005 0.0375555555555555
12 0.20437500000000003 0.5971319444444445 0.14010937500000004 0.23095833333333335
17 0.2711484375 0.4693819444444445 0.05256249999999998 0.09523611111111102
17 0.58947265625 0.42150000000000004 0.04017968750000005 0.07011111111111114
19 0.43442578125000003 0.4178194444444444 0.10714843750000003 0.23491666666666663
4 0.5503125 0.45652777777777787 0.16584374999999998 0.30397222222222225
19 0.55341796875 0.4583958333333333 0.12877343749999995 0.12820833333333326
19 0.5219960937500001 0.37137499999999996 0.06592968750000008 0.10069444444444445
19 0.5498125 0.32836111111111116 0.07623437499999994 0.1025555555555556
19 0.37208593749999996 0.13395833333333335 0.11020312499999996 0.2679166666666667
19 0.20677343750000002 0.18618055555555557 0.12160937499999998 0.08291666666666665
10 0.5091249999999999 0.19443055555555558 0.13909374999999996 0.15808333333333333
12 0.47563281249999995 0.2450277777777778 0.10920312499999998 0.152
19 0.6219335937499999 0.1671736111111111 0.06800781249999996 0.10620833333333334
7 0.71825390625 0.15070138888888887 0.09786718749999998 0.08059722222222221
7 0.5781406250000001 0.043298611111111114 0.05871875000000006 0.08659722222222223
14 0.28710546875 0.09300694444444445 0.07211718749999996 0.18131944444444445
19 0.28555078125 0.035055555555555555 0.04844531249999999 0.07011111111111111
19 0.45348828125 0.06436111111111112 0.10405468750000005 0.12872222222222224
19 0.53126953125 0.0664513888888889 0.08653906249999999 0.12454166666666669
19 0.6415 0.06736805555555556 0.07417187500000004 0.13370833333333332
19 0.70846484375 0.027076388888888896 0.08035156249999993 0.053125
12 0.42309375000000005 0.015166666666666663 0.037093750000000016 0.029305555555555557