19 0.39523046875 0.9775763888888889 0.10892968750000005 0.04484722222222217
19 0.27855078125 0.9149375 0.12613281250000002 0.17012500000000003
19 0.35520312499999995 0.8774722222222222 0.11515625000000003 0.21061111111111094
19 0.5756953125 0.9578194444444444 0.11626562499999996 0.08436111111111112
19 0.4909140625 0.9595277777777778 0.05987500000000008 0.0809444444444444
18 0.5539492187499999 0.9273611111111112 0.07460156250000001 0.13191666666666668
11 0.77734375 0.9395833333333333 0.1359375 0.12083333333333333
11 0.35403124999999996 0.7680625 0.13165624999999997 0.17876388888888894
19 0.4449140625 0.8648680555555556 0.17564062499999994 0.11662500000000003
19 0.44711718749999996 0.780701388888889 0.04006249999999998 0.05423611111111105
19 0.6650937499999999 0.8927847222222222 0.03049999999999997 0.057763888888888774
19 0.41948046875000006 0.6705694444444443 0.09260156249999998 0.14888888888888888
19 0.23596093750000002 0.6821527777777778 0.01931250000000002 0.03952777777777783
19 0.3168046875 0.5623819444444444 0.07756249999999998 0.16834722222222226
19 0.5398124999999999 0.669673611111111 0.06531249999999993 0.11898611111111114
19 0.5178828125000001 0.5682291666666667 0.1110468749999999 0.1715138888888889
2 0.48530859375 0.5603194444444444 0.09921093750000001 0.20563888888888882
19 0.62831640625 0.6230486111111111 0.05363281250000007 0.0920138888888889
14 0.66716015625 0.7598541666666667 0.04682031250000005 0.06218055555555553
19 0.40989453124999997 0.5702638888888889 0.031882812499999955 0.03797222222222227
19 0.283453125 0.5248263888888889 0.065421875 0.08090277777777778
19 0.36032421875000004 0.40670138888888896 0.12810156250000002 0.1554583333333334
18 0.25343359375 0.4307152777777778 0.09792968750000001 0.15504166666666666
7 0.51371875 0.31825 0.13434375000000004 0.2265277777777778
19 0.7669609375 0.4833611111111111 0.06545312499999997 0.08549999999999992
17 0.7243789062499999 0.4253402777777778 0.06669531249999991 0.12937499999999996
19 0.834984375 0.5225694444444444 0.025093749999999915 0.042138888888888934
12 0.7007656250000001 0.3046041666666667 0.12925000000000003 0.21734722222222225
19 0.39426562499999995 0.5 0.02025000000000001 0.03111111111111108
17 0.6149375 0.28472916666666664 0.06740624999999997 0.15354166666666663
0 0.341265625 0.17550000000000002 0.1123125 0.23594444444444443
10 0.41760546875 0.2495416666666667 0.06108593750000004 0.2114722222222222
19 0.3471796875 0.30983333333333335 0.02048437500000002 0.08322222222222224
19 0.49724218750000004 0.16347916666666665 0.06567187499999996 0.13470833333333335
12 0.3407890625 0.03984722222222222 0.10532812499999995 0.07969444444444444
19 0.517734375 0.07043055555555555 0.21626562499999996 0.1408611111111111
18 0.11199218749999999 0.13903472222222224 0.10217187500000002 0.2780694444444445