5 0.48532031249999996 0.9611111111111111 0.08014062499999994 0.07777777777777778
19 0.43405468750000004 0.9318819444444444 0.07906250000000004 0.136236111111111
18 0.37404296875 0.8373194444444445 0.17757031249999997 0.22119444444444444
19 0.49125390625 0.7514583333333332 0.08738281249999993 0.1757777777777777
19 0.51084375 0.6364722222222222 0.07353124999999991 0.10294444444444445
19 0.4651640625 0.5707916666666666 0.12848437500000004 0.1776666666666666
19 0.5616171874999999 0.5513888888888889 0.06709375000000009 0.16166666666666663
19 0.8137460937500001 0.5509166666666667 0.08567968750000006 0.12633333333333338
18 0.38598046875 0.6705833333333333 0.18933593750000002 0.22591666666666663
2 0.28845312500000003 0.7115347222222221 0.11453125000000001 0.15831944444444446
19 0.2859140625 0.8269652777777777 0.025734375000000042 0.053930555555555454
19 0.27194531250000004 0.3482638888888889 0.28565625000000006 0.5948611111111111
18 0.63926953125 0.40662499999999996 0.13782031250000007 0.2611111111111111
19 0.6915546875 0.5463194444444445 0.013578125000000085 0.027916666666666697
19 0.53866015625 0.3478472222222222 0.04411718750000002 0.10588888888888887
19 0.35553515625000004 0.228 0.13783593750000006 0.3103888888888888
19 0.48227343749999996 0.22742361111111112 0.12353124999999991 0.30234722222222227
19 0.5833242187500001 0.26561111111111113 0.07610156250000007 0.17544444444444443
17 0.677609375 0.16947916666666665 0.046187499999999916 0.10743055555555554
7 0.7869140625 0.14229166666666668 0.18335937499999994 0.28458333333333335
19 0.1724453125 0.013875 0.03985937499999999 0.02775
19 0.3980546875 0.053402777777777785 0.13499999999999995 0.10680555555555557
19 0.5465546875 0.08125 0.14293750000000002 0.15275000000000002
19 0.38033203125000004 0.5699513888888889 0.06350781250000001 0.10459722222222215