19 0.4131796875 0.9871805555555555 0.06167187500000004 0.02563888888888894
19 0.30859765625 0.935173611111111 0.07755468749999998 0.12965277777777764
19 0.5144609375 0.9250416666666667 0.11310937499999998 0.14991666666666675
2 0.48203125 0.9128680555555555 0.10553124999999994 0.17426388888888894
19 0.62421875 0.9819444444444444 0.05390625 0.03611111111111111
19 0.4034765625 0.9530277777777779 0.032578125000000034 0.0429722222222223
19 0.2767578125 0.9128680555555555 0.06773437500000004 0.09240277777777774
19 0.35204296875 0.7953958333333333 0.1341953125 0.16329166666666659
18 0.25090234375000003 0.8221874999999998 0.09792968750000001 0.15504166666666683
7 0.51481640625 0.7026527777777778 0.13433593750000003 0.2265277777777778
19 0.76208984375 0.8688333333333332 0.06253906249999996 0.10538888888888905
17 0.7159296875 0.8225347222222222 0.06423437500000002 0.12937500000000013
19 0.8300078124999999 0.9121458333333333 0.025093749999999915 0.04215277777777765
12 0.69471875 0.693486111111111 0.12925000000000003 0.21733333333333327
19 0.38808984375 0.8809861111111112 0.02025781249999996 0.03111111111111124
17 0.607234375 0.6737847222222222 0.06740624999999997 0.1535416666666666
0 0.3382109375 0.5521874999999999 0.11232812499999997 0.2203472222222222
10 0.41379296875 0.6309722222222223 0.06108593750000004 0.21147222222222228
19 0.3441796875 0.6895277777777777 0.017578125 0.08322222222222217
19 0.49331249999999993 0.5467013888888889 0.06567187499999996 0.13470833333333335
12 0.34041015625000004 0.32108333333333333 0.15894531250000005 0.28638888888888886
19 0.52439453125 0.4619097222222222 0.19464843750000008 0.1622916666666667
19 0.50579296875 0.2943541666666667 0.11091406250000002 0.1229583333333333
19 0.6104023437499999 0.21645138888888887 0.11544531249999998 0.20820833333333336
19 0.64756640625 0.136875 0.14455468749999997 0.27375
19 0.7403125 0.1420833333333333 0.07375000000000007 0.26555555555555554
19 0.6852734375 0.33618750000000003 0.022421875000000036 0.039847222222222256
17 0.5402968749999999 0.14164583333333336 0.08074999999999992 0.12379166666666667
17 0.39430859375 0.059118055555555556 0.0696328125 0.11823611111111111
19 0.345390625 0.07549305555555556 0.022812500000000034 0.04265277777777779
19 0.20261328124999997 0.052048611111111115 0.08016406250000001 0.10409722222222223
19 0.83184375 0.050125 0.12190624999999997 0.10025
19 0.49594531249999996 0.058909722222222224 0.11526562499999997 0.11781944444444445
19 0.51673046875 0.3834027777777777 0.017945312500000022 0.0313055555555555
18 0.11199218749999999 0.13903472222222224 0.10217187500000002 0.2780694444444445