18 0.47018750000000004 0.8593333333333334 0.15665625 0.25855555555555565
17 0.39330859374999994 0.9352708333333333 0.06391406249999995 0.11595833333333334
3 0.60391015625 0.6504444444444444 0.33549218750000004 0.6601388888888889
12 0.203578125 0.8232083333333332 0.079328125 0.1754166666666666
18 0.512765625 0.691076388888889 0.05779687500000001 0.08551388888888888
19 0.43770703125 0.7709236111111111 0.03724218750000006 0.049069444444444346
8 0.44604687499999995 0.5500833333333334 0.12710937500000002 0.29458333333333336
18 0.5678124999999999 0.3223263888888889 0.11953125 0.2715972222222222
13 0.23043359375000003 0.41480555555555554 0.21116406249999997 0.3559444444444444
8 0.50931640625 0.40431944444444445 0.05135156250000002 0.21447222222222218
0 0.36889453125000005 0.25381944444444443 0.10783593750000002 0.27486111111111106
17 0.4559414062499999 0.3077708333333334 0.07391406249999992 0.15331944444444445
18 0.288296875 0.3257222222222222 0.07804687499999999 0.27088888888888885
3 0.5943359375 0.19715277777777776 0.12085937500000003 0.3148611111111111
18 0.2311328125 0.21001388888888886 0.07257812499999998 0.15169444444444447
3 0.514 0.24379166666666666 0.056218750000000026 0.13980555555555557
19 0.741125 0.1510277777777778 0.19275000000000003 0.2828888888888889
12 0.33431640625000003 0.12426388888888888 0.05622656250000002 0.10816666666666666
17 0.7733359375 0.09755555555555556 0.05468749999999991 0.11227777777777778
17 0.5391914062500001 0.03988194444444444 0.11322656250000004 0.07976388888888888
12 0.40517578125 0.13179166666666667 0.04852343749999997 0.10405555555555554
19 0.45537109375 0.12763888888888889 0.16374218749999997 0.25527777777777777
12 0.49452734375 0.1303263888888889 0.07888281250000002 0.12665277777777778
18 0.6750859374999999 0.08002777777777778 0.10906249999999992 0.16005555555555556
3 0.71159765625 0.032375 0.06932031250000001 0.06475