19 0.19806640625 0.9822569444444444 0.046757812499999996 0.035486111111111045
17 0.603125 0.9444444444444444 0.08671875 0.1111111111111111
19 0.7952851562500001 0.9557638888888889 0.09786718750000008 0.08847222222222229
19 0.8478789062500001 0.9871458333333334 0.07471093750000009 0.02570833333333332
12 0.2953046875 0.8983472222222222 0.16178125000000004 0.2033055555555557
18 0.26703515624999996 0.8207847222222221 0.10688281249999995 0.14462500000000014
3 0.38553515625 0.9136597222222222 0.08314843750000005 0.10934722222222225
17 0.49834375 0.7962916666666667 0.05645312499999999 0.13327777777777783
19 0.42066406250000005 0.8259097222222221 0.104484375 0.1876805555555557
19 0.58987890625 0.835638888888889 0.07752343750000001 0.129388888888889
18 0.25563671875000005 0.7434652777777779 0.09830468750000003 0.12481944444444437
18 0.33781249999999996 0.7057569444444445 0.08703124999999998 0.15984722222222228
17 0.5310039062499999 0.763611111111111 0.06192968749999998 0.12136111111111118
8 0.5399765625 0.6702916666666667 0.10678125000000005 0.1543055555555555
19 0.4587265625 0.6751527777777777 0.024046874999999978 0.0478055555555555
19 0.48754687499999994 0.7191319444444444 0.019031249999999923 0.030708333333333275
19 0.6235742187500001 0.5988888888888889 0.02022656250000008 0.04222222222222219
19 0.5899921874999999 0.4994166666666666 0.12132812499999997 0.20522222222222222
12 0.37926953124999996 0.5601736111111111 0.10013281249999997 0.16540277777777782
3 0.49859374999999995 0.4247430555555555 0.06609374999999992 0.17498611111111112
19 0.7882031250000001 0.4273055555555556 0.042265625000000015 0.06886111111111116
19 0.3543046875 0.32826388888888886 0.21585937499999996 0.2940277777777778
19 0.5365624999999999 0.13694444444444442 0.140625 0.22000000000000006
14 0.308953125 0.12905555555555556 0.0381875 0.05855555555555555
18 0.37844140625 0.06186111111111112 0.09346093750000004 0.12208333333333334
0 0.291890625 0.0509375 0.06217187500000003 0.101875
19 0.5306132812500001 0.020972222222222222 0.04549218750000002 0.041944444444444444
15 0.725953125 0.05469444444444445 0.07760937499999994 0.1093888888888889
19 0.6668242187500001 0.01532638888888889 0.03900781250000005 0.03065277777777778
18 0.11199218749999999 0.13903472222222224 0.10217187500000002 0.2780694444444445