19 0.99477734375 0.01670138888888889 0.010445312499999915 0.03340277777777778
19 0.5363085937500001 0.9512222222222222 0.08792968749999996 0.09755555555555556
10 0.789078125 0.8709166666666668 0.08687499999999995 0.24161111111111117
3 0.46152734375 0.7524375 0.16850781250000005 0.28512499999999996
19 0.44786328124999997 0.8202986111111111 0.10524218750000003 0.2603472222222223
19 0.25933984375 0.7077222222222223 0.10414843749999995 0.20852777777777776
19 0.32960546875 0.6444236111111111 0.08269531250000002 0.13884722222222226
19 0.3430234375 0.7419513888888889 0.04520312500000001 0.07679166666666662
19 0.40003124999999995 0.5440694444444445 0.05396874999999999 0.1328333333333333
17 0.72266015625 0.5390277777777778 0.08044531250000002 0.1158333333333333
19 0.529125 0.47695138888888894 0.12768750000000004 0.20723611111111115
17 0.48445312500000004 0.3308263888888889 0.088875 0.18226388888888892
11 0.6035976562500001 0.24324305555555553 0.15483593750000005 0.3037083333333333
3 0.52024609375 0.21971527777777777 0.09283593749999994 0.26443055555555556
19 0.6493828125000001 0.33633333333333326 0.09268750000000008 0.16352777777777774
19 0.45730468750000003 0.12069444444444445 0.07960937500000007 0.1647222222222222
12 0.25294531249999996 0.07205555555555555 0.157984375 0.1441111111111111
17 0.39971875 0.035215277777777776 0.06046875000000003 0.07043055555555555
12 0.54746875 0.053402777777777785 0.08679687499999993 0.10680555555555557
19 0.7337578125 0.14869444444444443 0.03487500000000008 0.0493611111111111
18 0.11199218749999999 0.13903472222222224 0.10217187500000002 0.2780694444444445