19 0.3984375 0.9472222222222222 0.0640625 0.10555555555555556
19 0.46697265624999995 0.9586944444444444 0.07058593749999993 0.08261111111111114
10 0.55641015625 0.9340555555555555 0.10427343750000002 0.13188888888888894
19 0.8211484375 0.8890138888888888 0.1287968750000001 0.22197222222222213
10 0.5298242187500001 0.9085347222222222 0.18667968750000002 0.1829305555555556
19 0.25137109375 0.780513888888889 0.09319531249999997 0.16777777777777772
19 0.30341406249999997 0.856201388888889 0.02709374999999996 0.039569444444444456
19 0.5696484375 0.7166111111111112 0.05675000000000008 0.15863888888888894
14 0.7535624999999999 0.6229305555555555 0.20726562500000006 0.4037222222222223
17 0.60108203125 0.7504583333333333 0.06438281250000007 0.14472222222222228
19 0.4283046875 0.8335416666666668 0.14620312499999993 0.21513888888888902
19 0.50289453125 0.7128680555555555 0.06799218749999998 0.12929166666666664
19 0.51798828125 0.837375 0.03203906249999999 0.054944444444444365
19 0.40008984375 0.7246180555555556 0.0505859375 0.1025694444444444
19 0.5396328125000001 0.6200416666666667 0.050484374999999915 0.08975000000000001
19 0.2540859375 0.6025902777777777 0.04440625000000002 0.08334722222222221
19 0.42755078125 0.5439097222222222 0.058039062499999974 0.19023611111111116
10 0.37312109374999997 0.5906805555555555 0.05911718749999997 0.33124999999999993
18 0.5100078124999999 0.47865277777777776 0.14437499999999998 0.2433333333333334
19 0.64890625 0.5694722222222222 0.09764062500000001 0.09102777777777772
19 0.2603203125 0.47972916666666665 0.07540624999999998 0.12523611111111105
19 0.31044921875 0.5071874999999999 0.0483359375 0.10109722222222217
19 0.4521875000000001 0.3781805555555555 0.07046875000000004 0.10850000000000001
19 0.5329843750000001 0.40239583333333334 0.1002812500000001 0.1524861111111111
8 0.63367578125 0.2977222222222222 0.12485156249999996 0.30905555555555553
19 0.8088671875 0.2720833333333333 0.20476562499999992 0.5291666666666667
19 0.39087109374999995 0.3109375 0.12857031249999995 0.25798611111111114
19 0.27082421875 0.3416875 0.11744531250000004 0.19120833333333329
19 0.18157031250000003 0.37224305555555554 0.04821875000000002 0.10548611111111114
19 0.222859375 0.3467430555555555 0.08035937500000001 0.13626388888888888
19 0.45996875 0.2557916666666667 0.04324999999999992 0.10805555555555557
19 0.49446875000000007 0.20301388888888888 0.06923437499999992 0.12658333333333333
19 0.2883828125 0.17379166666666665 0.08778125 0.15769444444444447
17 0.20221484374999998 0.20895138888888887 0.0642890625 0.117375
17 0.5681328125 0.17530555555555555 0.08360937499999999 0.13977777777777775
17 0.2373984375 0.08894444444444445 0.10978124999999998 0.1397777777777778
17 0.3486640625 0.10872222222222222 0.08010937499999997 0.11077777777777777
19 0.41838671875 0.114 0.07121093750000003 0.12658333333333335
19 0.494046875 0.059805555555555556 0.21956249999999997 0.11366666666666667
19 0.49701171874999994 0.12586805555555555 0.06527343749999996 0.0606527777777778
12 0.7202851562499999 0.06886805555555556 0.1231328125000001 0.13773611111111111
19 0.64881640625 0.1435625 0.05150781250000005 0.06409722222222224