12 0.3095078125 0.98725 0.03628125000000004 0.02549999999999986
18 0.554453125 0.9860972222222222 0.08953124999999992 0.02780555555555553
16 0.4246718749999999 0.9121527777777778 0.07840624999999997 0.15930555555555562
19 0.54378515625 0.9152638888888889 0.09477343749999996 0.11338888888888903
16 0.46103125 0.9410138888888888 0.07684374999999992 0.1179722222222223
19 0.25330468749999996 0.9605972222222222 0.05159374999999997 0.07880555555555557
19 0.60909765625 0.8513541666666665 0.05939843749999998 0.10429166666666655
10 0.5605625 0.7878958333333332 0.114453125 0.13518055555555544
19 0.47464453125000006 0.7994722222222223 0.036429687500000085 0.04847222222222235
2 0.33453125 0.8200833333333334 0.08109374999999996 0.1977777777777779
3 0.39600390625 0.7352291666666667 0.0794921875 0.1402638888888889
18 0.6369921875 0.5519444444444445 0.30776562500000004 0.5216944444444446
2 0.74460546875 0.7081736111111111 0.08005468750000003 0.13295833333333335
2 0.28487890625 0.6229375 0.13491406250000004 0.23476388888888886
19 0.43644921875 0.6322847222222222 0.20394531249999998 0.23368055555555556
19 0.5024921874999999 0.4541111111111112 0.09596874999999994 0.1511388888888888
17 0.4538281250000001 0.2862361111111111 0.08626562500000005 0.1423333333333333
19 0.51263671875 0.3168194444444445 0.06752343750000005 0.0861388888888889
17 0.7366796874999999 0.2631597222222222 0.06976562499999997 0.09993055555555554
19 0.64387109375 0.31155555555555553 0.060554687499999996 0.08744444444444442
19 0.5641484375 0.16704166666666667 0.11898437499999996 0.23125
18 0.43755078124999996 0.43129166666666663 0.07097656249999992 0.1372499999999999
16 0.40062500000000006 0.19645833333333332 0.08234375000000002 0.14958333333333332
17 0.7514375 0.16324305555555554 0.09073437500000008 0.11604166666666668
15 0.21181640625 0.10127777777777779 0.10446093750000003 0.17633333333333334
18 0.44636718750000004 0.043770833333333335 0.03335937500000004 0.08754166666666667
2 0.5490703124999999 0.05009722222222223 0.12289062499999996 0.09674999999999999
19 0.7733515625 0.05235416666666667 0.11148437500000004 0.10470833333333333
19 0.26149609375 0.03115972222222222 0.06371093749999997 0.06231944444444444