19 0.573640625 0.9488125 0.14381249999999995 0.10237500000000005
19 0.39843359375 0.9334861111111111 0.06719531249999999 0.13302777777777774
19 0.312890625 0.8590277777777777 0.08828125 0.28194444444444444
17 0.26053515624999996 0.932125 0.040945312499999977 0.10761111111111113
14 0.49272265624999995 0.7692847222222222 0.2040859375 0.3337638888888888
19 0.59538671875 0.8440277777777778 0.012679687500000014 0.030555555555555555
18 0.38221484375000003 0.7068819444444445 0.08447656249999995 0.18640277777777783
19 0.51 0.5340694444444444 0.14453125 0.21238888888888882
19 0.50115234375 0.6078819444444444 0.039148437499999925 0.06598611111111109
10 0.34553124999999996 0.42199305555555555 0.09028124999999995 0.2995416666666666
7 0.65453125 0.30064583333333333 0.054421875000000064 0.16418055555555552
19 0.28157812499999996 0.39347916666666666 0.08228124999999994 0.18926388888888887
19 0.4709609375 0.3383958333333333 0.06614062500000006 0.1407638888888889
19 0.5782734375 0.3385694444444445 0.14210937500000007 0.23444444444444446
19 0.5863203125 0.4134444444444444 0.08682812500000008 0.053388888888888965
19 0.24896875000000002 0.37377777777777776 0.01974999999999998 0.08394444444444447
19 0.31543750000000004 0.2533472222222222 0.05240625000000003 0.15141666666666664
19 0.5194882812499999 0.24160416666666668 0.05322656250000009 0.12056944444444445
19 0.6245703125000001 0.2205416666666667 0.03606250000000007 0.05647222222222218
12 0.4850625 0.17021527777777778 0.05923437499999995 0.13895833333333335
12 0.555578125 0.09301388888888888 0.112296875 0.1410277777777778
19 0.32790234375000005 0.08934722222222222 0.02369531250000003 0.07508333333333334
19 0.39223828125000004 0.035312500000000004 0.11136718749999996 0.06959722222222223
19 0.66272265625 0.06436111111111112 0.11435156249999992 0.12872222222222224
12 0.47213281250000005 0.05795138888888889 0.06284375000000005 0.11590277777777779
19 0.43679687500000003 0.08812500000000001 0.018484375000000063 0.025444444444444436
19 0.42466406250000005 0.5676527777777778 0.10715625000000002 0.2217222222222222