17 0.6984375 0.9555555555555556 0.065625 0.08888888888888889
19 0.3968046875 0.9862291666666666 0.032140625000000034 0.027541666666666565
12 0.28907812499999996 0.9807361111111111 0.07309374999999996 0.03852777777777779
19 0.49737109375 0.9461875 0.08913281249999994 0.10762500000000001
19 0.4544140625 0.9932638888888888 0.042031249999999964 0.013472222222222285
15 0.5854062499999999 0.9163402777777777 0.17568750000000008 0.1673194444444445
19 0.77559765625 0.801423611111111 0.18049218749999998 0.1575694444444445
19 0.18237109375 0.8504652777777778 0.07924218749999998 0.1534305555555556
19 0.3876484375 0.7346736111111112 0.10632812500000002 0.22420833333333343
19 0.63465234375 0.7416874999999999 0.07564843749999994 0.13712500000000002
17 0.49891015625 0.7394999999999999 0.04897656250000004 0.10813888888888883
19 0.3279921875 0.7349583333333333 0.02670312499999996 0.1178333333333333
17 0.21326562500000001 0.7004583333333333 0.05785937499999998 0.1529722222222222
2 0.52126171875 0.7089305555555555 0.15132031250000005 0.27149999999999996
18 0.7150859374999999 0.6325208333333333 0.13053124999999993 0.20323611111111117
19 0.8055859375000001 0.6655555555555555 0.10087499999999991 0.1371388888888888
19 0.5891484375 0.6225486111111111 0.044500000000000026 0.07912500000000004
19 0.35904687500000004 0.5880486111111111 0.08753125000000002 0.2482083333333333
19 0.493671875 0.5960624999999999 0.08304687499999996 0.10287499999999991
10 0.24209765625 0.5463055555555555 0.16911718750000002 0.19016666666666662
19 0.31621875 0.4434513888888889 0.02670312499999996 0.03429166666666674
19 0.502109375 0.4323194444444444 0.16273437499999996 0.29980555555555555
19 0.6818515625000001 0.4282986111111111 0.19406250000000008 0.35279166666666667
4 0.32042578125 0.24494444444444446 0.3186796875000001 0.4021111111111111
17 0.20154296875000002 0.3906666666666667 0.09494531249999998 0.15583333333333335
19 0.5113046875 0.2703055555555556 0.06379687500000006 0.08175000000000002
19 0.515390625 0.13076388888888887 0.19265624999999992 0.25708333333333333
19 0.632703125 0.058888888888888886 0.08259375000000002 0.11777777777777777
19 0.6005390625 0.18411111111111111 0.04821875000000002 0.12308333333333334
10 0.759953125 0.051395833333333335 0.06070312500000004 0.10279166666666667
19 0.19374609375000001 0.09179861111111111 0.043398437499999984 0.08351388888888889