3 0.26516406249999996 0.9561666666666666 0.06079687499999995 0.08766666666666652
3 0.401296875 0.9605555555555556 0.04620312500000003 0.07888888888888883
19 0.48258203125000004 0.9547916666666666 0.06483593750000001 0.09041666666666653
19 0.5442734375 0.92675 0.07003125000000007 0.0985555555555556
19 0.6683046874999999 0.8019097222222222 0.08170312499999995 0.1972361111111111
19 0.70976953125 0.8025069444444445 0.02932031249999998 0.06976388888888892
9 0.48626171874999996 0.7801111111111111 0.1647578124999999 0.314
2 0.2272265625 0.7821736111111111 0.142390625 0.2225972222222222
19 0.5380234374999999 0.5202916666666667 0.11140624999999993 0.22708333333333333
19 0.573828125 0.6725902777777778 0.06889062500000005 0.07212499999999993
3 0.62129296875 0.6686597222222223 0.08510156250000005 0.16390277777777784
17 0.47959765625 0.5700347222222222 0.06892968750000002 0.12265277777777771
19 0.59520703125 0.5165277777777777 0.03546093750000008 0.07205555555555555
19 0.5650664062499999 0.39432638888888893 0.03950781249999995 0.1693194444444444
19 0.20968749999999997 0.46734722222222225 0.024312500000000004 0.03602777777777785
19 0.40994140625000003 0.6199444444444444 0.028367187499999957 0.03461111111111105
8 0.67647265625 0.4022986111111111 0.21316406249999992 0.28418055555555555
7 0.26566406249999996 0.3534305555555556 0.12210937499999996 0.12719444444444442
17 0.45347265624999994 0.3975625 0.07739843749999994 0.2139583333333333
19 0.3566875 0.3743194444444444 0.051796874999999964 0.07819444444444443
19 0.6896484375 0.12575 0.10617187500000007 0.1812777777777778
19 0.30708984375000004 0.15686805555555555 0.11988281250000003 0.2801527777777778
7 0.8211953124999999 0.23641666666666664 0.10832812499999997 0.3018888888888889
18 0.18541796875 0.22291666666666668 0.10182031250000004 0.19250000000000003
17 0.43870703125000005 0.20622916666666669 0.08146093749999998 0.1619861111111111
19 0.354234375 0.2584652777777778 0.014906250000000032 0.02826388888888892
19 0.4494335937500001 0.09172916666666667 0.09872656249999992 0.15109722222222222
14 0.546875 0.12072916666666667 0.10817187500000003 0.15415277777777775
12 0.49922656249999997 0.02563888888888889 0.11074999999999999 0.05127777777777778