18 0.715140625 0.9778680555555554 0.037374999999999936 0.044263888888888735
18 0.5490625 0.8808472222222222 0.07359375000000004 0.1819166666666667
19 0.3653671875000001 0.9078194444444444 0.09218750000000005 0.12305555555555543
19 0.76649609375 0.961125 0.048070312499999976 0.07775000000000003
15 0.61328125 0.8760416666666667 0.045218750000000085 0.12941666666666676
18 0.46403125 0.8438125 0.13510937500000003 0.312375
14 0.35615625 0.7971319444444444 0.11820312499999996 0.1383472222222221
14 0.5008359375 0.6971944444444444 0.06196874999999995 0.19233333333333336
16 0.5734375 0.6963125 0.11671875000000007 0.16643055555555553
17 0.283953125 0.6517291666666667 0.05714062499999999 0.14665277777777774
17 0.69125 0.6282361111111112 0.07903125000000007 0.15997222222222232
17 0.54255859375 0.4981111111111111 0.08024218750000003 0.15561111111111106
17 0.45785937499999996 0.41525 0.09365625000000008 0.17327777777777775
19 0.27218359375 0.4946111111111111 0.07586718750000002 0.08558333333333334
19 0.25200390625 0.4277916666666667 0.08899218749999997 0.09736111111111115
10 0.52030859375 0.3552430555555555 0.07780468749999994 0.1404861111111111
19 0.27884765625 0.3241111111111111 0.0729453125 0.10158333333333336
19 0.32663281250000004 0.3202291666666667 0.044984375000000035 0.14481944444444442
19 0.6170859375 0.3213055555555555 0.05106249999999992 0.09077777777777776
14 0.19664062499999999 0.10767361111111112 0.09578125000000001 0.21381944444444442
19 0.48590234374999997 0.22695833333333332 0.02310156249999995 0.07369444444444445
19 0.52287109375 0.1612638888888889 0.044960937499999964 0.10830555555555559
19 0.66084375 0.26371527777777776 0.09237500000000001 0.18506944444444445
19 0.7421875 0.12456944444444444 0.053749999999999964 0.18169444444444444
17 0.30341015625 0.20044444444444443 0.08024218750000003 0.1363333333333333
17 0.39192187500000003 0.2295625 0.07781250000000002 0.1169027777777778
19 0.72713671875 0.1598611111111111 0.08197656250000004 0.15166666666666664
19 0.71751171875 0.15275694444444443 0.1488203125 0.10115277777777776
19 0.65040234375 0.11644444444444445 0.05252343750000001 0.10116666666666667
19 0.59276953125 0.11904166666666668 0.08316406250000004 0.17897222222222225
19 0.35568750000000005 0.10088888888888889 0.07878125000000002 0.13227777777777774
19 0.2732578125 0.09050694444444443 0.06565624999999997 0.14265277777777774
19 0.299515625 0.0229375 0.15610937499999994 0.044347222222222225
19 0.42232812500000005 0.029236111111111112 0.07784375000000003 0.058472222222222224