15 0.186875 0.9222222222222223 0.09203125000000001 0.15555555555555556
18 0.43445312499999994 0.9751388888888889 0.02546874999999993 0.04972222222222216
2 0.5354687499999999 0.9722291666666667 0.12156249999999993 0.05554166666666668
19 0.74999609375 0.81625 0.1734453125 0.36749999999999994
16 0.47262109375000005 0.8383333333333332 0.1013671875 0.15674999999999986
14 0.49749999999999994 0.8982777777777777 0.10859375 0.10433333333333318
19 0.269 0.8710833333333334 0.040749999999999974 0.10922222222222236
9 0.32136328125 0.8092708333333333 0.06960156250000002 0.26659722222222226
17 0.61174609375 0.8901041666666667 0.08046093750000001 0.11920833333333324
10 0.59330859375 0.7127222222222221 0.09127343749999994 0.2018055555555555
18 0.4405 0.7511736111111111 0.06790625000000006 0.1351527777777777
17 0.42344140625 0.5554097222222222 0.08716406249999994 0.12995833333333323
7 0.6460117187500001 0.8119236111111111 0.05617968750000006 0.12173611111111124
14 0.5093515625 0.4493263888888889 0.10934375000000003 0.20801388888888886
18 0.32083203125000004 0.5096111111111111 0.08164843749999999 0.1092222222222222
18 0.4265703125 0.4248263888888889 0.08231249999999997 0.13993055555555556
19 0.36191015625 0.43266666666666664 0.05163281250000003 0.09116666666666665
18 0.3335390625 0.37909027777777776 0.05645312499999999 0.08051388888888893
3 0.35633593750000003 0.33362499999999995 0.09059375000000003 0.10299999999999995
14 0.60525390625 0.31980555555555557 0.06646093749999996 0.1441666666666667
14 0.671796875 0.16833333333333333 0.13562499999999994 0.33666666666666667
19 0.39439062499999994 0.08294444444444445 0.10195312499999995 0.16138888888888886
2 0.49980859375 0.21172916666666666 0.11616406250000004 0.28820833333333334
19 0.30764453125 0.06294444444444446 0.09303906250000002 0.1223611111111111
18 0.332609375 0.17388194444444444 0.03678125000000003 0.08526388888888888
19 0.3947421875 0.21845138888888888 0.08526562500000004 0.08254166666666668
19 0.25390625 0.9680555555555556 0.06640625 0.06388888888888888
19 0.5846640625 0.05104861111111111 0.05245312500000008 0.06320833333333332
17 0.5779609375 0.1748611111111111 0.045500000000000006 0.08666666666666666
19 0.48875390625000004 0.03826388888888889 0.07764843750000008 0.07652777777777778
18 0.49733593749999994 0.22527777777777777 0.08778124999999992 0.15358333333333332
8 0.68018359375 0.09926388888888889 0.1257578125 0.19255555555555554
17 0.625375 0.12465972222222221 0.06909375000000004 0.1642916666666667