19 0.3078828125 0.9696111111111111 0.07482812499999998 0.060777777777777764
17 0.2433125 0.8373263888888889 0.09146875000000002 0.16256944444444438
18 0.30751953125 0.8240833333333332 0.053085937500000034 0.11405555555555541
10 0.40521093750000003 0.8113333333333335 0.10379687500000005 0.19599999999999984
19 0.49009375000000005 0.6469722222222222 0.17440625 0.3888888888888888
19 0.6974023437500001 0.8223124999999999 0.11714843750000004 0.2518472222222222
19 0.8071093749999999 0.9360416666666665 0.07585937499999992 0.12791666666666654
10 0.59210546875 0.6221527777777779 0.08719531249999993 0.18013888888888896
6 0.22651953125 0.6826666666666666 0.15210156249999998 0.192
17 0.2954921875 0.5801041666666666 0.06776562500000001 0.10826388888888895
19 0.5363749999999999 0.9006458333333333 0.05068750000000009 0.046291666666666564
19 0.3294453125 0.6942222222222223 0.060484374999999965 0.10427777777777776
12 0.565484375 0.3731388888888889 0.09706250000000001 0.16044444444444442
18 0.6168203125 0.39243055555555556 0.09182812499999997 0.16819444444444448
19 0.44525000000000003 0.3066388888888889 0.04487500000000004 0.09255555555555553
6 0.6137109374999999 0.23447916666666666 0.09398437499999997 0.14229166666666665
2 0.57421875 0.9388888888888889 0.309375 0.12222222222222222
2 0.621265625 0.07408333333333333 0.171890625 0.14816666666666667
19 0.6525234375 0.18991666666666668 0.09706250000000001 0.13302777777777777
2 0.468078125 0.09655555555555555 0.16076562499999997 0.1931111111111111
19 0.34523828125 0.10520833333333333 0.13344531249999997 0.18347222222222226
19 0.31615625 0.021729166666666667 0.08426562500000001 0.043458333333333335
19 0.4417890625 0.03579861111111111 0.11021874999999999 0.07159722222222221
19 0.8362695312499999 0.04047222222222222 0.052179687499999974 0.08094444444444444
18 0.11199218749999999 0.13903472222222224 0.10217187500000002 0.2780694444444445