19 0.5683125 0.9812569444444444 0.06834375000000001 0.03748611111111112
8 0.29753515625000004 0.9256736111111111 0.11011718750000003 0.14865277777777774
8 0.76201171875 0.8607916666666666 0.12660156250000004 0.2784166666666667
11 0.51386328125 0.8916527777777777 0.15882031249999998 0.1529444444444443
17 0.43999218749999996 0.8044791666666667 0.07679687499999996 0.13993055555555556
17 0.33076953124999997 0.7990833333333334 0.09396093749999998 0.17186111111111113
19 0.21275390625000004 0.7601527777777777 0.15619531250000002 0.2387222222222223
12 0.5200390625 0.740111111111111 0.09000000000000004 0.17277777777777784
8 0.72653515625 0.6417013888888888 0.22633593749999995 0.37987499999999996
2 0.5656992187500001 0.5573958333333334 0.11117968749999996 0.34695833333333326
19 0.37974609375 0.6512569444444444 0.02117968750000001 0.04470833333333341
19 0.46114453125 0.5887847222222221 0.03441406249999997 0.04729166666666661
19 0.7134101562499999 0.4350416666666667 0.08735156249999995 0.08577777777777776
19 0.63172265625 0.5089097222222223 0.08086718749999999 0.21176388888888892
19 0.49215625 0.46184722222222224 0.030437500000000027 0.0705833333333334
19 0.43568750000000006 0.5371458333333333 0.11514062500000004 0.09412499999999997
19 0.42885156250000006 0.3625069444444444 0.1125 0.3069305555555556
19 0.36907421875 0.4683680555555556 0.041023437499999996 0.07170833333333333
19 0.6523046875 0.3559652777777778 0.10587499999999998 0.14118055555555553
19 0.35494921875 0.3575416666666667 0.04235156250000003 0.16000000000000003
19 0.23444531249999997 0.28577083333333336 0.059687499999999984 0.12470833333333337
8 0.74973828125 0.3108680555555555 0.08086718749999999 0.174125
10 0.5307578125 0.38929861111111114 0.09926562499999995 0.24234722222222224
19 0.550390625 0.28327777777777774 0.09529687500000002 0.18225000000000005
8 0.30959765624999996 0.25081944444444443 0.07941406249999998 0.13694444444444448
10 0.33166015625 0.14258333333333334 0.15574218750000002 0.24594444444444447
18 0.6134765625 0.16270833333333334 0.23851562499999995 0.3254166666666667
19 0.7316640624999999 0.09084027777777778 0.030421875000000043 0.12415277777777776
19 0.43061328125000004 0.10754166666666667 0.13235156250000002 0.2115277777777778
19 0.2545859375 0.10400694444444443 0.05293749999999999 0.20023611111111106
7 0.21289453125 0.08911805555555556 0.06485156249999999 0.17823611111111112