19 0.45160156249999994 0.9640416666666667 0.14320312499999996 0.07191666666666663
19 0.61845703125 0.9686805555555554 0.07144531250000004 0.06263888888888876
10 0.7289296875 0.9110277777777779 0.09848437499999996 0.1779444444444443
19 0.21671484375 0.7952222222222222 0.1330078125 0.25
19 0.45770703125 0.8513611111111111 0.03811718749999997 0.06411111111111123
19 0.32959375 0.795125 0.05571874999999995 0.15772222222222215
19 0.49662109374999996 0.8654444444444445 0.06080468749999994 0.17322222222222225
19 0.63587109375 0.7906944444444444 0.06180468749999992 0.0772222222222221
17 0.3850703125 0.8364930555555555 0.07221875000000004 0.1549305555555555
2 0.58952734375 0.8968124999999999 0.17627343750000007 0.1925416666666668
12 0.40550781249999995 0.6869999999999999 0.14121875 0.2775833333333333
2 0.60301953125 0.6710555555555555 0.2514765624999999 0.3401666666666667
19 0.72679296875 0.661326388888889 0.03203906249999999 0.0457916666666667
19 0.1997578125 0.5198888888888888 0.12618749999999998 0.41197222222222224
18 0.23298437500000002 0.5101319444444444 0.20437500000000003 0.4380694444444444
17 0.49745703125 0.5747083333333334 0.06180468749999992 0.16963888888888887
19 0.8108906250000001 0.5361180555555556 0.18132812499999992 0.3072083333333334
19 0.46144140624999996 0.49128472222222225 0.11950781250000002 0.14834722222222216
19 0.57853515625 0.5054652777777777 0.10405468750000005 0.09523611111111102
19 0.58609765625 0.3467777777777778 0.12708593750000005 0.23186111111111107
12 0.4241796875 0.34093055555555557 0.09054687500000003 0.22249999999999998
10 0.71440234375 0.34339583333333334 0.19010156249999993 0.3484583333333333
7 0.6750859374999999 0.2371666666666667 0.06082812499999992 0.10266666666666668
19 0.2520234375 0.20822222222222225 0.12810937500000003 0.22744444444444442
19 0.4928906250000001 0.1455 0.13156250000000008 0.14594444444444443
19 0.21000390625 0.11883333333333333 0.10508593749999999 0.12527777777777777
19 0.34716796875 0.11553472222222222 0.11757031250000001 0.18901388888888893
17 0.6729218749999999 0.06498611111111112 0.08171874999999992 0.12747222222222224
19 0.6852890625000001 0.13092361111111112 0.04215625000000003 0.08351388888888889
19 0.59386328125 0.027513888888888883 0.09147656249999994 0.052972222222222226
19 0.7674960937499999 0.037409722222222226 0.09532031250000009 0.06834722222222224
19 0.8565078125 0.05227777777777778 0.021140624999999958 0.10455555555555555
2 0.46158203125 0.01645138888888889 0.03338281250000001 0.03290277777777778