2 0.396484375 0.9763888888888889 0.04765625 0.04722222222222222
3 0.5337226562499999 0.8692013888888888 0.32553906250000003 0.2615972222222221
17 0.290671875 0.9507847222222223 0.07306249999999999 0.09843055555555541
12 0.2391796875 0.769861111111111 0.10168749999999997 0.1995833333333334
8 0.31656640625 0.712201388888889 0.10588281249999998 0.22118055555555555
19 0.5090859375 0.6492916666666667 0.22121875000000008 0.2774166666666667
10 0.4987421875 0.6963263888888889 0.07523437499999996 0.19276388888888893
17 0.5636289062500001 0.4796527777777778 0.0767578125 0.1270555555555556
2 0.50076171875 0.5196527777777779 0.1098515625000001 0.1270555555555556
2 0.68373828125 0.5622430555555555 0.08749218750000001 0.10587500000000002
18 0.6188203125 0.29896527777777776 0.09310937500000005 0.3673472222222222
19 0.81589453125 0.4530416666666667 0.08814843749999994 0.2350277777777778
18 0.4388203125 0.8072013888888888 0.13659374999999999 0.17793055555555573
10 0.8350781250000001 0.2285277777777778 0.07781249999999992 0.20294444444444446
19 0.51836328125 0.3412986111111111 0.07014843749999997 0.13881944444444444
16 0.352921875 0.2235486111111111 0.08337500000000002 0.15790277777777778
2 0.51241796875 0.12534722222222222 0.1323359374999999 0.25069444444444444
16 0.26689453125 0.12600694444444444 0.08338281250000001 0.174125
19 0.5203515625 0.11779166666666667 0.10853125000000005 0.18113888888888882
19 0.6408437499999999 0.05947916666666667 0.07842187500000009 0.11195833333333331
15 0.62226171875 0.018104166666666668 0.04191406250000007 0.035486111111111114