3 0.6053124999999999 0.8994236111111111 0.06999999999999992 0.1917083333333333
7 0.7001562499999999 0.9095902777777779 0.13031249999999997 0.1714027777777779
3 0.287890625 0.9666666666666667 0.13359375 0.06666666666666667
18 0.76065625 0.8929027777777779 0.07306249999999999 0.1355833333333332
18 0.29130078125000003 0.8482708333333333 0.16046093749999998 0.21459722222222222
3 0.4248984375 0.9303472222222222 0.14929687499999997 0.1393055555555555
9 0.46859765625000005 0.7843958333333333 0.1286015625000001 0.23945833333333336
19 0.5737734375 0.8238402777777777 0.12406249999999996 0.33418055555555565
19 0.38425000000000004 0.6805208333333334 0.08129687499999996 0.13887500000000003
19 0.59960546875 0.6636041666666667 0.07941406250000008 0.07679166666666662
0 0.49192187499999995 0.6328263888888889 0.08576562499999998 0.11576388888888892
4 0.536875 0.4749652777777778 0.17249999999999996 0.2842361111111111
3 0.60563671875 0.5262152777777778 0.10100781249999997 0.10165277777777786
18 0.3712734375 0.5640555555555555 0.04459375000000003 0.13552777777777783
0 0.22262890624999998 0.44164583333333335 0.08724218749999998 0.1869861111111111
19 0.27728515625 0.4655416666666667 0.03189843750000003 0.10352777777777773
3 0.3305546875 0.3129236111111111 0.10323437499999999 0.20612499999999995
19 0.65937109375 0.4702361111111112 0.044679687500000044 0.08169444444444451
17 0.76303125 0.1638402777777778 0.06829687500000006 0.14965277777777777
17 0.6375625 0.16243055555555558 0.07146875000000001 0.11294444444444446
16 0.478640625 0.0770138888888889 0.10024999999999995 0.1540277777777778
19 0.6305078125 0.052069444444444446 0.12585937499999994 0.10413888888888889
3 0.72721484375 0.030680555555555555 0.06385156250000001 0.06136111111111111
19 0.12076171875 0.2946736111111111 0.1258203125 0.5893472222222222