19 0.6148828125000001 0.9294513888888888 0.17257812500000008 0.1410972222222221
18 0.48240234375 0.950263888888889 0.08938281250000006 0.09947222222222207
12 0.42480078125 0.9042013888888889 0.05825781249999995 0.13484722222222212
12 0.80698046875 0.7109652777777777 0.12916406249999995 0.2255694444444445
19 0.5127773437500001 0.7825 0.04055468750000006 0.07094444444444434
8 0.29608984375 0.8482638888888889 0.24563281250000008 0.3034722222222222
19 0.1957265625 0.7952222222222222 0.227390625 0.4095555555555556
14 0.3680703125 0.6031041666666667 0.013703124999999972 0.02518055555555555
2 0.29375 0.5149236111111111 0.09140625 0.3204305555555556
17 0.70526953125 0.6636527777777778 0.07960156250000008 0.20883333333333334
12 0.47049609375 0.6973680555555556 0.12225781250000001 0.1847361111111111
3 0.35940234374999996 0.42754861111111114 0.11619531249999997 0.2769027777777778
3 0.39903125 0.40315277777777775 0.09793749999999997 0.18513888888888885
19 0.22308984375000002 0.3697638888888889 0.09022656250000001 0.12744444444444444
19 0.45955859375 0.37522916666666667 0.09371093750000004 0.16568055555555555
7 0.81454296875 0.2695138888888889 0.12096093749999995 0.31902777777777774
19 0.35171874999999997 0.23485416666666667 0.03265624999999996 0.07368055555555557
14 0.60294140625 0.29031944444444446 0.10483593750000005 0.18725
18 0.4383906250000001 0.0884236111111111 0.07373437500000009 0.13481944444444444
18 0.11199218749999999 0.13903472222222224 0.10217187500000002 0.2780694444444445