19 0.29568359375 0.9645 0.08675781249999996 0.06316666666666669
2 0.193359375 0.9368055555555556 0.096875 0.12638888888888888
2 0.48952343750000005 0.9489236111111111 0.096484375 0.10215277777777772
19 0.5978125000000001 0.9496111111111112 0.08234375000000008 0.1007777777777777
10 0.3509921875 0.8876458333333334 0.15504687499999997 0.2247083333333333
17 0.705828125 0.7775277777777778 0.08335937500000004 0.16288888888888886
19 0.67891015625 0.8864791666666666 0.033085937499999926 0.051763888888888866
19 0.5258203124999999 0.8860902777777778 0.059562500000000004 0.16234722222222236
19 0.45015625000000004 0.8590277777777777 0.059562500000000004 0.0753055555555556
19 0.40736718750000006 0.7135486111111111 0.214453125 0.3506250000000001
14 0.48528125 0.761625 0.08712499999999998 0.13097222222222216
14 0.49473046875 0.6447361111111112 0.13775781249999994 0.2117222222222223
19 0.3584375000000001 0.5875694444444444 0.10587500000000002 0.23999999999999994
19 0.79851171875 0.5244375 0.09397656249999997 0.16940277777777782
19 0.6682734375 0.4402430555555555 0.07606249999999992 0.16290277777777773
19 0.52631640625 0.48506944444444444 0.0595703125 0.25100000000000006
19 0.43757421875 0.46574999999999994 0.06408593749999998 0.15902777777777777
17 0.5664492187500001 0.8310625 0.08161718750000002 0.14840277777777766
8 0.72990234375 0.267625 0.09925781249999996 0.27641666666666664
9 0.39935546874999994 0.20975694444444443 0.19080468749999996 0.2971527777777778
18 0.64301171875 0.19631944444444446 0.0957109375 0.22680555555555557
19 0.543296875 0.16449305555555555 0.11559375000000002 0.2254583333333334
19 0.81874609375 0.31422222222222224 0.02339843749999986 0.045388888888888895
12 0.8321484374999999 0.09290972222222221 0.14448437500000005 0.17843055555555556
10 0.42015624999999995 0.034999999999999996 0.18396875000000001 0.06999999999999999
18 0.61074609375 0.07147222222222223 0.1363203125 0.14294444444444446
19 0.70074609375 0.020888888888888887 0.05691406249999993 0.041777777777777775
8 0.37558203125 0.469875 0.1335703125 0.18869444444444447
19 0.2104921875 0.8447152777777779 0.023749999999999983 0.024208333333333422
19 0.25594140625 0.3758958333333334 0.023054687499999994 0.03676388888888893
19 0.29406640624999997 0.3418819444444444 0.014554687499999996 0.026819444444444448
19 0.21157031249999997 0.04772222222222222 0.014890624999999958 0.030250000000000003