19 0.6815820312499999 0.9494583333333334 0.09558593749999993 0.10108333333333329
19 0.73958203125 0.9084722222222222 0.020601562499999913 0.03816666666666669
8 0.334765625 0.9559444444444444 0.1073125 0.08811111111111118
19 0.47702734375 0.8876805555555556 0.013820312500000043 0.02858333333333323
12 0.41530859375 0.8997291666666666 0.07821093749999997 0.12820833333333326
19 0.17977734375 0.8554861111111112 0.024882812500000018 0.07627777777777787
19 0.52306640625 0.7887916666666668 0.05064843749999994 0.08988888888888892
19 0.48760546875 0.7582222222222221 0.021179687499999923 0.03261111111111114
19 0.60838671875 0.9678124999999999 0.05160156249999996 0.06437499999999988
10 0.53203125 0.9145833333333333 0.10390625 0.17083333333333334
19 0.57773828125 0.865923611111111 0.07305468749999999 0.19215277777777764
18 0.573453125 0.7177430555555555 0.10415624999999995 0.15015277777777772
19 0.725578125 0.7070486111111111 0.04026562499999997 0.10256944444444448
19 0.5987851562500001 0.5815694444444445 0.14622656250000005 0.2724166666666666
19 0.50596484375 0.6453194444444444 0.09280468749999997 0.1839166666666667
19 0.33760937500000004 0.6370694444444445 0.06412500000000003 0.13433333333333336
19 0.31058203125 0.6404097222222223 0.055726562500000035 0.1466805555555555
19 0.2535703125 0.6820208333333333 0.0711875 0.0585972222222223
15 0.6961015625 0.6420902777777778 0.09103124999999998 0.22070833333333328
19 0.34069921875 0.7988124999999999 0.0696328125 0.18859722222222217
19 0.4169921875 0.6671180555555556 0.15709374999999998 0.28481944444444435
19 0.6898593749999999 0.47634722222222226 0.06532812499999992 0.11752777777777779
19 0.21540234375000003 0.4540208333333334 0.14835156249999998 0.1484027777777778
19 0.305546875 0.5492361111111111 0.027812500000000018 0.06044444444444442
19 0.33130078125 0.4842222222222222 0.06902343750000002 0.14286111111111113
19 0.35498828125 0.35201388888888885 0.10407031250000003 0.2021944444444445
19 0.46624609375 0.4133333333333334 0.18850781249999998 0.31027777777777776
17 0.5296171875 0.4869652777777778 0.06387499999999999 0.10806944444444437
2 0.29062109375 0.15628472222222223 0.1668671875 0.296875
19 0.39620703125 0.1947222222222222 0.1164140625 0.1686111111111111
19 0.45853124999999995 0.23604861111111108 0.030906249999999958 0.042124999999999975
19 0.85516796875 0.23320833333333332 0.022664062500000172 0.051472222222222225
19 0.35654296875 0.05381944444444445 0.028851562499999962 0.056777777777777774
19 0.44920703125 0.0823125 0.09488281250000004 0.164625
19 0.3926015625 0.07670833333333334 0.03296874999999999 0.05127777777777777
19 0.6625156249999999 0.12615972222222221 0.04532812499999998 0.05859722222222222
19 0.6800312500000001 0.057472222222222216 0.08859375000000007 0.11172222222222222
3 0.5780390625 0.019125 0.07210937499999996 0.03825