10 0.6724218750000001 0.8924444444444444 0.07284375000000001 0.21511111111111125
2 0.56580859375 0.933798611111111 0.15132031250000005 0.13240277777777767
4 0.31178906250000005 0.8084166666666666 0.2837187500000001 0.38316666666666677
19 0.43632421875 0.8952152777777779 0.11274218749999995 0.20956944444444428
14 0.4965781250000001 0.7912569444444445 0.1452031250000001 0.3180972222222222
10 0.51723046875 0.8108958333333334 0.10185156249999991 0.14329166666666676
12 0.7401757812499999 0.8934444444444444 0.09494531249999998 0.11866666666666674
19 0.2524375 0.5968541666666667 0.057656249999999964 0.24534722222222227
19 0.37621875 0.6000625 0.057687500000000023 0.057097222222222244
2 0.45191796874999995 0.5001666666666666 0.08325781249999994 0.22891666666666657
19 0.5150117187500001 0.5912152777777778 0.08800781250000007 0.11612500000000002
19 0.31979687500000004 0.4746805555555556 0.09148437500000002 0.16922222222222227
19 0.6032265625 0.5778402777777778 0.01867187500000007 0.03295833333333336
19 0.49932421875 0.4078263888888889 0.07592968750000004 0.10237500000000005
17 0.6031484375 0.42356249999999995 0.04792187499999993 0.10698611111111107
17 0.4464023437500001 0.20368055555555556 0.06378906250000008 0.11736111111111111
19 0.39717578124999997 0.3650069444444445 0.04450781250000002 0.05009722222222225
19 0.381484375 0.1658263888888889 0.049687500000000016 0.11973611111111108
19 0.60371484375 0.18929166666666666 0.04461718749999992 0.14225000000000002
19 0.29246093749999996 0.058319444444444445 0.07932812499999997 0.11663888888888889
19 0.46656640625 0.09740972222222223 0.1164140625 0.15568055555555557
19 0.5747421875000001 0.03176388888888889 0.08139062500000005 0.06352777777777778
19 0.427421875 0.03138194444444444 0.09168749999999996 0.05695833333333332
12 0.74266796875 0.05373611111111111 0.26271093749999996 0.10747222222222222