19 0.24339062499999997 0.9741041666666667 0.07462499999999998 0.05179166666666662
3 0.328703125 0.9281527777777777 0.084078125 0.14369444444444449
10 0.726375 0.8602986111111112 0.182421875 0.19745833333333343
14 0.2871015625 0.8482291666666667 0.044218750000000015 0.17206944444444458
2 0.2310390625 0.9301458333333333 0.07193750000000002 0.08465277777777784
8 0.4908984375 0.6973541666666667 0.255453125 0.470013888888889
19 0.67509375 0.6850694444444444 0.10007812499999993 0.24500000000000005
19 0.23348828125 0.6071944444444445 0.1305703125 0.3062500000000001
8 0.54128125 0.3732430555555556 0.20859375 0.1725972222222222
16 0.27391796875 0.3938263888888889 0.15450781249999998 0.33209722222222227
17 0.19301171875 0.2828819444444445 0.10132031249999998 0.16806944444444447
2 0.37369531250000004 0.40263194444444445 0.07092187500000002 0.2221527777777778
19 0.34866015624999996 0.22586805555555556 0.11653906250000001 0.20979166666666668
19 0.58478125 0.25179166666666664 0.12403125 0.13613888888888886
19 0.46960156249999996 0.22617361111111112 0.10454687499999996 0.18818055555555557
18 0.7867304687499999 0.14201388888888888 0.09622656249999997 0.18013888888888888
17 0.25934375000000004 0.15380555555555556 0.09118750000000002 0.12158333333333336
12 0.40751953125 0.07502083333333333 0.08358593750000001 0.15004166666666666
19 0.34841796875 0.1087638888888889 0.11397656249999999 0.12758333333333335
17 0.48561718749999994 0.17886805555555554 0.04559374999999992 0.09545833333333335