19 0.58326171875 0.9001249999999998 0.09332031250000003 0.16230555555555543
2 0.6068671875 0.9555555555555556 0.11907812500000006 0.08888888888888889
19 0.272390625 0.9311111111111111 0.12537500000000001 0.13777777777777783
12 0.177546875 0.8690902777777778 0.057890625000000015 0.26181944444444444
19 0.41694921874999996 0.908875 0.1554765625 0.18225000000000005
12 0.47401953125 0.8238819444444444 0.09649218749999999 0.17379166666666682
17 0.5275429687500001 0.8570902777777777 0.06825781249999992 0.12584722222222208
3 0.56751953125 0.8248402777777778 0.06432031249999995 0.11287499999999998
17 0.60558203125 0.8080625000000001 0.06649218749999992 0.05862500000000005
12 0.6574609375 0.8694236111111111 0.1104375000000001 0.19887500000000008
19 0.27603515625 0.7573194444444444 0.08121093750000004 0.191861111111111
19 0.5107968749999999 0.6792152777777777 0.18112499999999992 0.19204166666666664
19 0.5900742187500001 0.43484722222222216 0.12086718750000003 0.20361111111111113
3 0.7447812500000001 0.5576527777777778 0.19700000000000006 0.3694722222222222
19 0.8492734375000002 0.6166180555555555 0.112890625 0.20576388888888886
18 0.2852578125 0.5322361111111111 0.08546874999999998 0.19808333333333333
10 0.25593359375 0.46074305555555556 0.09392968750000001 0.28937500000000005
19 0.4145390625 0.4421388888888889 0.07057812499999998 0.20641666666666666
19 0.47572265625 0.4638611111111111 0.0642578125 0.1216666666666667
18 0.52523828125 0.405625 0.15908593750000008 0.17458333333333337
7 0.6063515625000001 0.3374861111111111 0.08740625000000009 0.11244444444444442
10 0.34514453125 0.23505555555555557 0.07908593750000001 0.1479444444444444
7 0.4736601562500001 0.2880486111111111 0.08544531249999991 0.12434722222222218
19 0.58112109375 0.23971527777777776 0.11916406249999997 0.15359722222222222
19 0.6506328124999999 0.40172222222222226 0.047296874999999974 0.1441944444444444
19 0.22068359375000002 0.28907638888888887 0.04566406250000001 0.07843055555555559
19 0.2766015625 0.056763888888888885 0.058984375 0.07675000000000001
16 0.4309765625 0.13863888888888887 0.15367187500000004 0.11977777777777779
16 0.79599609375 0.08428472222222222 0.22425781250000004 0.16856944444444444
18 0.5684140625 0.04495833333333333 0.09585937500000004 0.08991666666666666
8 0.42989453125 0.059937500000000005 0.19382031249999998 0.11987500000000001
19 0.6716367187500001 0.04993055555555556 0.029054687500000044 0.04625