19 0.37003906249999996 0.9133541666666667 0.08273437500000003 0.17329166666666665
17 0.31425000000000003 0.9504375 0.03989062499999996 0.09912499999999985
16 0.82346875 0.9388541666666667 0.09353124999999993 0.1222916666666666
17 0.33864453125000005 0.8008958333333334 0.06569531250000002 0.13351388888888904
17 0.7466406250000001 0.7427222222222222 0.10390625 0.2012777777777778
12 0.48384374999999996 0.799513888888889 0.17431249999999995 0.4001388888888888
2 0.64799609375 0.8270694444444444 0.12632031250000003 0.23844444444444454
19 0.68037109375 0.8870694444444444 0.08491406250000004 0.15316666666666662
19 0.75558203125 0.9142291666666666 0.06258593749999992 0.11281944444444447
16 0.8145976562499999 0.8087152777777777 0.10385156249999997 0.17820833333333325
19 0.22088281250000003 0.5840069444444445 0.078328125 0.14756944444444445
9 0.4923515625 0.6634722222222222 0.1813593749999999 0.2613611111111112
10 0.37492578125 0.7107569444444445 0.0787109375 0.27593055555555557
1 0.49865624999999997 0.3751805555555556 0.039640625000000006 0.08808333333333332
19 0.35003906249999994 0.3693680555555555 0.14085937499999995 0.3123472222222222
8 0.59168359375 0.3811388888888889 0.1241328124999999 0.21661111111111117
2 0.31973828125000003 0.23138888888888892 0.09400781250000004 0.24916666666666665
18 0.461375 0.17729861111111112 0.16307812500000002 0.27793055555555557
17 0.535015625 0.16702083333333334 0.08699999999999992 0.1587638888888889
19 0.6320781249999999 0.12799305555555557 0.36431250000000004 0.25598611111111114
18 0.44576953125 0.15023611111111113 0.11424218750000001 0.2703611111111111
17 0.7256601562499999 0.01591666666666667 0.05083593749999995 0.03183333333333334
19 0.27230859374999994 0.13658333333333333 0.05083593749999995 0.1013333333333333