17 0.77009375 0.8740833333333333 0.07279687499999996 0.16077777777777777
13 0.7481796875000001 0.8125972222222223 0.045218750000000085 0.0870277777777779
19 0.5949023437500001 0.9334583333333334 0.05347656250000003 0.05558333333333331
19 0.525578125 0.8013819444444444 0.21509374999999994 0.25570833333333326
19 0.39112109375000004 0.8913263888888889 0.11471093750000003 0.21734722222222225
19 0.22414453124999997 0.7797430555555555 0.041929687499999965 0.13523611111111095
8 0.327484375 0.7364166666666667 0.10214062500000001 0.19761111111111107
12 0.30288671875000006 0.8110902777777778 0.06949218750000004 0.11643055555555545
0 0.46334765624999996 0.6770277777777778 0.04753906249999993 0.04705555555555555
19 0.60033203125 0.6787222222222222 0.02547656249999992 0.03333333333333333
19 0.31251953125 0.7898958333333334 0.09044531249999999 0.15490277777777775
19 0.527796875 0.5845555555555555 0.299078125 0.1335555555555555
19 0.47115624999999994 0.5843402777777779 0.04499999999999993 0.06523611111111115
19 0.43164453125 0.5698194444444445 0.042882812500000075 0.06800000000000005
19 0.378671875 0.5615069444444444 0.10496875000000001 0.13895833333333327
17 0.2054609375 0.5194166666666666 0.06353124999999997 0.12941666666666676
19 0.61759765625 0.5343194444444445 0.06366406250000001 0.11294444444444436
19 0.6993203125 0.48680555555555555 0.11117187499999996 0.2
19 0.32461328125 0.4555625 0.043679687499999974 0.07529166666666672
8 0.44689453125 0.3609722222222222 0.2369140625 0.2934722222222222
17 0.58814453125 0.44288194444444445 0.09264843749999993 0.17673611111111112
10 0.711171875 0.3016111111111111 0.07423437499999999 0.28933333333333333
16 0.49140625 0.9625 0.08828125 0.075
19 0.2083984375 0.2997361111111111 0.05293749999999999 0.11058333333333334
19 0.69669140625 0.12974305555555554 0.061585937499999945 0.12418055555555557
19 0.6571640625 0.10847916666666665 0.026671875000000077 0.06859722222222221
19 0.55330859375 0.12075 0.05607031249999998 0.08005555555555555
19 0.49356640625 0.09052083333333333 0.061585937499999945 0.14051388888888888
19 0.52802734375 0.051798611111111115 0.06800781249999996 0.10359722222222223
2 0.35616015624999997 0.06193055555555556 0.07536718750000002 0.11927777777777777
18 0.3184765625 0.04771527777777777 0.09926562499999995 0.09543055555555555
17 0.234375 0.03170138888888889 0.041359375000000045 0.06209722222222222
19 0.8162890625000001 0.26413194444444443 0.041031249999999984 0.057013888888888906