18 0.67305859375 0.8431805555555556 0.04310156250000006 0.1412222222222223
18 0.45923828124999994 0.8707569444444444 0.04344531249999992 0.10504166666666682
8 0.22896484374999998 0.8067916666666668 0.17341406250000002 0.1814166666666665
2 0.6342226562500001 0.9121527777777778 0.1270390625000001 0.17569444444444443
18 0.5549375000000001 0.7688819444444445 0.11209375000000002 0.18012500000000006
12 0.7123984375 0.6210277777777777 0.12004687500000007 0.21599999999999997
19 0.41803515625000004 0.6714930555555556 0.15057031250000003 0.22023611111111102
12 0.469828125 0.5879861111111111 0.06995312499999998 0.12605555555555553
11 0.5658789062499999 0.4422847222222222 0.10769531249999993 0.11770833333333333
10 0.24733203125000003 0.36283333333333334 0.06363281250000004 0.2826388888888889
9 0.33316406249999997 0.43388194444444445 0.23174999999999998 0.2520138888888889
18 0.46495312499999997 0.34945833333333337 0.09656249999999993 0.13111111111111107
18 0.4595703125 0.15902777777777777 0.313359375 0.31805555555555554
18 0.31546484375 0.326125 0.0741171875 0.1150555555555556
10 0.524765625 0.28635416666666663 0.054062500000000034 0.07798611111111108
17 0.55878515625 0.05188888888888889 0.05717968750000004 0.08500000000000002
3 0.64534375 0.035895833333333335 0.05876562500000002 0.07179166666666667
2 0.23717968749999999 0.9117222222222223 0.11648437500000001 0.1765555555555554
19 0.12076171875 0.2946736111111111 0.1258203125 0.5893472222222222