19 0.73323046875 0.9364861111111111 0.11447656249999998 0.12702777777777782
17 0.45248046875 0.9692569444444444 0.07664843749999992 0.06148611111111109
17 0.5555 0.7712430555555555 0.08757812499999992 0.12009722222222226
19 0.38908203124999996 0.7836458333333332 0.0388671875 0.057763888888888774
12 0.33219140625 0.7012291666666667 0.1055703125 0.21123611111111107
19 0.17384375 0.6186597222222221 0.05451562499999998 0.2007916666666666
19 0.5363125 0.6409097222222223 0.07182812500000005 0.1518472222222222
19 0.42479296875 0.5748055555555556 0.039664062499999986 0.048638888888888863
17 0.7470351562499999 0.5811527777777777 0.06922656249999992 0.1694722222222222
15 0.26062890625 0.5885555555555555 0.1484765625 0.31205555555555564
19 0.4628203125 0.5306805555555556 0.09518749999999994 0.09455555555555561
19 0.44625390624999994 0.4313680555555555 0.10508593749999999 0.10768055555555552
19 0.4698828125 0.3557638888888889 0.13101562500000002 0.14813888888888885
19 0.5560039062500001 0.4786458333333333 0.013601562500000063 0.030763888888888858
12 0.7084765625 0.3615555555555555 0.135546875 0.19972222222222227
19 0.8234101562499999 0.3362777777777778 0.06533593750000008 0.11447222222222221
19 0.46838281249999997 0.2899305555555556 0.11274999999999995 0.14763888888888888
14 0.48917968750000007 0.14097222222222222 0.16320312500000006 0.28194444444444444
19 0.5744648437500001 0.19347916666666667 0.06674218750000005 0.12943055555555555
19 0.6456601562500001 0.22404166666666667 0.1468671875 0.2055833333333333
19 0.4226875 0.18019444444444446 0.05637500000000002 0.08175000000000002
19 0.5843203124999999 0.023506944444444445 0.038718749999999955 0.04701388888888889
19 0.56881640625 0.09975694444444445 0.02817968749999995 0.0844027777777778
17 0.2549765625 0.1287638888888889 0.065421875 0.10022222222222224
17 0.6629453125 0.06306250000000001 0.06245312500000004 0.12612500000000001
17 0.7934921875000001 0.07997222222222222 0.11882812500000002 0.1345
12 0.27278125 0.04460416666666667 0.13070312499999998 0.08920833333333333