7 0.392578125 0.94375 0.075 0.1125
17 0.53567578125 0.9445347222222223 0.07708593750000006 0.11093055555555541
11 0.60765625 0.822638888888889 0.10890625000000007 0.27486111111111117
12 0.7720546875000001 0.7412222222222221 0.08195312500000007 0.2007777777777777
18 0.45962499999999995 0.8374791666666667 0.08835937499999993 0.10718055555555565
19 0.35282812499999994 0.7920138888888889 0.019187499999999958 0.03624999999999987
12 0.5401015625 0.6468611111111111 0.1241093750000001 0.30427777777777776
19 0.32694531250000003 0.7067638888888889 0.023734374999999995 0.05047222222222219
19 0.42133203125000007 0.6071041666666667 0.1265703125 0.17809722222222224
19 0.4563125 0.672701388888889 0.073234375 0.11387500000000002
19 0.69307421875 0.4655972222222223 0.15632031249999995 0.2965833333333333
2 0.7474453125 0.4686527777777778 0.1469843749999999 0.6064722222222222
19 0.5303125000000001 0.3168263888888889 0.16515625000000006 0.21726388888888895
19 0.40052343749999997 0.4373402777777778 0.020468750000000036 0.04151388888888887
10 0.23649218749999998 0.2887152777777778 0.14748437499999997 0.2778472222222222
19 0.706671875 0.36192361111111115 0.05412499999999998 0.0910694444444444
19 0.3254921875 0.44019444444444444 0.024265624999999957 0.06211111111111115
19 0.32765234374999996 0.14240277777777777 0.18875781250000007 0.28480555555555553
19 0.2196015625 0.17375694444444445 0.06420312500000003 0.14881944444444445
19 0.5397109375 0.11123611111111112 0.23259375000000002 0.22247222222222224
19 0.6933242187499999 0.22819444444444445 0.06024218749999992 0.06866666666666667
19 0.81188671875 0.08339583333333334 0.06267968750000001 0.10090277777777779
17 0.79933984375 0.02322916666666667 0.07138281249999992 0.04645833333333334
19 0.99477734375 0.01670138888888889 0.010445312499999915 0.03340277777777778
18 0.11199218749999999 0.13903472222222224 0.10217187500000002 0.2780694444444445