2 0.37350390625 0.9183472222222221 0.19121093750000004 0.16330555555555545
19 0.6501874999999999 0.9798333333333333 0.032906249999999915 0.040333333333333284
3 0.53031640625 0.9358055555555556 0.12952343749999998 0.12838888888888897
19 0.6273085937499999 0.9085763888888888 0.05882031249999997 0.10623611111111113
19 0.5640937500000001 0.8723819444444445 0.09271875000000004 0.14006944444444433
19 0.4831171875 0.763298611111111 0.07829687500000002 0.20498611111111106
19 0.39062109375 0.8137777777777779 0.0710859375 0.10375000000000006
19 0.40670312500000005 0.7634652777777777 0.09076562500000004 0.14406944444444447
19 0.2954609375 0.6708472222222223 0.12921875 0.27558333333333335
17 0.2260390625 0.7919375000000001 0.061921874999999994 0.12834722222222233
17 0.41190625000000003 0.6396458333333332 0.08295312500000004 0.12087499999999997
17 0.222546875 0.5661458333333333 0.06578125000000001 0.15593055555555552
3 0.5817851562499999 0.6268472222222222 0.3149140624999999 0.4578333333333333
19 0.28874609375000004 0.5232430555555556 0.06824218750000002 0.15295833333333334
12 0.374171875 0.5404583333333334 0.09050000000000002 0.15825000000000009
18 0.19167968750000003 0.33792361111111113 0.09414062500000002 0.2769861111111111
19 0.35237109375000003 0.41628472222222224 0.02817968750000004 0.05273611111111115
0 0.303125 0.3623263888888889 0.09000000000000004 0.17565277777777782
19 0.568828125 0.40000694444444446 0.07210937499999996 0.18131944444444442
19 0.7179570312499999 0.29028472222222224 0.07705468750000008 0.06165277777777776
19 0.54054296875 0.24128472222222222 0.08172656249999992 0.12923611111111113
2 0.24953124999999998 0.13664583333333336 0.20062499999999997 0.2630972222222222
19 0.366390625 0.31290277777777775 0.030906249999999958 0.06813888888888889
19 0.25549609375 0.06794444444444445 0.10236718749999998 0.1358888888888889
0 0.35192578125 0.09369444444444446 0.06675781250000004 0.08966666666666667
19 0.5410781250000001 0.12533333333333335 0.10681250000000002 0.19516666666666665
19 0.6330507812499999 0.04886111111111111 0.0623046875 0.09494444444444444
19 0.46170703125 0.08640277777777777 0.18544531250000004 0.17280555555555555
17 0.72651171875 0.04025 0.09494531249999998 0.0805