19 0.99477734375 0.01670138888888889 0.010445312499999915 0.03340277777777778
19 0.49471875 0.8619166666666666 0.24539062499999997 0.27616666666666656
18 0.2521875 0.9185347222222222 0.13171875000000002 0.16293055555555547
17 0.788671875 0.9625 0.078125 0.075
17 0.692953125 0.8738750000000001 0.07996874999999992 0.14997222222222226
19 0.3636796875 0.7867847222222223 0.11781249999999996 0.19918055555555558
19 0.39141015625 0.9326875000000001 0.0390078125 0.11023611111111097
19 0.59867578125 0.796611111111111 0.03421093749999997 0.05877777777777769
19 0.5069921875 0.7041111111111111 0.049249999999999974 0.06936111111111119
19 0.43283984375000006 0.786201388888889 0.05892968750000005 0.0884583333333334
19 0.78154296875 0.6069861111111111 0.10755468750000005 0.16233333333333333
19 0.5568359375 0.5427500000000001 0.13553125000000002 0.21558333333333338
19 0.40757812499999996 0.6581944444444444 0.08171874999999998 0.2983333333333333
12 0.6003671875000001 0.5106944444444445 0.09924999999999998 0.20283333333333328
19 0.6930546875 0.40186111111111117 0.10492187499999997 0.29747222222222225
19 0.765671875 0.4716111111111111 0.07314062499999992 0.14080555555555554
19 0.60763671875 0.3962361111111111 0.1375078125 0.1282777777777778
19 0.360703125 0.45425 0.04768749999999997 0.08727777777777782
19 0.39175 0.46100694444444446 0.023703125000000026 0.05468055555555556
19 0.3526796875 0.30688194444444444 0.088 0.17684722222222224
17 0.503859375 0.34005555555555556 0.08375000000000003 0.14402777777777775
19 0.83875390625 0.38040277777777776 0.03777343749999993 0.07222222222222222
19 0.596484375 0.18236111111111114 0.16765624999999992 0.3647222222222223
19 0.75877734375 0.21710416666666665 0.13244531249999997 0.28190277777777784
11 0.42122656249999996 0.22956250000000003 0.07942187500000002 0.18448611111111116
18 0.337984375 0.21775694444444443 0.04060937500000002 0.056624999999999974
19 0.213109375 0.4045972222222222 0.01378124999999999 0.024027777777777714
19 0.24445703124999998 0.15941666666666668 0.16046093749999998 0.2688333333333333
19 0.274484375 0.23075694444444445 0.020375000000000032 0.04765277777777778
0 0.3759765625 0.2537638888888889 0.06460937500000004 0.13802777777777778
18 0.39492578125 0.07704166666666666 0.07442968749999998 0.15408333333333332
17 0.18697265625 0.017743055555555557 0.043882812500000014 0.035486111111111114
19 0.8487656250000001 0.1494861111111111 0.05021875000000016 0.08841666666666664
18 0.65888671875 0.0593125 0.10239843749999995 0.118625
19 0.68838671875 0.12729166666666666 0.04047656249999996 0.05027777777777776
19 0.5150039062499999 0.03861111111111111 0.023289062499999957 0.07722222222222222
19 0.50520703125 0.09990972222222222 0.020773437499999936 0.023347222222222224
18 0.11199218749999999 0.13903472222222224 0.10217187500000002 0.2780694444444445