0 0.43567578124999995 0.9430625 0.05997656249999998 0.11387500000000002
10 0.5996484375 0.9634722222222222 0.08289062499999993 0.07305555555555543
19 0.37625390625 0.7394027777777777 0.13678906249999997 0.2488611111111112
17 0.29838671875 0.7669583333333334 0.060664062499999984 0.11308333333333336
17 0.4959609374999999 0.7590486111111111 0.1080937500000001 0.1396527777777777
19 0.4425703125 0.6612638888888889 0.06065625000000008 0.10391666666666657
19 0.5095390625 0.6503958333333333 0.07168749999999999 0.08234722222222217
10 0.5991171875 0.6456666666666666 0.08879687500000007 0.20983333333333332
7 0.84887109375 0.5225 0.14819531250000004 0.3507222222222222
10 0.33903906250000004 0.47884027777777777 0.07281250000000003 0.27451388888888884
17 0.1957578125 0.5893402777777778 0.06924999999999999 0.14151388888888888
19 0.56700390625 0.4741805555555555 0.09516406249999995 0.17283333333333342
19 0.246046875 0.4740069444444444 0.12560937499999997 0.14587499999999995
10 0.46635156250000004 0.48929861111111106 0.10853125000000005 0.17176388888888883
8 0.39541015625 0.3800833333333334 0.05558593750000003 0.21522222222222226
19 0.45391015625 0.36497916666666663 0.05691406249999993 0.18690277777777772
7 0.7578671874999999 0.3821666666666666 0.18249999999999994 0.3163333333333333
19 0.6430390625 0.2950069444444445 0.12043750000000006 0.2116527777777778
19 0.24260546875000003 0.3714166666666667 0.08483593750000003 0.11999999999999997
19 0.2125625 0.2767638888888889 0.09675000000000003 0.1521388888888889
19 0.5082890625 0.14041666666666666 0.191421875 0.2808333333333333
19 0.17876953125 0.16879166666666667 0.022054687500000014 0.052944444444444454
19 0.27803125 0.09820138888888888 0.075 0.11176388888888888
19 0.3442109375 0.1432986111111111 0.05293749999999999 0.10784722222222223
19 0.44451953125 0.16584722222222223 0.030992187500000056 0.08627777777777779
19 0.5901679687500001 0.11331944444444444 0.057351562500000064 0.2266388888888889
19 0.74512890625 0.09370833333333334 0.2569921875 0.18741666666666668
19 0.8007695312499999 0.1766388888888889 0.06849218750000005 0.11961111111111111
19 0.41369531249999997 0.04624305555555556 0.0375 0.08234722222222221
14 0.20573437500000002 0.08339583333333334 0.07621874999999997 0.16490277777777776
18 0.30058984375 0.03634027777777778 0.14017968750000004 0.06293055555555556