17 0.62308984375 0.9644375 0.04085156249999997 0.07112500000000005
0 0.4484375 0.9652777777777778 0.08359375 0.06944444444444445
7 0.365328125 0.9634930555555554 0.10637500000000003 0.0730138888888888
19 0.21216015625 0.9784375000000001 0.04561718749999999 0.043124999999999934
19 0.27612109374999994 0.9481944444444443 0.07271093749999995 0.10361111111111099
19 0.50534375 0.9434374999999999 0.04998437500000001 0.11312500000000006
10 0.57026171875 0.8758055555555556 0.1750078125 0.19677777777777786
16 0.42696875 0.8967499999999999 0.0765625 0.08541666666666667
19 0.78769921875 0.9051250000000001 0.08407031249999992 0.18974999999999984
17 0.71600390625 0.9452430555555557 0.06307031250000002 0.08576388888888889
19 0.5068359375 0.8343541666666667 0.07914062499999996 0.1299305555555555
19 0.34243359375 0.8880902777777777 0.06497656249999997 0.10109722222222217
17 0.3262578125 0.8298055555555556 0.10092187500000005 0.13266666666666665
17 0.67430078125 0.8825625 0.055679687499999984 0.05093055555555566
19 0.65134375 0.7715347222222222 0.225 0.2530416666666667
17 0.39655859375 0.6878888888888889 0.0869140625 0.12738888888888886
19 0.49213671875 0.7474236111111111 0.09674218749999994 0.09318055555555552
17 0.49776171874999997 0.6079583333333334 0.06097656249999996 0.12913888888888891
3 0.412984375 0.5560694444444445 0.08734374999999997 0.09547222222222224
19 0.56135546875 0.6163472222222222 0.09138281250000002 0.06305555555555552
19 0.7458125000000001 0.5106388888888889 0.13468750000000007 0.23008333333333328
19 0.25662109375000003 0.4511111111111111 0.09527343750000003 0.16361111111111104
3 0.32907421875000004 0.3709444444444444 0.08407031250000001 0.1583055555555556
10 0.7386328125 0.2842777777777778 0.182421875 0.1974444444444444
14 0.2913046875 0.25991666666666663 0.043546875000000006 0.1595833333333333
2 0.24367187500000004 0.3388125 0.07193750000000003 0.0846527777777778
8 0.5009765625 0.17701388888888892 0.264453125 0.3504166666666667
19 0.6858984375 0.11493055555555555 0.10132812500000003 0.2298611111111111
19 0.24932812499999998 0.08429166666666667 0.11234374999999999 0.16858333333333334