19 0.26640625 0.8777777777777778 0.14375 0.24444444444444444
19 0.765234375 0.9625 0.09453125 0.075
18 0.7192109375 0.9513194444444444 0.05923437499999995 0.09736111111111098
2 0.53464453125 0.8756319444444445 0.12188281249999999 0.157513888888889
16 0.35975390625000003 0.7614722222222222 0.10847656249999997 0.19986111111111116
12 0.537890625 0.7015277777777779 0.12395312500000007 0.19666666666666663
14 0.2979375 0.6614652777777777 0.06110937500000002 0.1898472222222223
18 0.6063632812499999 0.5476805555555555 0.058992187499999994 0.14147222222222225
3 0.38782031250000004 0.8280416666666666 0.07078125000000002 0.1258333333333332
18 0.34621093750000004 0.8856111111111111 0.03423437500000004 0.0577499999999999
18 0.29765625 0.3214583333333333 0.15562500000000004 0.31513888888888886
8 0.4029375 0.2936319444444444 0.16789062500000002 0.4187916666666666
2 0.81666796875 0.3643194444444445 0.12369531249999995 0.3619166666666667
3 0.51105859375 0.2584375 0.052773437499999964 0.14984722222222221
16 0.5716289062500001 0.23599305555555555 0.08100781250000004 0.10495833333333332
5 0.6326953125 0.12701388888888893 0.11460937500000004 0.1865277777777778
14 0.8249062500000001 0.13379166666666667 0.057062499999999974 0.12875000000000003
2 0.18056640625 0.04577777777777778 0.0790078125 0.09155555555555556
7 0.44562109375 0.1826875 0.09436718749999998 0.11834722222222219
19 0.44232812499999996 0.2464097222222222 0.08046875 0.13654166666666667
15 0.42074609375000005 0.06890972222222222 0.10461718750000001 0.13781944444444444