3 0.4999765625 0.9547013888888889 0.10520312500000006 0.09059722222222225
19 0.4332851562499999 0.9832638888888888 0.030929687499999935 0.0334722222222221
18 0.29663671875 0.9307569444444445 0.04469531250000003 0.13848611111111117
19 0.74415625 0.7890138888888889 0.16578124999999994 0.42197222222222214
19 0.60448046875 0.9492083333333334 0.0494140625 0.06972222222222228
19 0.29758203125000005 0.7868402777777778 0.08717968750000002 0.13518055555555544
8 0.41342578125000007 0.7379652777777779 0.13978906250000006 0.22429166666666667
19 0.5265312499999999 0.7607708333333333 0.028218749999999914 0.039819444444444546
8 0.57055078125 0.6328263888888889 0.12496093750000004 0.21509722222222216
0 0.39253906250000004 0.6997152777777778 0.05081250000000002 0.14726388888888886
9 0.20280859375 0.5427361111111111 0.1260546875 0.26791666666666664
19 0.42288671875000006 0.6438194444444444 0.17802343749999996 0.23705555555555563
19 0.4520625 0.4734583333333333 0.243546875 0.3096388888888889
19 0.622671875 0.3504166666666667 0.09031249999999993 0.1645555555555556
17 0.19800390625 0.3449305555555556 0.0692421875 0.1975555555555556
19 0.33399999999999996 0.35246527777777775 0.022250000000000013 0.046152777777777765
19 0.2826953125 0.2910625 0.055625000000000036 0.2085138888888889
19 0.45391796875 0.22278472222222223 0.02225781250000001 0.046152777777777806
19 0.6554296875 0.7172916666666668 0.02720312499999995 0.03736111111111116
19 0.1899765625 0.13158333333333333 0.08529687499999998 0.1758333333333333
12 0.36491015625 0.11059027777777777 0.11867968749999998 0.21340277777777775
19 0.42053906249999995 0.2391597222222222 0.042031249999999964 0.1189027777777778