19 0.334765625 0.9291666666666667 0.10703125 0.14166666666666666
10 0.65 0.9541666666666667 0.159375 0.09166666666666666
19 0.43857421875 0.9260347222222223 0.05928906250000008 0.13104166666666653
17 0.5779726562499999 0.8778194444444444 0.049226562499999994 0.0900833333333332
17 0.5129140624999999 0.8912847222222221 0.09456249999999997 0.20262499999999983
19 0.39296875 0.9270833333333334 0.053125 0.14583333333333334
17 0.44594921875000004 0.7313958333333334 0.10657031250000001 0.23062499999999994
19 0.22523437500000001 0.9099305555555556 0.1453125 0.18013888888888896
14 0.13917968749999998 0.8853333333333334 0.106453125 0.1936944444444445
19 0.30278906250000004 0.7257708333333335 0.15335937499999996 0.2276249999999999
12 0.6459453125000001 0.7669930555555555 0.11187500000000003 0.22370833333333323
17 0.7036914062499999 0.6962986111111111 0.06686718749999994 0.10445833333333339
19 0.55726171875 0.7158125 0.08207031249999996 0.12429166666666668
3 0.388546875 0.6456736111111111 0.09428125000000005 0.18512499999999996
19 0.352328125 0.5494305555555556 0.301640625 0.36011111111111116
18 0.22492187500000002 0.5984444444444444 0.04890625000000002 0.08374999999999994
19 0.5139765625000001 0.6368680555555555 0.04484375000000007 0.13393055555555564
19 0.6255625 0.5748888888888888 0.08625000000000008 0.16549999999999995
18 0.3384921875 0.43148611111111107 0.09629687499999999 0.11913888888888885
18 0.59390234375 0.3792847222222222 0.14341406249999994 0.20012500000000005
19 0.69775 0.5083888888888889 0.08160937500000003 0.16886111111111116
16 0.808640625 0.5283333333333333 0.10762500000000008 0.19263888888888894
17 0.8139687499999999 0.3792083333333333 0.10506250000000002 0.12075000000000004
12 0.6504609375 0.32440277777777776 0.07903125000000007 0.16750000000000004
19 0.5683984375 0.2658680555555556 0.05476562499999993 0.08654166666666667
17 0.19353906250000003 0.318125 0.09729687499999999 0.15124999999999997
19 0.46353125000000006 0.30459027777777775 0.10840625 0.17112499999999997
16 0.311046875 0.3072916666666667 0.06281249999999998 0.11888888888888892
14 0.23960546875 0.1536597222222222 0.0820390625 0.15601388888888887
17 0.18388671875 0.2121736111111111 0.05975781250000001 0.1217361111111111
16 0.615890625 0.17956249999999999 0.05978124999999999 0.09254166666666666
10 0.5512265625 0.113125 0.06789062500000007 0.22625
17 0.33799999999999997 0.08772916666666668 0.05978124999999999 0.14048611111111112
14 0.28430078124999997 0.084125 0.05775781250000005 0.12247222222222223
19 0.25086718750000003 0.050166666666666665 0.17528125 0.10033333333333333
19 0.60888671875 0.06479166666666668 0.04474218749999999 0.10205555555555558