19 0.490625 0.9909722222222223 0.0359375 0.018055555555555554
18 0.349515625 0.9777013888888888 0.057687500000000023 0.04459722222222208
0 0.28390624999999997 0.9902847222222222 0.042031249999999964 0.01943055555555557
19 0.5615742187499999 0.8471666666666667 0.13247656249999995 0.3040555555555556
15 0.7067617187499999 0.9317569444444445 0.07382031250000001 0.13648611111111109
19 0.64841015625 0.9131180555555556 0.06946093750000007 0.16279166666666672
0 0.3558828125 0.8671597222222223 0.09918749999999998 0.1790416666666668
0 0.2901796875 0.9374444444444443 0.038484374999999994 0.09244444444444437
19 0.47594531250000005 0.8186041666666667 0.14782812500000003 0.14562499999999987
19 0.7584375 0.7544305555555555 0.17562500000000006 0.34386111111111106
12 0.2732890625 0.6740069444444445 0.12287499999999998 0.1553194444444445
18 0.26423046875 0.6855416666666666 0.0661171875 0.12033333333333332
2 0.34869140625000006 0.5435555555555556 0.22836718749999996 0.28
19 0.485953125 0.4937777777777778 0.12125000000000004 0.2410833333333334
0 0.57208203125 0.5446944444444445 0.05697656250000005 0.1670555555555555
7 0.26373046875 0.3148402777777778 0.1271484375 0.26745833333333335
17 0.37026562499999993 0.34093055555555557 0.08493749999999997 0.15513888888888888
19 0.5227304687500001 0.46081944444444445 0.0851640625 0.15833333333333333
19 0.27487890625 0.8823055555555556 0.05792968749999998 0.06552777777777787
8 0.41964453125 0.23586805555555554 0.11024218750000006 0.15965277777777775
19 0.33940625 0.16213194444444445 0.074328125 0.1404305555555556
19 0.5174960937499999 0.24565277777777775 0.018039062499999935 0.03380555555555552
10 0.5775781249999999 0.1088611111111111 0.05843749999999996 0.2164444444444445
19 0.602859375 0.8147222222222222 0.01657812500000002 0.0364166666666667
19 0.40344140624999997 0.29888888888888887 0.05160156249999996 0.09897222222222221
19 0.691484375 0.5512638888888889 0.04921875 0.06361111111111105
19 0.2222734375 0.058180555555555555 0.12537500000000001 0.11636111111111111
19 0.3506875 0.07345833333333333 0.11526562499999997 0.14691666666666667
7 0.43460937499999996 0.09952083333333334 0.13953124999999997 0.19904166666666667
14 0.5033671875 0.13792361111111112 0.11526562499999997 0.1222361111111111
14 0.5038750000000001 0.016833333333333332 0.04954687500000006 0.033666666666666664
18 0.11199218749999999 0.13903472222222224 0.10217187500000002 0.2780694444444445