19 0.6206484375 0.9066180555555555 0.12659374999999998 0.18676388888888892
19 0.3188984375 0.9727083333333334 0.04407812499999997 0.05458333333333327
14 0.48829296875 0.9192569444444445 0.12866406250000004 0.16148611111111108
19 0.38329296874999996 0.985625 0.04075781249999997 0.028750000000000064
1 0.55984375 0.9403055555555555 0.026171875 0.10616666666666674
14 0.347765625 0.8113055555555555 0.05270312500000003 0.09755555555555556
16 0.4690546875 0.7059444444444445 0.13162500000000002 0.20083333333333336
19 0.41593749999999996 0.8881666666666667 0.06765624999999997 0.17077777777777783
19 0.6604375 0.7220624999999999 0.04396874999999998 0.09281944444444443
16 0.612203125 0.6622847222222222 0.07504687499999996 0.1417638888888888
14 0.56134375 0.6807361111111111 0.04018750000000004 0.08480555555555548
7 0.37826953125 0.5327361111111112 0.1872109375 0.3335833333333334
10 0.37028125 0.7135486111111111 0.06153125000000004 0.14281944444444442
19 0.29533203124999996 0.6104791666666667 0.034601562499999974 0.08973611111111113
14 0.5351406249999999 0.5545694444444444 0.045187499999999936 0.0875
19 0.63521484375 0.5711319444444444 0.06774218750000002 0.14309722222222218
0 0.49670703125000004 0.42247222222222225 0.06613281250000007 0.10466666666666669
14 0.7091367187500001 0.4488333333333333 0.10035156250000003 0.2342222222222222
19 0.6660625 0.26353472222222224 0.08553125000000002 0.14151388888888888
17 0.5736328125 0.3640833333333333 0.04995312500000004 0.1335555555555555
14 0.6124375000000001 0.35989583333333336 0.03937500000000007 0.11340277777777774
19 0.6448671874999999 0.4097361111111111 0.055265625000000006 0.0790555555555555
19 0.2122265625 0.2673958333333333 0.24507812500000004 0.4059027777777778
17 0.55910546875 0.26456250000000003 0.062148437499999966 0.09381944444444446
19 0.5298984375 0.33947222222222223 0.043390624999999974 0.11152777777777775
18 0.4529453125 0.2809444444444444 0.144265625 0.23366666666666663
3 0.36573828124999996 0.23946527777777776 0.0918046875 0.16920833333333332
1 0.36010546874999994 0.2661805555555556 0.07328906249999996 0.12508333333333332
19 0.36991406250000003 0.3513194444444444 0.04045312499999998 0.03647222222222221
19 0.5221171874999999 0.12275694444444447 0.09359374999999996 0.2084027777777778
19 0.7812890625 0.16188194444444445 0.135078125 0.15765277777777775
11 0.5830859375 0.11727083333333334 0.03140625000000004 0.13148611111111114
15 0.6768046875 0.08610416666666666 0.14792187499999992 0.17220833333333332
10 0.24772656249999997 0.10051388888888889 0.09828124999999999 0.20102777777777778
0 0.311046875 0.1073611111111111 0.044578124999999955 0.11888888888888888
19 0.185921875 0.02540277777777778 0.041546875000000004 0.04863888888888889
19 0.416421875 0.11456944444444446 0.13576562499999997 0.12608333333333333
19 0.421484375 0.042875 0.05471874999999997 0.08575
19 0.35917578125 0.058180555555555555 0.055726562500000035 0.11636111111111111
19 0.57852734375 0.015854166666666666 0.05471093749999998 0.03170833333333333