16 0.37186328125 0.9573888888888888 0.06928906250000004 0.08522222222222209
17 0.441796875 0.9138888888888889 0.07421875 0.17222222222222222
19 0.715234375 0.9208333333333333 0.1 0.15833333333333333
8 0.49140234375 0.9238888888888888 0.05838281250000001 0.1522222222222221
19 0.533203125 0.9638888888888889 0.04765625 0.07222222222222222
19 0.59846484375 0.984923611111111 0.11060156249999994 0.030152777777777827
14 0.6227148437500001 0.8176458333333334 0.13878906250000006 0.31084722222222216
10 0.5812304687500001 0.8351180555555556 0.09300781249999997 0.1766250000000001
19 0.51934375 0.7689374999999999 0.06570312499999993 0.1915416666666667
19 0.39919921875000003 0.8381736111111111 0.031695312499999996 0.08379166666666657
19 0.39933593749999996 0.7369444444444445 0.11618749999999997 0.1744722222222223
17 0.27199218750000004 0.7545069444444444 0.07664062500000002 0.17040277777777785
17 0.1865625 0.7675694444444444 0.09390625 0.11124999999999988
19 0.3219921875 0.9629861111111111 0.05476562500000002 0.07402777777777772
12 0.46540234375 0.6873194444444445 0.0923828125 0.18875000000000006
19 0.413390625 0.6446736111111111 0.04678125000000004 0.06501388888888882
12 0.5197734375 0.5756041666666667 0.09937500000000003 0.20898611111111115
19 0.4333984375 0.5409444444444443 0.0984375 0.14347222222222217
19 0.34881640625 0.5922361111111111 0.05997656249999998 0.12102777777777776
19 0.2839296875 0.5514444444444445 0.09167187500000003 0.23486111111111113
19 0.25257421874999997 0.6454444444444444 0.04310156249999997 0.07872222222222215
3 0.6376875 0.5317986111111112 0.14603125000000006 0.18415277777777783
19 0.5635117187500001 0.4282222222222222 0.08510156250000005 0.10577777777777773
17 0.46339453124999996 0.3735347222222222 0.13060156250000002 0.20859722222222218
19 0.37955859375 0.3781666666666667 0.04769531250000001 0.10402777777777775
19 0.29744140625000004 0.4162013888888889 0.08627343750000005 0.09012499999999998
19 0.1772578125 0.48932638888888896 0.07720312499999997 0.17056944444444436
17 0.1940390625 0.4845555555555556 0.08025000000000002 0.15563888888888883
19 0.27453125 0.36998611111111107 0.06265625000000004 0.13302777777777774
2 0.53840234375 0.2537152777777778 0.19516406249999996 0.26412499999999994
19 0.274609375 0.19758333333333333 0.16015625 0.18738888888888883
19 0.32167578125 0.291125 0.07178906249999999 0.19363888888888883
19 0.389671875 0.2420138888888889 0.09196874999999997 0.15763888888888888
19 0.58716796875 0.21486805555555552 0.09949218749999993 0.14890277777777775
17 0.474609375 0.09966666666666665 0.06281250000000008 0.10238888888888889
19 0.4250859375 0.07813194444444445 0.10923437499999995 0.1562638888888889
19 0.32702734375 0.0916111111111111 0.14358593749999998 0.1832222222222222
19 0.24411328125000004 0.06818055555555556 0.06471093750000004 0.0898888888888889
19 0.2471484375 0.16974305555555555 0.056625000000000016 0.12404166666666668