19 0.5812968749999999 0.9264999999999999 0.14709374999999997 0.14699999999999988
17 0.4646484375 0.9355972222222222 0.08642187499999991 0.12880555555555556
14 0.538671875 0.9598333333333332 0.065421875 0.08033333333333322
2 0.5864296875 0.9170486111111111 0.07854687499999997 0.16590277777777784
19 0.730546875 0.9909722222222223 0.03734374999999997 0.018055555555555554
19 0.282453125 0.8563402777777779 0.11953125 0.2873194444444443
12 0.4635234375 0.8539791666666667 0.07668750000000006 0.13009722222222234
19 0.39278515625 0.8847430555555557 0.07599218749999999 0.18387499999999982
19 0.34566015625 0.9101875 0.055726562500000035 0.1405694444444445
17 0.5301796875 0.8698888888888889 0.07457812500000002 0.12633333333333338
17 0.635359375 0.8895694444444444 0.03570312500000004 0.08961111111111109
17 0.6381953125 0.9751666666666666 0.03248437499999994 0.04966666666666665
19 0.7001875 0.8230416666666667 0.10478124999999991 0.05550000000000005
11 0.18090234375 0.8405972222222222 0.09122656250000001 0.290888888888889
17 0.36515234375 0.7077083333333333 0.059945312500000014 0.06905555555555551
17 0.36491015625 0.7723125000000001 0.05825781249999995 0.0630416666666668
16 0.41180859375 0.7440208333333332 0.0548828125 0.11106944444444448
14 0.46451562499999993 0.7481736111111112 0.06670312500000009 0.10956944444444451
2 0.6265195312499999 0.6419444444444445 0.2913203124999999 0.473361111111111
16 0.28881640624999994 0.5411666666666667 0.13617968749999995 0.2381666666666667
19 0.41365625 0.5680486111111112 0.13367187499999997 0.2591805555555556
17 0.52918359375 0.5243958333333333 0.08696093749999996 0.13659722222222226
10 0.6493632812500001 0.5587986111111112 0.08274218750000006 0.1335972222222223
12 0.8017148437499999 0.43173611111111104 0.12172656249999995 0.21863888888888883
17 0.314703125 0.3780833333333334 0.05999999999999996 0.16538888888888892
2 0.45819140625 0.25459027777777776 0.24372656250000002 0.36556944444444434
2 0.22940624999999998 0.4495486111111111 0.08753124999999999 0.11023611111111112
14 0.634671875 0.3144652777777778 0.08000000000000007 0.14404166666666665
19 0.25290234375 0.28570138888888885 0.12869531250000002 0.19629166666666673
2 0.8379453124999999 0.1468888888888889 0.262375 0.2937777777777778
19 0.27836328125 0.17285416666666667 0.05227343749999998 0.07565277777777778
12 0.6272929687500001 0.11281944444444443 0.10385156250000005 0.16661111111111107
7 0.5272421875 0.08080555555555556 0.09625000000000003 0.16161111111111112
17 0.65177734375 0.03127083333333333 0.07514843750000004 0.06254166666666666
19 0.70961328125 0.14059027777777777 0.08611718750000001 0.18612499999999998