19 0.7388007812499999 0.9259027777777777 0.19380468750000004 0.14819444444444452
14 0.20831640624999997 0.8610069444444446 0.09392968750000001 0.10298611111111124
3 0.26171875 0.93125 0.078125 0.1375
17 0.59376953125 0.9540277777777777 0.07699218749999996 0.09194444444444451
18 0.5216953125 0.9402430555555555 0.051796874999999964 0.11951388888888882
19 0.47959375 0.9336805555555555 0.06840624999999996 0.1326388888888889
14 0.68775 0.7173680555555555 0.12974999999999995 0.2119305555555555
3 0.800640625 0.7807569444444444 0.07098437500000002 0.17693055555555562
3 0.48055078125 0.6869861111111111 0.22219531250000008 0.4423611111111111
19 0.37573046875 0.8453402777777778 0.1159140625 0.24451388888888884
19 0.4196328125 0.9424652777777779 0.07410937499999996 0.11270833333333347
19 0.30565624999999996 0.9407777777777778 0.04915624999999997 0.11844444444444441
19 0.585453125 0.8382222222222222 0.107625 0.15116666666666656
15 0.5906093749999999 0.6894097222222222 0.12956249999999994 0.1535416666666666
17 0.51458984375 0.6462638888888889 0.04528906250000002 0.09836111111111102
19 0.3447109375 0.5932152777777778 0.09739062499999998 0.24706944444444434
19 0.24321484375 0.6282847222222222 0.15252343750000003 0.30990277777777786
2 0.27527734375 0.7373680555555555 0.0937578125 0.14548611111111112
17 0.785015625 0.591875 0.07107812499999992 0.11402777777777781
17 0.5409648437500001 0.4475208333333333 0.08046093750000001 0.1456527777777778
16 0.63841796875 0.5278194444444444 0.07739843749999994 0.11827777777777773
3 0.6243515625 0.41938194444444443 0.09520312499999992 0.11681944444444446
17 0.477734375 0.39861111111111114 0.06232812499999998 0.14772222222222225
18 0.350453125 0.4429652777777778 0.04378124999999997 0.07537499999999997
4 0.42734765625 0.4000694444444445 0.06144531250000003 0.14669444444444446
11 0.54731640625 0.3217847222222222 0.06583593749999998 0.08426388888888887
19 0.6296757812499999 0.34309027777777773 0.07080468750000009 0.06923611111111111
12 0.5939140625 0.23297916666666668 0.11967187500000005 0.1876527777777778
12 0.501375 0.17297916666666666 0.11775000000000002 0.26793055555555556
8 0.4084609375 0.2984305555555556 0.08412500000000005 0.19897222222222222
19 0.34409765625 0.347875 0.08414843750000003 0.10269444444444444
18 0.32980468749999997 0.24388888888888893 0.11851562500000004 0.29777777777777775
3 0.65352734375 0.11095833333333334 0.09567968750000003 0.22191666666666668
7 0.7189257812500001 0.2031805555555556 0.05969531250000006 0.1123611111111111
3 0.73209375 0.06015972222222222 0.11235937499999996 0.12031944444444444
2 0.37526562500000005 0.09527083333333333 0.08339062500000001 0.19054166666666666
19 0.4173984375 0.1429513888888889 0.058812499999999976 0.11704166666666668
18 0.25982812499999997 0.057895833333333334 0.08778125 0.11579166666666667
8 0.5249296875 0.05165277777777778 0.08076562500000009 0.10330555555555555
1 0.5789140625 0.05399305555555556 0.057062499999999974 0.10798611111111112