19 0.41333203125000006 0.9570972222222223 0.12099218749999996 0.08580555555555552
16 0.7216875 0.9540347222222222 0.09615624999999994 0.09193055555555563
17 0.659375 0.9805555555555555 0.0515625 0.03888888888888889
19 0.6706015625 0.7926388888888888 0.08840625000000006 0.15355555555555547
19 0.862703125 0.7656805555555555 0.10728125000000013 0.28830555555555554
19 0.28492578125 0.9644999999999999 0.03932031250000003 0.07099999999999985
19 0.48512500000000003 0.8286805555555555 0.33203125 0.3210555555555556
16 0.77829296875 0.6696666666666666 0.10313281249999999 0.1759722222222222
19 0.47152734374999994 0.6882499999999999 0.0982421875 0.11016666666666658
19 0.56941015625 0.5591319444444445 0.12147656250000001 0.17626388888888883
19 0.49770312499999997 0.592875 0.08504687499999992 0.11324999999999995
2 0.49537890625000003 0.3398611111111111 0.3215390625 0.4174166666666667
12 0.7630078125 0.42538888888888887 0.13167187500000005 0.23972222222222225
16 0.24016796875000002 0.3011388888888889 0.10213281250000002 0.16177777777777777
19 0.27657421875 0.22518055555555555 0.11830468750000005 0.2648055555555555
19 0.18799609374999998 0.22723611111111114 0.05358593750000003 0.08347222222222225
7 0.2118046875 0.08469444444444443 0.16517187499999997 0.16938888888888887
19 0.45882812500000003 0.10138194444444446 0.07531250000000007 0.11665277777777779
14 0.5525781249999999 0.042854166666666665 0.10124999999999992 0.08570833333333333
10 0.6365703125 0.058548611111111114 0.09482812500000008 0.11709722222222223
19 0.28712499999999996 0.7956180555555556 0.058984375 0.1323194444444444
17 0.34588671875 0.5295347222222222 0.08677343749999995 0.1802361111111111
17 0.28267578125000004 0.43225 0.08510156250000005 0.16991666666666672
19 0.355953125 0.7025277777777779 0.09198437500000001 0.14480555555555563