19 0.99477734375 0.01670138888888889 0.010445312499999915 0.03340277777777778
12 0.39028125 0.9843402777777778 0.04634375000000004 0.03131944444444438
19 0.52973046875 0.9252777777777776 0.20396093749999994 0.14944444444444432
19 0.5903906250000001 0.9723541666666667 0.07754687499999999 0.05529166666666659
11 0.65886328125 0.9316319444444444 0.09196093750000003 0.13673611111111117
19 0.2586640625 0.9518611111111112 0.06656250000000004 0.08433333333333337
19 0.73655859375 0.9201180555555556 0.1093828125 0.15976388888888884
19 0.275 0.8158402777777778 0.11696875000000002 0.25751388888888893
18 0.359171875 0.7864930555555555 0.08665624999999996 0.12254166666666669
19 0.53466796875 0.7303958333333334 0.24528906250000002 0.32106944444444446
19 0.49369921874999995 0.7672291666666666 0.15166406250000009 0.2472916666666666
19 0.35646875000000006 0.5379861111111112 0.28573437500000004 0.47666666666666674
10 0.5379375 0.5252569444444445 0.12346874999999997 0.132125
19 0.5273203125 0.3675555555555555 0.1088750000000001 0.18644444444444447
19 0.47776953125 0.4522569444444444 0.02210156249999997 0.03470833333333335
18 0.29765234375 0.3509791666666666 0.11655468750000005 0.24995833333333337
19 0.5135859375 0.44697916666666665 0.04706250000000001 0.07465277777777778
19 0.24561328124999998 0.38346527777777784 0.044289062500000045 0.047680555555555615
19 0.574765625 0.16466666666666668 0.15062499999999995 0.30433333333333334
19 0.36046875 0.23634722222222224 0.16421875000000002 0.25547222222222216
19 0.25329687500000003 0.06071527777777777 0.11656250000000001 0.10484722222222222
19 0.3073671875 0.07841666666666666 0.08004687500000003 0.15683333333333332
0 0.44990625 0.09441666666666665 0.09690624999999997 0.18725
19 0.54048828125 0.06905555555555555 0.0884765625 0.1381111111111111
18 0.11199218749999999 0.13903472222222224 0.10217187500000002 0.2780694444444445