19 0.46286718749999994 0.9659652777777777 0.07410937499999992 0.0655694444444445
17 0.5445 0.9606805555555554 0.04779687500000005 0.07863888888888873
19 0.60537890625 0.9390347222222223 0.09307031250000009 0.1219305555555555
19 0.7509140625 0.9424583333333333 0.08121875000000003 0.11508333333333319
18 0.42000000000000004 0.9589791666666666 0.03671875 0.08204166666666658
17 0.38799609375 0.8904722222222222 0.07902343750000003 0.11527777777777778
17 0.508953125 0.9343819444444444 0.04553124999999998 0.07098611111111097
10 0.34602734375 0.8990902777777778 0.11939843750000004 0.20181944444444436
19 0.75507421875 0.7691319444444444 0.14094531250000006 0.42104166666666654
12 0.62979296875 0.8098472222222223 0.12663281249999994 0.21236111111111117
12 0.46114062499999997 0.845888888888889 0.08510937500000004 0.11166666666666679
19 0.5296484375 0.8076666666666666 0.07867187500000003 0.21394444444444438
19 0.43666015625 0.7349374999999999 0.12347656249999997 0.18295833333333336
18 0.2288515625 0.8197847222222222 0.07906250000000001 0.08987500000000005
3 0.338140625 0.7563888888888889 0.06418749999999998 0.12083333333333333
2 0.2543515625 0.8105902777777778 0.078015625 0.17470833333333327
18 0.55975 0.5734652777777778 0.18112499999999992 0.29387500000000005
19 0.635890625 0.5974236111111111 0.17962500000000006 0.22956944444444438
17 0.446984375 0.5980208333333333 0.04559374999999992 0.06559722222222225
19 0.22326562499999997 0.5527708333333333 0.22559374999999998 0.2641805555555556
19 0.3826953125 0.6031527777777778 0.07398437500000003 0.0875
2 0.315296875 0.5507708333333333 0.07598437499999999 0.17651388888888894
19 0.403671875 0.5438263888888889 0.07171874999999997 0.06043055555555554
16 0.46426171875 0.48232638888888885 0.07902343750000007 0.1116805555555555
19 0.34568359374999996 0.3734513888888889 0.11203906249999998 0.1980416666666667
10 0.66178125 0.39493055555555556 0.15940624999999997 0.10902777777777778
19 0.4466796875 0.35696527777777776 0.05929687500000007 0.1310416666666667
17 0.59062109375 0.3057986111111111 0.06332031249999996 0.09006944444444448
17 0.506609375 0.31555555555555553 0.09456249999999997 0.20263888888888887
19 0.40182031250000005 0.39665277777777774 0.05276562499999997 0.23886111111111114
17 0.4530625 0.1834444444444444 0.10660937500000003 0.24188888888888885
19 0.2251953125 0.31645833333333334 0.18992187500000002 0.23013888888888887
14 0.14832421875000001 0.2528125 0.11963281249999999 0.20634722222222218
19 0.30253515625 0.13507638888888887 0.15335156249999998 0.227625
12 0.656953125 0.17564583333333333 0.11187500000000003 0.22370833333333331
17 0.71925390625 0.11276388888888889 0.06686718749999994 0.10447222222222222
19 0.5596796875 0.16409722222222223 0.08206249999999997 0.1242777777777778
3 0.3862734375 0.09256249999999999 0.09428125000000005 0.18512499999999998
19 0.27123046875 0.05628472222222222 0.1273515625 0.11256944444444444
18 0.22022265624999998 0.02313888888888889 0.0450234375 0.04627777777777778
19 0.51584765625 0.06197916666666667 0.04341406249999995 0.12395833333333334
19 0.6337109375 0.03227083333333333 0.09381249999999994 0.06454166666666666