19 0.35203515625000004 0.9720555555555556 0.06999218750000002 0.055888888888888905
17 0.440234375 0.9354166666666667 0.10859375 0.12916666666666668
16 0.6335390624999999 0.9383819444444444 0.09632812499999996 0.12323611111111113
2 0.6753046875 0.8333402777777777 0.256109375 0.33331944444444445
19 0.45151953124999994 0.8342083333333333 0.047476562499999986 0.07130555555555544
19 0.4615078125 0.892375 0.04242187499999996 0.0433333333333334
19 0.5005273437500001 0.8618541666666666 0.07553906250000005 0.1465138888888889
19 0.22535546875000004 0.866361111111111 0.1249921875 0.10241666666666668
7 0.21610546875 0.7864166666666667 0.0958359375 0.13944444444444457
2 0.38548828125 0.6596319444444444 0.17800781250000003 0.21120833333333325
3 0.7733515624999999 0.5581597222222222 0.15309374999999995 0.2665694444444445
19 0.588578125 0.6228680555555556 0.248046875 0.26556944444444447
19 0.5015976562500001 0.542638888888889 0.09680468750000007 0.2044444444444445
19 0.38455859375 0.5229930555555555 0.06903906250000005 0.08315277777777778
19 0.30447265625000003 0.5125277777777778 0.06141406250000001 0.11533333333333329
16 0.38176171875 0.41083333333333333 0.06928906250000004 0.12361111111111112
17 0.446734375 0.34804166666666664 0.07437500000000004 0.19638888888888886
19 0.7192578125 0.3054513888888889 0.09967187499999994 0.15984722222222228
8 0.50206640625 0.3492777777777778 0.05838281250000001 0.1666666666666667
19 0.5430976562500001 0.39765972222222223 0.04797656250000006 0.10229166666666664
19 0.6063867187499999 0.41999305555555555 0.11178906249999994 0.13443055555555555
14 0.6212695312500001 0.23376388888888888 0.1591953125 0.2930833333333333
10 0.59048046875 0.25833333333333336 0.09607031250000002 0.18555555555555558
19 0.5290234375 0.19284027777777776 0.06570312499999993 0.1915416666666667
19 0.40479296875 0.26694444444444443 0.031695312499999996 0.0838055555555556
19 0.4081796875 0.17459722222222224 0.11979687499999998 0.17447222222222222
17 0.27481640625 0.17105555555555554 0.08333593749999997 0.1798333333333333
17 0.189453125 0.16694444444444445 0.09046874999999999 0.12416666666666668
19 0.3311015625 0.40324999999999994 0.05476562500000002 0.10611111111111107
12 0.4756796875 0.09484722222222224 0.09239062499999999 0.18875
19 0.417078125 0.06790972222222222 0.03949999999999996 0.0650138888888889
12 0.5455664062500001 0.0389375 0.06632031250000008 0.077875
19 0.42341796875000004 0.016833333333333332 0.044367187499999974 0.033666666666666664
19 0.35758984374999997 0.026805555555555558 0.05997656249999998 0.053611111111111116
19 0.29310156249999997 0.04024305555555556 0.08557812499999998 0.08048611111111112
19 0.25709375 0.05630555555555555 0.04309374999999997 0.07872222222222221