11 0.815234375 0.9236111111111112 0.0625 0.1527777777777778
19 0.6061249999999999 0.9553819444444445 0.057859374999999956 0.08923611111111111
19 0.50244921875 0.9724027777777777 0.09786718749999998 0.055194444444444456
19 0.3983125 0.9635138888888889 0.11915625000000003 0.07297222222222217
19 0.35640234375 0.9102708333333334 0.08150781250000003 0.11606944444444435
10 0.52845703125 0.9058333333333334 0.16585156249999997 0.15280555555555553
12 0.69518359375 0.7466944444444444 0.1995078124999999 0.3593055555555556
19 0.5369765624999999 0.6819027777777779 0.21156249999999996 0.4362777777777777
19 0.41153515625 0.7634583333333335 0.1122421875 0.20616666666666675
19 0.23934375000000002 0.7603819444444445 0.07853124999999998 0.1727083333333333
19 0.32202734375 0.6638888888888889 0.11838281249999998 0.28566666666666674
19 0.4319218749999999 0.6555486111111111 0.05476562499999993 0.09601388888888888
19 0.40039453125 0.6365069444444444 0.08097656250000003 0.14023611111111114
17 0.21430859375 0.5188055555555555 0.09827343749999999 0.1768055555555555
12 0.42810156250000003 0.46915972222222224 0.09828124999999996 0.16765277777777782
17 0.56034375 0.49671527777777774 0.06235937499999995 0.14679166666666674
17 0.6249609375 0.4711944444444444 0.07001562499999991 0.1335
19 0.6558515625 0.5111319444444444 0.09428125000000005 0.19006944444444449
2 0.812859375 0.2771736111111111 0.13587500000000005 0.20073611111111106
19 0.256640625 0.3453611111111111 0.05078125 0.1154166666666667
19 0.35590625000000004 0.44134027777777773 0.08217187500000005 0.13112499999999996
2 0.49441406250000003 0.25997916666666665 0.12570312500000008 0.27190277777777777
19 0.6043359374999999 0.38492361111111106 0.23265624999999995 0.19404166666666672
8 0.6325898437499999 0.23169444444444443 0.10596093750000009 0.2125555555555555
19 0.6306171875 0.18580555555555556 0.06642187499999999 0.1472777777777778
10 0.56740234375 0.07236111111111111 0.16410156249999996 0.14472222222222222
19 0.385671875 0.3362847222222222 0.07246875 0.11540277777777783
19 0.41568359375 0.24140277777777777 0.11038281249999997 0.18080555555555555
19 0.335109375 0.2863958333333333 0.10314062499999999 0.16540277777777782
19 0.2976796875 0.31965277777777773 0.07682812500000002 0.18155555555555558
19 0.27164453125 0.1793472222222222 0.10967968749999998 0.1931388888888889
2 0.8297578124999999 0.0303125 0.07987499999999992 0.060625
10 0.4642421875 0.06356944444444444 0.05660937500000003 0.12713888888888888
19 0.23068359374999997 0.09838194444444445 0.07074218749999998 0.19054166666666666
19 0.29887499999999995 0.08154861111111111 0.24178124999999998 0.16309722222222223
19 0.15695703125 0.034895833333333334 0.06672656249999998 0.06979166666666667