14 0.28731640625 0.9693055555555555 0.049945312499999964 0.06138888888888895
17 0.41651171875 0.9418472222222222 0.08686718750000004 0.11630555555555556
17 0.5688515625 0.8364375000000001 0.105078125 0.1427916666666666
2 0.2060078125 0.8172291666666667 0.20315625000000007 0.36554166666666676
19 0.44671875000000005 0.784951388888889 0.05190625000000004 0.06590277777777784
19 0.452453125 0.7230000000000001 0.2046875 0.20300000000000004
19 0.33879296875 0.6816875 0.15727343749999995 0.3224305555555555
3 0.795640625 0.8307361111111111 0.17174999999999993 0.2547777777777779
19 0.48821484374999996 0.6146944444444444 0.13675781249999996 0.15847222222222226
15 0.62184375 0.6551944444444444 0.08687500000000004 0.24166666666666667
19 0.43778515625000003 0.4050902777777778 0.11652343750000002 0.3368472222222222
12 0.6202109375 0.28697222222222224 0.21425 0.31033333333333335
7 0.3256328125 0.4524375 0.14337499999999997 0.24501388888888884
10 0.23516796874999998 0.4896597222222222 0.09925781249999999 0.30315277777777777
11 0.49720703125000004 0.3586111111111111 0.08667968750000003 0.29761111111111105
8 0.37122265624999995 0.19116666666666665 0.07427343749999996 0.16988888888888887
19 0.32710546875 0.23531249999999998 0.028585937500000026 0.045069444444444426
14 0.47218359374999996 0.21684027777777778 0.08252343750000009 0.12229166666666669
19 0.4381875 0.6075694444444444 0.03925000000000001 0.0404722222222222
19 0.33155859374999996 0.3426388888888889 0.1051796875 0.08608333333333332
19 0.17894531249999998 0.0828263888888889 0.011921874999999993 0.023319444444444434
2 0.39970703125 0.14282638888888888 0.05666406249999998 0.08790277777777776
19 0.48985156250000006 0.12909027777777776 0.020609375000000086 0.03845833333333333
19 0.38716015625000005 0.04432638888888889 0.10136718750000004 0.08131944444444444
19 0.4798828125 0.044694444444444446 0.08159375000000005 0.08938888888888889
17 0.32844140624999996 0.03883333333333333 0.04574218749999996 0.06594444444444444
16 0.8408671875 0.016118055555555556 0.06923437499999992 0.03223611111111111
18 0.3296875 0.95625 0.06015625 0.0875