14 0.50538671875 0.8328958333333333 0.10935156250000003 0.20801388888888886
18 0.45071093749999996 0.7083263888888889 0.08231249999999993 0.13993055555555556
14 0.65692578125 0.8923194444444444 0.13724218750000006 0.21536111111111103
19 0.35603515625000004 0.8493958333333335 0.11513281250000004 0.22909722222222229
2 0.47451953125 0.909875 0.17299218750000006 0.18024999999999997
19 0.2985 0.8480347222222223 0.08353124999999997 0.17568055555555556
19 0.38289453124999995 0.9796388888888887 0.08527343749999998 0.04072222222222213
19 0.57512890625 0.8229305555555557 0.04592968749999997 0.06200000000000014
17 0.7034140625 0.7457083333333333 0.044656250000000064 0.07911111111111116
19 0.43607031249999995 0.47325 0.08201562500000001 0.12727777777777777
18 0.47994531249999994 0.9548888888888889 0.08167187499999998 0.09022222222222227
8 0.66920703125 0.8747499999999999 0.1257578125 0.19255555555555537
17 0.6180898437500001 0.6821388888888889 0.06908593750000006 0.16430555555555548
18 0.575375 0.7606180555555555 0.12584374999999995 0.17587500000000006
18 0.68446875 0.7548611111111111 0.11118749999999995 0.09102777777777772
3 0.4050859375 0.6907986111111111 0.09946874999999995 0.14568055555555562
2 0.59028515625 0.630736111111111 0.1270390625000001 0.11844444444444441
19 0.5748203125 0.6959583333333333 0.07025000000000006 0.08058333333333338
3 0.493265625 0.677625 0.04632812499999996 0.07477777777777782
14 0.48800390625 0.6373194444444444 0.07075781249999995 0.12677777777777774
17 0.39841015625000004 0.6118541666666667 0.08485156249999996 0.12656944444444443
18 0.26164062499999996 0.6694166666666667 0.18531250000000002 0.28755555555555556
19 0.70184375 0.6816111111111112 0.03365624999999994 0.05738888888888896
19 0.669046875 0.6758472222222223 0.029265625000000028 0.04947222222222223
16 0.66358984375 0.564298611111111 0.05960156249999997 0.11795833333333341
14 0.55241796875 0.4643819444444444 0.07900781250000008 0.15543055555555552
3 0.4736328125 0.5259027777777777 0.08534375000000001 0.14088888888888895
3 0.72180078125 0.550625 0.07717968749999997 0.08027777777777771
14 0.41849218749999995 0.5109583333333333 0.11628124999999997 0.18213888888888888
19 0.7268203124999999 0.41606944444444444 0.11553125000000009 0.3742499999999999
19 0.26778124999999997 0.5336527777777778 0.08121875000000003 0.16261111111111118
19 0.33201562500000004 0.4588541666666667 0.1309375 0.1207916666666667
17 0.28969140624999995 0.4174930555555556 0.08374218750000004 0.09609722222222229
3 0.5623984375 0.1949097222222222 0.10354687499999997 0.3274027777777778
7 0.77684765625 0.2630625 0.11583593749999999 0.25304166666666666
19 0.6651484375 0.1872638888888889 0.059562500000000004 0.1092222222222222
0 0.474984375 0.20779861111111111 0.06659375000000001 0.12690277777777778
3 0.37368359374999993 0.31544444444444447 0.09919531249999998 0.14669444444444446
15 0.41336328125 0.26280555555555557 0.08702343750000004 0.17188888888888887
18 0.358 0.2746527777777778 0.05003124999999997 0.10455555555555551
14 0.7135703125 0.039375 0.04828124999999996 0.07152777777777777
14 0.52592578125 0.02326388888888889 0.03294531250000006 0.04652777777777778
17 0.43523046875000004 0.11480555555555555 0.08997656250000001 0.12094444444444442
3 0.49338671874999995 0.07904166666666666 0.10680468750000002 0.1456388888888889
14 0.34892578125 0.11350694444444444 0.05191406250000004 0.07673611111111112
19 0.8077421874999999 0.05166666666666667 0.13904687500000001 0.10333333333333335
14 0.38402734375 0.043291666666666666 0.13021093749999996 0.08658333333333333