19 0.33553124999999995 0.9678819444444444 0.08753124999999998 0.0642361111111111
19 0.44334375000000004 0.8891805555555554 0.10745312499999997 0.22163888888888877
3 0.5671875 0.8979166666666667 0.15859375 0.20416666666666666
19 0.7754453124999999 0.9065208333333332 0.14995312499999996 0.1869583333333335
17 0.63584375 0.931763888888889 0.07481249999999999 0.13647222222222222
19 0.42756249999999996 0.9326666666666666 0.140828125 0.1260833333333333
12 0.2532734375 0.7951180555555556 0.06178125000000003 0.11745833333333325
19 0.46665234375000003 0.771375 0.13180468750000002 0.2416944444444444
19 0.6140703125 0.7968888888888889 0.06292187499999997 0.0741666666666668
19 0.80459765625 0.8029305555555556 0.06383593750000002 0.12647222222222215
12 0.3462578125 0.806486111111111 0.113578125 0.16422222222222224
12 0.38217187500000005 0.548875 0.07598437500000003 0.18919444444444447
18 0.31523828125 0.6975625 0.24721093750000006 0.3046527777777777
18 0.7099375 0.45987500000000003 0.16653125000000008 0.3001388888888889
19 0.49407421874999996 0.5787152777777778 0.06171093750000001 0.15237500000000004
19 0.8146953124999999 0.6497083333333333 0.06281250000000008 0.10124999999999997
19 0.24557812500000004 0.5264930555555556 0.09604687500000002 0.15562499999999993
19 0.6005859375 0.4489444444444445 0.07864062500000006 0.1695277777777777
8 0.4591523437499999 0.4840763888888888 0.06686718749999994 0.1972361111111111
12 0.81070703125 0.4860486111111111 0.1065546874999999 0.22931944444444446
19 0.5444843749999999 0.3519583333333333 0.04559374999999992 0.0450277777777778
17 0.44569921875 0.27540972222222226 0.060789062499999956 0.14770833333333336
17 0.5211796875 0.22149305555555554 0.06990625000000002 0.15479166666666666
17 0.59767578125 0.2781180555555556 0.0810546875 0.12068055555555554
10 0.66351171875 0.21427083333333335 0.1114140625000001 0.25923611111111117
19 0.301953125 0.07181944444444445 0.08996874999999997 0.1436388888888889
19 0.40103906250000004 0.10472916666666666 0.044984374999999986 0.1340138888888889
19 0.45757421875000004 0.1349861111111111 0.06322656250000006 0.15130555555555555
19 0.5165390624999999 0.07289583333333333 0.09118750000000002 0.14579166666666665
17 0.6277265625 0.03183333333333334 0.04389062500000005 0.06366666666666668