10 0.7684101562500001 0.8331527777777777 0.07653906249999994 0.3336944444444444
19 0.6497499999999999 0.9334444444444443 0.16140624999999992 0.13311111111111099
19 0.32346484375 0.9401875 0.1342734375 0.11962500000000015
19 0.45324609374999997 0.9690277777777777 0.10388281250000002 0.061944444444444316
19 0.53608984375 0.9764097222222222 0.06696093750000003 0.047180555555555594
12 0.4905546875000001 0.881986111111111 0.08159375000000005 0.14944444444444432
17 0.62922265625 0.8669652777777779 0.06428906249999997 0.08351388888888904
19 0.18304296875 0.7486597222222222 0.10238281250000003 0.20648611111111112
19 0.215484375 0.8636736111111112 0.018546875000000008 0.046152777777777806
19 0.32067578124999996 0.8129374999999999 0.09827343749999998 0.1709583333333332
12 0.7143203125 0.6748611111111111 0.09307812500000008 0.2948611111111111
8 0.63974609375 0.7606111111111111 0.09267968750000008 0.19080555555555548
7 0.55423828125 0.7695486111111112 0.09886718749999997 0.15373611111111118
0 0.47769921874999993 0.7144444444444444 0.10302343749999991 0.16666666666666666
19 0.39476562499999995 0.7148055555555555 0.08139062500000005 0.1703333333333334
19 0.6130117187499999 0.6547083333333333 0.14907031249999997 0.24388888888888885
19 0.40918359375 0.5571388888888889 0.10966406250000005 0.2350833333333333
19 0.31556640625 0.5529861111111111 0.08230468750000001 0.11688888888888885
19 0.329578125 0.6553611111111112 0.03104687500000001 0.04219444444444444
7 0.5380468749999999 0.4706527777777778 0.17820312499999993 0.3716666666666667
19 0.30692578125 0.44608333333333333 0.03832031249999997 0.035166666666666735
19 0.26237109375 0.46702083333333333 0.10271093750000002 0.19998611111111111
19 0.566546875 0.16043055555555555 0.17431249999999993 0.29888888888888887
19 0.47376171874999995 0.1383958333333333 0.08047656249999999 0.2637361111111111
19 0.3940820312500001 0.06260416666666667 0.08653906250000003 0.12520833333333334
14 0.31434375000000003 0.08128472222222222 0.07293750000000002 0.16256944444444443
19 0.2023984375 0.020847222222222222 0.052046875000000006 0.041694444444444444
19 0.5157929687499999 0.029638888888888888 0.11510156249999995 0.059277777777777776
17 0.77487109375 0.030590277777777775 0.06177343749999995 0.04856944444444444
10 0.6852226562499999 0.08334027777777778 0.08777343749999993 0.16284722222222223