17 0.41702343750000004 0.9887430555555555 0.03857812500000004 0.02251388888888894
17 0.38024609375 0.9371388888888889 0.07877343749999999 0.1257222222222222
19 0.599234375 0.8956180555555556 0.19870312499999992 0.2087638888888888
19 0.48088671875 0.9505277777777777 0.07057031249999994 0.09894444444444446
19 0.3405546875 0.8663472222222224 0.09509375000000002 0.10022222222222234
19 0.45037109375 0.7864791666666666 0.05453906249999996 0.2417083333333333
0 0.61582421875 0.8751111111111111 0.13382031249999998 0.2257777777777777
19 0.5207695312499999 0.847375 0.03857031249999991 0.09230555555555561
17 0.5608515625 0.7470208333333334 0.10818750000000002 0.14234722222222224
16 0.20315234374999996 0.793375 0.12249218749999997 0.23374999999999993
19 0.409875 0.7941875 0.07292187499999998 0.20679166666666657
19 0.22834765624999998 0.6041805555555555 0.1145546875 0.10330555555555555
13 0.394 0.6008958333333333 0.08406250000000001 0.17140277777777774
19 0.47971484374999995 0.6012500000000001 0.018539062500000016 0.035166666666666735
19 0.54296875 0.5557847222222223 0.12734375 0.15845833333333337
10 0.20680859375000002 0.4774375 0.1254921875 0.292375
17 0.57470703125 0.4045694444444445 0.06550781249999993 0.21313888888888893
19 0.63608984375 0.35873611111111103 0.08774218749999996 0.19116666666666665
12 0.7401484375 0.3806875 0.14465625000000007 0.2419583333333334
8 0.6418710937500001 0.5452083333333333 0.04574218749999996 0.11427777777777774
19 0.45931640625000003 0.47927777777777775 0.08900781250000005 0.18461111111111106
19 0.3989453125 0.47487499999999994 0.02224999999999997 0.07472222222222216
19 0.25008203125 0.4046944444444444 0.09952343749999999 0.21272222222222217
12 0.33630859375 0.41474305555555546 0.05686718749999997 0.08809722222222215
19 0.399796875 0.3569513888888889 0.09353125000000002 0.1363194444444444
19 0.2994921875 0.21659722222222222 0.098828125 0.43319444444444444
19 0.516 0.2865625 0.09778125000000007 0.17384722222222224
8 0.45132031249999993 0.3435625 0.03503124999999994 0.09340277777777778
19 0.6887890624999999 0.07799305555555555 0.14526562500000004 0.12820833333333334
19 0.49350781250000003 0.15674305555555554 0.1010625000000001 0.09156944444444444
19 0.3703984375 0.14393055555555556 0.04851562500000002 0.1098888888888889
19 0.35344921874999996 0.05509722222222223 0.15041406249999997 0.10805555555555553
19 0.53373828125 0.06921527777777778 0.07005468750000006 0.13843055555555556
19 0.6269765625 0.0682986111111111 0.112296875 0.1365972222222222
17 0.48475 0.04906944444444444 0.040281249999999956 0.09813888888888889
17 0.5779921875 0.6417222222222222 0.10859375 0.20888888888888893