16 0.23415234375000002 0.9424583333333333 0.09252343750000003 0.11508333333333319
8 0.6757226562499999 0.9252777777777776 0.1091796875 0.14944444444444432
12 0.43202734375 0.9141736111111111 0.11644531249999997 0.17165277777777765
15 0.6063359375 0.9411736111111111 0.07515625000000004 0.11765277777777783
19 0.5384648437499999 0.9563680555555556 0.024117187499999915 0.03404166666666665
19 0.41515234375 0.86925 0.16985156250000003 0.22244444444444456
19 0.39665625 0.7072291666666667 0.12021875 0.21318055555555565
19 0.35183203125 0.6059930555555556 0.037382812500000015 0.06573611111111116
12 0.53587109375 0.7539097222222223 0.21286718750000003 0.3425694444444445
10 0.46167187499999995 0.5528958333333333 0.09379687499999996 0.10918055555555557
2 0.66148828125 0.7102847222222222 0.06967968750000005 0.2072083333333334
15 0.643734375 0.5576041666666667 0.11918749999999996 0.1365694444444445
0 0.44388281249999995 0.40411111111111114 0.05998437499999998 0.1776111111111111
19 0.4088984375 0.5349166666666666 0.061765624999999956 0.1862777777777778
10 0.586390625 0.45929166666666665 0.14996875000000004 0.2350277777777778
19 0.22351953125000001 0.4439444444444444 0.025773437500000006 0.04544444444444448
19 0.37863671875000005 0.1652847222222222 0.13678906250000003 0.24887499999999999
17 0.2991796875 0.17636805555555554 0.06065624999999999 0.11309722222222221
17 0.49887109374999994 0.17739583333333334 0.10808593749999992 0.1396527777777778
19 0.44866015625000005 0.07349999999999998 0.060664062500000074 0.10391666666666666
19 0.5082187499999999 0.08428472222222222 0.07168749999999999 0.08234722222222221
10 0.6112890625 0.08329861111111111 0.09937500000000003 0.1627361111111111
7 0.82200390625 0.04802083333333334 0.06397656249999999 0.09604166666666668
10 0.3311953125 0.025472222222222222 0.03970312500000004 0.050944444444444445
17 0.201046875 0.028416666666666666 0.06396874999999999 0.05683333333333333