19 0.6299375 0.9871805555555555 0.02949999999999999 0.02563888888888894
4 0.3373828125 0.8854375 0.16226562500000002 0.22912500000000005
17 0.46902734375 0.8812777777777777 0.08344531249999995 0.13919444444444448
17 0.46172265625 0.7614166666666667 0.09922656249999999 0.11922222222222219
19 0.50290234375 0.9596805555555556 0.027820312499999923 0.05127777777777788
14 0.6409140625 0.8934166666666666 0.06078124999999997 0.104388888888889
19 0.24285937500000002 0.7810902777777777 0.06304687500000003 0.18195833333333333
12 0.41590234375 0.8012291666666667 0.08900781250000005 0.15598611111111105
19 0.518265625 0.8181527777777778 0.03956250000000008 0.07252777777777782
3 0.34247265625 0.6926527777777778 0.12980468750000002 0.1864166666666667
19 0.6350976562499999 0.6602222222222223 0.029335937499999964 0.07011111111111114
14 0.68626171875 0.6291388888888889 0.08035156249999993 0.07252777777777782
19 0.74959765625 0.7117291666666667 0.028429687500000078 0.03043055555555559
19 0.365234375 0.5472569444444444 0.11970312500000002 0.2765972222222222
2 0.4063671875 0.44772222222222224 0.17820312499999996 0.38891666666666663
7 0.5388671875 0.6321597222222222 0.165234375 0.36765277777777783
19 0.6403125000000001 0.4435347222222222 0.013593750000000071 0.01790277777777776
19 0.29740625 0.48625 0.032343749999999984 0.10286111111111104
14 0.30093359375 0.3915208333333333 0.08410156249999998 0.14304166666666668
19 0.712375 0.4649166666666667 0.060218749999999946 0.15561111111111106
19 0.5239492187500001 0.4028819444444444 0.05207031250000007 0.075875
2 0.5684765625 0.33847222222222223 0.14507812500000003 0.2093055555555555
17 0.76874609375 0.3722152777777778 0.060945312499999994 0.146125
8 0.33673828125 0.28245833333333337 0.06010156250000005 0.10836111111111109
19 0.71415625 0.2913611111111111 0.15376562499999996 0.19077777777777782
19 0.36091796875000004 0.23000694444444447 0.0369140625 0.08606944444444448
19 0.48321484375 0.20022222222222225 0.13830468749999997 0.21738888888888885
19 0.62614453125 0.19111805555555558 0.17010156250000003 0.1349861111111111
19 0.34355859375 0.1282013888888889 0.04975781250000004 0.09156944444444445
18 0.83293359375 0.06104861111111111 0.11675781249999995 0.12209722222222222
19 0.6921875 0.04648611111111111 0.03503124999999994 0.08241666666666667
19 0.61074609375 0.056666666666666664 0.12785156250000007 0.11333333333333333
19 0.6009609375 0.10703472222222223 0.08148437499999997 0.21406944444444445
19 0.48099218749999995 0.14722222222222223 0.09065624999999997 0.18497222222222223
19 0.519625 0.05575694444444445 0.09581250000000008 0.1115138888888889
19 0.43411718750000006 0.059215277777777776 0.05871875000000006 0.11556944444444443
19 0.30941015625 0.015458333333333334 0.06707031250000002 0.03091666666666667