17 0.55815625 0.9183333333333332 0.07899999999999992 0.16333333333333322
4 0.3606484375 0.9125138888888888 0.12839062499999998 0.17497222222222225
17 0.55555078125 0.7651458333333333 0.06285156250000004 0.12998611111111108
17 0.44360546874999995 0.7228541666666667 0.08442968749999995 0.13476388888888885
18 0.30672265625 0.6753541666666667 0.050382812500000006 0.12404166666666659
17 0.69818359375 0.5748541666666667 0.058945312500000034 0.14915277777777775
0 0.65546875 0.6380486111111111 0.07578125 0.16334722222222217
14 0.58287890625 0.6099027777777778 0.07092968749999998 0.12291666666666666
18 0.43522265625 0.5589652777777777 0.06385156250000001 0.08929166666666662
19 0.55846875 0.5243055555555556 0.1789999999999999 0.21944444444444444
2 0.21334375 0.6234791666666666 0.04034374999999999 0.1233194444444444
7 0.338671875 0.5835555555555555 0.11373437500000003 0.13080555555555565
19 0.4558867187500001 0.4484861111111111 0.08489843750000006 0.11780555555555547
14 0.23402343750000001 0.5536736111111111 0.05445312500000003 0.07762499999999999
19 0.21659765625 0.45193055555555556 0.12907031250000003 0.16888888888888892
19 0.32203515625 0.4348125 0.14671093749999997 0.19018055555555552
10 0.5235703125000001 0.3869513888888889 0.1247187499999999 0.10262499999999998
17 0.76375 0.42270138888888886 0.06984375000000007 0.16318055555555558
10 0.6528906250000001 0.34124305555555556 0.08156250000000007 0.1591527777777778
19 0.7677109375000001 0.27019444444444446 0.08020312499999997 0.11388888888888889
19 0.5307187499999999 0.3158263888888889 0.049249999999999974 0.06129166666666666
14 0.627828125 0.20447916666666666 0.08699999999999992 0.1920138888888889
14 0.46869921875 0.26460416666666664 0.12661718749999995 0.20337500000000006
2 0.3215 0.2508125 0.12198437499999999 0.1867361111111111
19 0.7200390624999999 0.3050763888888888 0.041640624999999966 0.049874999999999954
19 0.41114843749999996 0.35058333333333336 0.10046874999999997 0.1365833333333334
18 0.41326171875 0.1599583333333333 0.1046953125 0.25366666666666665
19 0.27052343749999996 0.06863194444444445 0.06281249999999998 0.11706944444444443
3 0.31864453125000003 0.0626875 0.06788281249999999 0.125375
17 0.5040585937500001 0.07169444444444444 0.10638281250000006 0.14338888888888887
19 0.55927734375 0.07439583333333333 0.10132031250000004 0.14879166666666666
2 0.7715351562499999 0.12177083333333333 0.18946093749999998 0.2341527777777778
17 0.76646875 0.05458333333333333 0.08612500000000001 0.10916666666666666