3 0.566328125 0.8425347222222223 0.13953124999999994 0.3094305555555555
18 0.28747265624999996 0.7395208333333332 0.12072656249999998 0.24234722222222224
19 0.3180078125 0.49447916666666664 0.17153124999999997 0.22023611111111102
19 0.242484375 0.5600486111111111 0.08115625 0.2707916666666667
19 0.3050625 0.4450694444444444 0.06528124999999996 0.10447222222222226
2 0.7145781250000001 0.5001666666666666 0.09878125000000004 0.3294722222222223
18 0.28463671874999996 0.9575 0.05158593749999998 0.08500000000000006
19 0.78828125 0.975 0.03984375 0.05
17 0.84947265625 0.9026944444444445 0.08227343749999996 0.13333333333333333
17 0.70528125 0.7679097222222222 0.1285 0.18137499999999995
18 0.5494414062499999 0.50625 0.2216953125 0.4024999999999999
4 0.6402734375 0.6210902777777778 0.05159374999999997 0.10470833333333332
18 0.6981640625000001 0.4912777777777778 0.04248437500000009 0.11763888888888895
0 0.36705859375 0.4730763888888888 0.0632734375 0.13409722222222215
19 0.4174921875 0.5264791666666667 0.06470312499999994 0.1505972222222223
18 0.74558984375 0.2791041666666667 0.041929687500000055 0.08131944444444446
19 0.27004296875 0.3247777777777778 0.1397578125 0.12141666666666669
19 0.36930859375 0.36148611111111106 0.061945312500000016 0.0818888888888889
19 0.3129140625 0.25203472222222223 0.127078125 0.1426805555555556
2 0.599609375 0.1693472222222222 0.11593750000000007 0.14991666666666664
12 0.3478671875 0.12569444444444444 0.15246875000000001 0.23722222222222225
18 0.62421875 0.10380555555555555 0.11117187499999996 0.2076111111111111
19 0.6440742187499999 0.043097222222222224 0.061945312499999974 0.08619444444444445
18 0.51534375 0.03664583333333334 0.058921875000000054 0.07087500000000001
7 0.43839453125 0.05922916666666666 0.06988281250000003 0.11604166666666664
19 0.4741289062500001 0.5365486111111111 0.042882812500000075 0.09881944444444442
19 0.77035546875 0.16875 0.18102343750000002 0.3375
18 0.4432734375 0.36702083333333335 0.07829687500000002 0.15804166666666666
19 0.398109375 0.7953402777777777 0.1954375 0.4093194444444445