11 0.56728515625 0.8780972222222222 0.1667890625 0.2438055555555555
19 0.5379218750000001 0.8793333333333333 0.06009375000000006 0.24133333333333332
18 0.4921015625000001 0.8902152777777779 0.09873437500000008 0.1846805555555556
17 0.40688671874999993 0.8789930555555555 0.08327343749999998 0.15568055555555543
7 0.6667109375 0.6660138888888889 0.17573437500000005 0.35758333333333336
19 0.5682773437499999 0.7087222222222223 0.07652343750000004 0.24525000000000005
19 0.42758593750000007 0.7811388888888888 0.022640625000000015 0.030527777777777803
19 0.51632421875 0.6508958333333333 0.0392578125 0.21254166666666663
19 0.4907617187500001 0.7008541666666667 0.032960937500000044 0.06043055555555554
19 0.42740234375 0.6351944444444445 0.13702343749999996 0.23452777777777772
2 0.24148828125000002 0.6297152777777778 0.16174218749999997 0.2665138888888888
19 0.28830859375 0.4905208333333333 0.07633593750000003 0.24020833333333338
19 0.60393359375 0.4140416666666667 0.22400781250000001 0.3189166666666667
19 0.46782421875 0.45933333333333337 0.11867968750000006 0.17394444444444446
19 0.37971875 0.4102708333333333 0.07714062499999996 0.14298611111111115
19 0.4407109375 0.33495138888888887 0.08962500000000002 0.17215277777777777
19 0.48186718749999996 0.26454861111111116 0.06706249999999994 0.1298194444444445
19 0.55919140625 0.13631944444444447 0.13494531250000003 0.27263888888888893
19 0.36993359375 0.1928263888888889 0.05047656250000001 0.0567638888888889
19 0.44050781250000004 0.08659722222222221 0.030906249999999958 0.08975000000000001
4 0.36833984375 0.08496527777777778 0.1299140625 0.16993055555555556
19 0.33588671875 0.03277083333333333 0.0917890625 0.06554166666666666
19 0.28803125 0.09301388888888888 0.05975000000000001 0.08058333333333335
19 0.27252734375000004 0.03705555555555556 0.07633593750000003 0.07161111111111111