17 0.7983789062500001 0.9834652777777778 0.045273437500000034 0.03306944444444437
8 0.5740234375 0.9317986111111111 0.06742187499999996 0.1293194444444443
19 0.7657187500000001 0.5597361111111111 0.09226562500000002 0.2308333333333334
19 0.35040625 0.8767708333333333 0.408359375 0.2464583333333334
19 0.505 0.7536805555555556 0.07482812499999998 0.08988888888888892
19 0.37350000000000005 0.7510625 0.14156250000000004 0.1912916666666667
9 0.51690234375 0.6498611111111111 0.15066406249999992 0.17180555555555554
14 0.69108984375 0.6295624999999999 0.08017968750000008 0.19784722222222229
17 0.7592890625000001 0.7515625 0.07023437500000007 0.1085972222222223
19 0.3131953125 0.40170833333333333 0.220703125 0.46908333333333335
19 0.45101171874999996 0.4816250000000001 0.08382031249999997 0.18761111111111117
19 0.5648046875 0.42211111111111105 0.06673437500000005 0.10455555555555551
17 0.46898437499999995 0.32259722222222226 0.07342187500000001 0.14330555555555557
19 0.5820078125 0.29222916666666665 0.1030156250000001 0.23081944444444444
19 0.7235546875 0.20694444444444443 0.13445312499999992 0.12916666666666668
17 0.8196875 0.16062500000000002 0.08265625000000006 0.1745833333333333
17 0.39889843750000004 0.14936805555555555 0.07835937500000001 0.13781944444444444
19 0.32220703125 0.08744444444444445 0.09855468749999999 0.16877777777777778
19 0.4192421875 0.07499305555555556 0.08739062499999997 0.14665277777777777
15 0.55175390625 0.08833333333333333 0.17914843749999995 0.17666666666666667