19 0.7558984375 0.7465972222222221 0.404296875 0.5068055555555556
19 0.47692187500000005 0.9577777777777778 0.15368750000000003 0.08444444444444438
19 0.251140625 0.9145486111111112 0.08396875000000001 0.1709027777777777
8 0.46969140625000005 0.830763888888889 0.2542265625000001 0.22347222222222235
19 0.3810859375 0.7033402777777777 0.12234375000000001 0.14231944444444442
19 0.3637265625 0.5477847222222222 0.19284375000000004 0.32640277777777776
19 0.27365625 0.5822847222222223 0.06640625 0.14415277777777774
19 0.475484375 0.6239375 0.10015625000000003 0.20793055555555562
8 0.5673828125 0.5169791666666667 0.153515625 0.29345833333333327
17 0.37529296875 0.4072986111111111 0.05574218749999997 0.09440277777777782
17 0.180140625 0.5203472222222222 0.08507812499999998 0.13783333333333334
19 0.22959765625 0.47629166666666667 0.09011718750000001 0.09980555555555558
19 0.7294296875 0.40111111111111114 0.07570312500000007 0.12866666666666665
17 0.8071601562499999 0.2558055555555555 0.07369531249999994 0.14855555555555552
7 0.292546875 0.3536319444444444 0.11121875 0.18873611111111105
19 0.24256249999999996 0.32789583333333333 0.06359374999999998 0.08356944444444446
19 0.36391796875 0.2880347222222222 0.05196093749999999 0.1360694444444445
19 0.41457421875 0.4381666666666667 0.07077343749999998 0.21422222222222223
19 0.44853125 0.3247569444444444 0.13396875000000003 0.20676388888888889
19 0.4742265625 0.23675000000000002 0.07937499999999993 0.11433333333333333
19 0.8142460937499999 0.39529861111111114 0.08141406250000002 0.12726388888888887
19 0.6372578124999999 0.2788680555555556 0.026265624999999914 0.07426388888888892
8 0.5819140625 0.1635277777777778 0.06742187499999996 0.12933333333333333
19 0.24413671875 0.2589583333333333 0.08683593749999999 0.08725
19 0.7741484375 0.014930555555555556 0.05095312500000002 0.029861111111111113
19 0.3561328125 0.11236111111111112 0.408359375 0.22472222222222224