19 0.4621992187499999 0.9758958333333333 0.04403906249999991 0.04820833333333338
7 0.3625 0.8798611111111111 0.16953125 0.24027777777777778
18 0.5918359375 0.8652361111111111 0.21062499999999992 0.2695277777777777
10 0.5096796875 0.9657638888888889 0.053312500000000006 0.06847222222222216
19 0.57578125 0.9930555555555556 0.01796875 0.013888888888888888
19 0.75083984375 0.8816111111111111 0.1087890625 0.17549999999999985
19 0.29321875 0.8016597222222221 0.04914062499999998 0.15212499999999995
2 0.41394921875 0.6984236111111112 0.09502343750000004 0.2607083333333334
19 0.33053515625 0.584375 0.060507812500000036 0.25447222222222227
19 0.7821640624999999 0.5827361111111111 0.07595312500000002 0.09061111111111113
19 0.481125 0.7076111111111111 0.04020312500000003 0.08702777777777773
10 0.4844765625 0.5927916666666666 0.07904687500000004 0.31349999999999995
12 0.561109375 0.5602222222222223 0.1283125 0.25349999999999995
19 0.4259765625 0.5056458333333333 0.06387499999999999 0.20879166666666674
19 0.6420156250000001 0.4714999999999999 0.08139062500000005 0.13861111111111105
17 0.5775234375 0.3990694444444444 0.050484374999999915 0.07030555555555557
19 0.33766015625 0.5263888888888889 0.10360156250000001 0.16305555555555554
19 0.28320703125 0.3156597222222222 0.03967968749999997 0.0627083333333333
19 0.43240625 0.4093819444444444 0.054390624999999915 0.06373611111111109
19 0.42375390625 0.24883333333333332 0.05933593750000003 0.12550000000000003
19 0.4857265625 0.23649305555555553 0.06057812499999997 0.08154166666666664
17 0.5993046875 0.3148819444444444 0.08159375000000005 0.10329166666666663
8 0.5986875 0.19537500000000002 0.13475 0.2060277777777778
19 0.386390625 0.16875694444444445 0.021375000000000012 0.09331944444444444
19 0.37528515625000003 0.30677777777777776 0.018023437500000038 0.028999999999999995
19 0.30369140625 0.14930555555555555 0.04430468750000003 0.04388888888888888
19 0.557125 0.10234722222222221 0.04635937499999994 0.11538888888888886
12 0.44946875000000003 0.10139583333333332 0.12609375000000003 0.20279166666666665
17 0.22694140625 0.05224305555555555 0.09889843750000002 0.09890277777777778
17 0.52425 0.0544375 0.03834374999999994 0.07693055555555556
17 0.588546875 0.03765972222222222 0.09024999999999998 0.07531944444444444
17 0.4994843749999999 0.021777777777777778 0.040281249999999956 0.043555555555555556