19 0.45660156250000006 0.9900347222222221 0.016328125000000072 0.01993055555555543
19 0.5203125 0.9680555555555556 0.04609375 0.06388888888888888
2 0.31103515625 0.9061944444444443 0.09652343749999996 0.187611111111111
18 0.3200546875 0.9160138888888889 0.11487499999999998 0.1679722222222223
17 0.24038671875 0.9692777777777778 0.07169531249999998 0.061444444444444454
19 0.24383984375 0.8841458333333332 0.05882031249999997 0.11437499999999988
19 0.54966796875 0.8533680555555555 0.08944531250000001 0.12156944444444441
19 0.2370546875 0.8457986111111111 0.09814062500000001 0.1458472222222222
19 0.5365976562499999 0.7416944444444444 0.26411718749999996 0.19583333333333333
18 0.6996328125 0.6691805555555556 0.2236406249999999 0.2651666666666666
2 0.48542187499999995 0.8792847222222221 0.09440624999999994 0.24143055555555545
17 0.6322578125 0.8898333333333333 0.09000000000000004 0.13411111111111104
17 0.23003125 0.7610555555555556 0.05890624999999998 0.1750555555555555
2 0.228125 0.6450972222222222 0.06893750000000001 0.11275000000000009
19 0.34069531249999996 0.6043333333333334 0.06614062499999998 0.11716666666666668
19 0.41808984374999997 0.5535625 0.09444531250000003 0.1495416666666666
19 0.50284765625 0.6932222222222222 0.09191406250000007 0.16683333333333342
10 0.5875 0.566763888888889 0.159375 0.19366666666666674
18 0.7659453125000001 0.508125 0.10912499999999996 0.25416666666666665
17 0.5291015625 0.434625 0.05845312499999995 0.11486111111111118
19 0.40969140625 0.3935763888888889 0.12477343750000003 0.20720833333333338
19 0.66003515625 0.34019444444444447 0.18432031250000006 0.27974999999999994
19 0.58419140625 0.3243472222222222 0.06617968750000003 0.11438888888888887
19 0.2317734375 0.2703263888888889 0.06259375 0.11437500000000003
19 0.41076953125 0.24295833333333333 0.056992187500000034 0.11275
19 0.46721874999999996 0.21560416666666665 0.052390624999999955 0.057124999999999995
19 0.224265625 0.13861805555555556 0.07582812500000002 0.15115277777777775
19 0.17869140625000002 0.11274305555555555 0.02297656250000002 0.03404166666666665
19 0.31112109375 0.1956736111111111 0.08578906249999996 0.17020833333333335
19 0.38434375000000004 0.11750694444444443 0.048250000000000036 0.1007638888888889
19 0.46205078125000004 0.07509722222222222 0.10424218750000006 0.15019444444444444
19 0.23575390625000003 0.028999999999999995 0.06510156250000003 0.05447222222222222
19 0.29316015625 0.09143749999999999 0.05599218749999997 0.18287499999999998
19 0.325328125 0.07938888888888888 0.0774375 0.13344444444444442
19 0.60527734375 0.05759722222222222 0.04757031250000008 0.1143888888888889
0 0.37974609375 0.043986111111111115 0.057445312500000026 0.06263888888888888
17 0.33184375 0.015180555555555555 0.04296875 0.03036111111111111
17 0.5501679687500001 0.0664513888888889 0.08732031249999998 0.11029166666666666