17 0.3362265625 0.35204166666666664 0.08215624999999997 0.12463888888888887
17 0.45037109375 0.3974305555555555 0.09347656250000007 0.15772222222222218
8 0.59546875 0.7228472222222223 0.10500000000000007 0.2876111111111111
17 0.38798828125 0.8095972222222223 0.07080468750000005 0.12275000000000015
17 0.5922148437500001 0.9450069444444444 0.08978906250000004 0.10998611111111119
5 0.690625 0.9368055555555556 0.07265625 0.12638888888888888
2 0.7181835937499998 0.3508402777777778 0.16617968749999995 0.2527916666666667
17 0.6674179687499999 0.055 0.060945312499999994 0.11
12 0.5451171875 0.09444444444444444 0.10335937499999996 0.18888888888888888
18 0.5227929687499999 0.2650625 0.10041406249999998 0.1872361111111111
19 0.30534765625000004 0.23240277777777776 0.049664062500000036 0.07424999999999997
19 0.40940234374999995 0.7466527777777778 0.15739843750000002 0.15811111111111106
6 0.33168359375 0.9253055555555556 0.11305468750000003 0.14938888888888882
18 0.4727734375 0.9577777777777778 0.044296875000000034 0.0830555555555555
18 0.5020078124999999 0.7190694444444444 0.07373437500000009 0.16102777777777785
18 0.44431640625 0.8764583333333335 0.052695312500000036 0.07736111111111117
18 0.5495625 0.36949999999999994 0.03364062499999996 0.07022222222222219
19 0.44281640624999996 0.04039583333333333 0.11410156249999996 0.08079166666666666
13 0.3711328125 0.5977986111111111 0.131171875 0.24254166666666666
13 0.204921875 0.48840277777777774 0.041562500000000016 0.06930555555555552
12 0.42273046875000003 0.15424305555555556 0.1074296875 0.17318055555555556
3 0.34092968749999997 0.2879097222222222 0.12217187499999996 0.094875
18 0.29114062500000004 0.5497916666666666 0.03415625000000002 0.0470833333333333
19 0.7925390625000001 0.6204861111111111 0.016484375000000016 0.030972222222222158
19 0.8492539062499999 0.12729166666666666 0.03160156249999986 0.06136111111111112
8 0.7354062499999999 0.049166666666666664 0.054343749999999955 0.09833333333333333
18 0.11199218749999999 0.13903472222222224 0.10217187500000002 0.2780694444444445