10 0.5644609375 0.9382013888888889 0.05843749999999996 0.12359722222222223
19 0.2138046875 0.9426875 0.12537500000000001 0.11462499999999996
19 0.323046875 0.9375 0.08046875 0.125
7 0.40687890625000006 0.9253055555555556 0.1453046875 0.14938888888888882
14 0.4723046875 0.9018194444444444 0.09159375 0.19636111111111126
18 0.54922265625 0.8993611111111111 0.08400781249999997 0.183111111111111
17 0.3062421875 0.8507013888888889 0.078421875 0.14084722222222235
2 0.49281640625000006 0.7914722222222222 0.07219531250000007 0.15669444444444436
19 0.19475390624999997 0.8087916666666667 0.02294531249999998 0.036055555555555605
17 0.41642578124999996 0.7038402777777778 0.10239843749999995 0.17476388888888894
18 0.2831796875 0.6135972222222221 0.06668750000000001 0.19697222222222213
19 0.36129296875 0.7113402777777778 0.014289062499999972 0.03973611111111105
19 0.5742539062500001 0.6333541666666667 0.023195312500000044 0.04087499999999993
8 0.59164453125 0.5433263888888888 0.05421093750000008 0.1482083333333334
3 0.3958828125 0.4440138888888889 0.13714062500000002 0.23302777777777775
19 0.43675781249999995 0.5279444444444444 0.055546874999999926 0.08950000000000008
10 0.53234765625 0.4589791666666667 0.0820390625 0.2094583333333333
17 0.699734375 0.41108333333333336 0.09139062500000002 0.22097222222222226
3 0.43360546875 0.3070833333333333 0.03900781250000005 0.08322222222222224
19 0.76330078125 0.23786805555555557 0.18121093750000003 0.3018472222222222
19 0.31812109375 0.18616666666666665 0.05617968749999998 0.08633333333333335
19 0.2906328125 0.04600694444444445 0.07954687499999995 0.08993055555555556
19 0.51026171875 0.1460138888888889 0.04486718750000005 0.07975000000000002
0 0.5771171875000001 0.08871527777777778 0.06095312499999998 0.09881944444444445
3 0.39616015625 0.006604166666666666 0.049742187499999965 0.013208333333333332
15 0.555625 0.01159027777777778 0.03312500000000007 0.02318055555555556
19 0.4666171875 0.16439583333333332 0.025843749999999943 0.0390138888888889
19 0.5717148437499999 0.024805555555555556 0.0859453125 0.04961111111111111
18 0.11199218749999999 0.13903472222222224 0.10217187500000002 0.2780694444444445