19 0.40857421875 0.8339166666666666 0.031335937499999966 0.054944444444444365
19 0.68608203125 0.9658402777777777 0.05033593750000005 0.06831944444444452
19 0.625 0.9680555555555556 0.084375 0.06388888888888888
8 0.46816796875 0.9041388888888889 0.1324140625 0.19172222222222218
17 0.19826171874999998 0.9074097222222222 0.08035156250000001 0.18518055555555546
18 0.14580859375000002 0.922826388888889 0.02855468750000001 0.13187500000000008
18 0.5562421875 0.8563402777777779 0.08406249999999993 0.1384583333333334
19 0.542609375 0.9388263888888888 0.08035937499999993 0.12234722222222211
19 0.25873437499999996 0.8947916666666667 0.04818749999999996 0.21041666666666667
19 0.33216796875 0.887361111111111 0.11744531250000004 0.22527777777777785
19 0.48444140625000004 0.7501041666666667 0.11127343750000004 0.19454166666666659
19 0.39288671875 0.7532916666666667 0.10000781249999999 0.2
19 0.34666015625 0.754875 0.029664062500000022 0.03955555555555558
19 0.2772890625 0.7333263888888889 0.053156249999999974 0.11648611111111119
19 0.688453125 0.7121458333333334 0.029671875000000014 0.05715277777777782
18 0.1798046875 0.6388888888888888 0.09407812500000001 0.17191666666666663
19 0.49258203125 0.6204722222222222 0.13577343749999998 0.192111111111111
19 0.5680351562499999 0.6570625000000001 0.022523437499999945 0.027541666666666725
19 0.61375 0.5382847222222222 0.06242187500000007 0.1750694444444444
17 0.6571093749999999 0.5775416666666667 0.06356249999999992 0.16519444444444453
7 0.41020703125 0.5474166666666667 0.10497656249999995 0.17383333333333328
19 0.4405546875 0.4786041666666666 0.058375000000000024 0.09309722222222218
19 0.6888007812500001 0.3930069444444445 0.10385156250000005 0.17501388888888889
19 0.75503515625 0.46342361111111113 0.020601562499999913 0.03815277777777781
8 0.338890625 0.4244791666666667 0.1073125 0.1826805555555555
19 0.48596875000000006 0.3157777777777778 0.01381250000000005 0.03649999999999996
12 0.42458203125000005 0.3264652777777778 0.07821093749999997 0.12820833333333337
19 0.1863828125 0.2799166666666667 0.027468749999999976 0.07783333333333337
19 0.531078125 0.2143611111111111 0.05065624999999994 0.08988888888888887
19 0.49275390624999993 0.19116666666666668 0.021179687499999923 0.03261111111111112
19 0.6207499999999999 0.40211111111111114 0.05159374999999997 0.06850000000000007
10 0.542640625 0.3517152777777778 0.10829687499999992 0.16923611111111114
19 0.580828125 0.2853333333333333 0.07306249999999999 0.19216666666666668
18 0.5816953125 0.11150694444444444 0.10415624999999995 0.18681944444444443
19 0.73674609375 0.117 0.05161718749999995 0.10255555555555557
19 0.6110585937499999 0.07131944444444445 0.12991406249999998 0.1426388888888889
19 0.5064921875 0.07772916666666667 0.10209375000000005 0.15545833333333334
19 0.34165234375 0.04659722222222222 0.06500781250000003 0.09319444444444444
19 0.31333203125 0.08027083333333333 0.055726562500000035 0.14668055555555554
19 0.2582109375 0.09136111111111112 0.0711875 0.05861111111111111
15 0.7088749999999999 0.07753472222222223 0.09014062500000009 0.15506944444444445
19 0.35169140625 0.22097916666666664 0.0696328125 0.18859722222222225
19 0.43930468749999996 0.09813888888888889 0.13993749999999996 0.19627777777777777