9 0.36781640625 0.8333055555555556 0.2553671875 0.33338888888888885
19 0.57734375 0.9583333333333334 0.11328125 0.08333333333333333
14 0.23232421875 0.8909861111111111 0.08713281249999998 0.10980555555555548
19 0.52026171875 0.8981180555555556 0.10367968750000003 0.20376388888888894
19 0.48110937500000006 0.9805069444444443 0.027531250000000007 0.03898611111111102
19 0.649390625 0.9502777777777777 0.061765624999999956 0.09944444444444432
19 0.834359375 0.9260486111111111 0.04301562499999996 0.05490277777777774
19 0.709984375 0.7992847222222222 0.026015624999999966 0.04265277777777783
12 0.52976171875 0.7606041666666666 0.09955468750000004 0.16156944444444443
17 0.25674609375 0.6348402777777777 0.07172656249999995 0.1489861111111111
14 0.4779062499999999 0.6518472222222222 0.09793749999999993 0.13200000000000003
7 0.5696718749999999 0.6714791666666667 0.07014062499999998 0.1782361111111111
19 0.46290624999999996 0.7511875 0.05293749999999999 0.13176388888888882
19 0.37232421875000005 0.6130833333333333 0.14146093749999994 0.14772222222222225
12 0.48738281249999993 0.5517361111111111 0.08210937499999993 0.15044444444444435
19 0.22171484375 0.463625 0.08205468749999997 0.14294444444444437
19 0.39929296875 0.4372569444444444 0.11514843749999999 0.21451388888888884
13 0.5546757812499999 0.3749166666666667 0.21377343750000008 0.22316666666666662
8 0.5111874999999999 0.3703333333333333 0.11137499999999996 0.2254444444444444
17 0.32480078125 0.31055555555555553 0.11139843750000003 0.18038888888888885
17 0.449984375 0.3056527777777778 0.05073437500000004 0.11961111111111111
19 0.42076171875 0.2399652777777778 0.0341796875 0.0705972222222222
19 0.543421875 0.20627083333333332 0.13393750000000004 0.1694027777777778
19 0.8485742187499999 0.22312500000000002 0.0228515625 0.04513888888888889
19 0.52387890625 0.08545833333333333 0.07169531249999998 0.10980555555555556
16 0.3518203125 0.09515972222222223 0.12242187500000004 0.18843055555555555
19 0.4355859375000001 0.013791666666666666 0.04312500000000004 0.025694444444444443
17 0.62976171875 0.05155555555555555 0.09816406250000007 0.1031111111111111
17 0.7549453125 0.01822222222222222 0.03970312499999995 0.03644444444444444
10 0.7063593750000001 0.05841666666666667 0.05304687500000007 0.11683333333333334