14 0.1903515625 0.8540277777777779 0.12031249999999998 0.235638888888889
16 0.38600781250000005 0.8414166666666666 0.22537500000000002 0.31716666666666676
12 0.73255859375 0.9414861111111111 0.1417109374999999 0.11702777777777776
12 0.5569609375000001 0.9114930555555555 0.1229375000000001 0.17323611111111115
12 0.39009765625000004 0.692048611111111 0.08672656250000003 0.13129166666666664
11 0.4328984375 0.6147569444444444 0.085875 0.11026388888888887
19 0.475390625 0.9900694444444444 0.05500000000000007 0.019861111111111048
16 0.285 0.7363194444444444 0.07328124999999996 0.07152777777777777
19 0.25104296875 0.8216041666666666 0.049742187499999965 0.18206944444444434
18 0.8127421874999999 0.7807083333333333 0.026546875000000015 0.05169444444444448
16 0.7638359375 0.38529861111111113 0.22498437500000001 0.3835694444444444
14 0.46941796875 0.4684583333333333 0.07069531250000001 0.18308333333333324
19 0.21767187500000001 0.5376736111111111 0.07570312499999998 0.1516805555555556
8 0.31937499999999996 0.4162708333333333 0.23960937500000004 0.30004166666666665
16 0.5923203125 0.30302083333333335 0.11073437500000001 0.20506944444444442
14 0.4103359375 0.26413194444444443 0.09620312500000003 0.21298611111111115
2 0.5190859375 0.22254861111111113 0.03989062499999996 0.14509722222222224
19 0.18433203125 0.39143055555555556 0.07524218750000003 0.14197222222222225
18 0.2152890625 0.23451388888888888 0.05739062500000001 0.22569444444444445
19 0.70655078125 0.2865138888888889 0.1483515624999999 0.31991666666666674
19 0.58975 0.08821527777777778 0.16784374999999993 0.17643055555555556
19 0.27659765625 0.05227777777777778 0.12728906250000005 0.10455555555555555
19 0.637328125 0.8319930555555555 0.06496875000000006 0.11073611111111113
7 0.51043359375 0.754236111111111 0.08558593749999996 0.14174999999999993
18 0.52046875 0.45243055555555556 0.05093750000000004 0.15069444444444444
12 0.5833984375 0.9886319444444444 0.04242187499999996 0.02273611111111096
7 0.6205546875000001 0.9547986111111112 0.037093750000000016 0.06584722222222233
18 0.5935625 0.7518472222222223 0.08784375000000004 0.13352777777777783
3 0.5667500000000001 0.5653888888888888 0.08996875000000007 0.14705555555555555
19 0.1809765625 0.6531666666666667 0.08914062500000001 0.1768888888888889
17 0.481359375 0.17315972222222223 0.03229687499999993 0.10454166666666664
18 0.42898437500000003 0.12784722222222222 0.10328125000000003 0.15605555555555553
12 0.53520703125 0.10656944444444445 0.1609296875 0.2131388888888889
8 0.67578515625 0.07740972222222223 0.042335937500000045 0.09406944444444443