18 0.48164843749999997 0.9608541666666666 0.08310937500000008 0.07829166666666651
19 0.6517265625 0.9364861111111111 0.059375 0.12702777777777782
13 0.40546875 0.8951388888888889 0.175 0.20972222222222223
14 0.5004296875 0.8586180555555556 0.056375000000000064 0.13187500000000008
19 0.75673046875 0.7879652777777778 0.19749218749999997 0.3495416666666667
18 0.6699140625 0.7288125 0.13524999999999993 0.13029166666666658
19 0.55556640625 0.799951388888889 0.04302343749999995 0.08215277777777791
19 0.41387109375 0.7374652777777778 0.11271093749999998 0.23098611111111103
19 0.31548828125 0.9548055555555556 0.016335937499999974 0.04719444444444447
3 0.47221484374999995 0.6978402777777777 0.1409296874999999 0.22879166666666662
19 0.245359375 0.6352083333333334 0.08776562500000003 0.23538888888888893
19 0.33002343749999996 0.4874166666666666 0.14585937500000004 0.2231944444444445
12 0.543328125 0.5698541666666667 0.07789062500000003 0.14631944444444447
12 0.71574609375 0.5500277777777778 0.18052343750000005 0.29136111111111107
19 0.4462578125 0.5369027777777778 0.08901562500000004 0.1551111111111112
19 0.21753125 0.5017152777777777 0.1211875 0.18148611111111104
19 0.7460507812499999 0.3786388888888889 0.07541406249999998 0.14627777777777773
10 0.6520625 0.3385208333333333 0.105078125 0.20465277777777782
7 0.4451953125 0.3259513888888889 0.15617187500000002 0.44523611111111117
19 0.37083984375000006 0.3885694444444444 0.07911718750000003 0.13086111111111115
19 0.29678515625 0.28808333333333336 0.14341406249999994 0.26588888888888884
19 0.563203125 0.3430138888888889 0.053156249999999974 0.09450000000000003
19 0.54094921875 0.25180555555555556 0.06552343749999992 0.1098888888888889
13 0.49520703125 0.13971527777777779 0.10755468750000005 0.22418055555555558
19 0.38703515624999996 0.08697222222222223 0.06428906249999997 0.12747222222222224
3 0.37591015624999996 0.033590277777777774 0.09396093749999998 0.06718055555555555
19 0.4766640625 0.05949305555555555 0.11496875000000006 0.11209722222222224
7 0.3060625 0.1605902777777778 0.13228124999999996 0.19120833333333329
10 0.2844296875 0.053375 0.11373437500000003 0.10675
17 0.62130859375 0.057770833333333334 0.07788281250000004 0.11554166666666667
19 0.34925390625 0.48876388888888894 0.0934609375 0.052750000000000026
2 0.20503125 0.07349305555555556 0.16378125 0.1332361111111111