10 0.52797265625 0.9779513888888889 0.05088281250000008 0.044097222222222225
19 0.23770703124999998 0.8669166666666666 0.24413281250000002 0.2625555555555555
2 0.33323437499999997 0.8088125 0.13576562499999997 0.10173611111111111
12 0.5287578125 0.8559027777777778 0.09967187499999994 0.1681944444444443
3 0.61006640625 0.7204652777777778 0.25971093750000007 0.34101388888888884
8 0.29991796875 0.6853402777777778 0.20655468749999994 0.1996805555555556
19 0.2599765625 0.6012569444444444 0.07942187499999998 0.09437500000000007
2 0.7639375 0.6501180555555556 0.05978124999999999 0.10445833333333339
19 0.5880078125 0.9819444444444444 0.07289062499999996 0.03611111111111111
11 0.753375 0.5238611111111111 0.0859375 0.17816666666666664
2 0.635703125 0.47895138888888883 0.07596875 0.08004166666666666
16 0.54004296875 0.5325138888888888 0.07739843749999994 0.1323888888888888
18 0.34416796875 0.5308680555555555 0.13228906250000003 0.16134722222222217
19 0.43025 0.4762152777777778 0.055109374999999974 0.11779166666666659
19 0.38886328125 0.47725694444444444 0.046320312499999974 0.13862499999999991
19 0.52577734375 0.4253402777777778 0.13799218750000009 0.2060416666666667
19 0.44969140625000004 0.2664861111111111 0.14421093749999997 0.2771388888888888
19 0.645921875 0.3806666666666667 0.04928124999999994 0.10208333333333333
14 0.7153671875000001 0.36666666666666664 0.06754687500000003 0.08630555555555554
2 0.75990625 0.263625 0.189265625 0.11758333333333329
17 0.27818359375 0.2887708333333333 0.09214843750000004 0.16765277777777776
19 0.3379609375 0.30299999999999994 0.12101562499999999 0.29619444444444437
3 0.3586640625 0.07970833333333334 0.07092187499999998 0.15941666666666668
2 0.41744921875 0.06709722222222222 0.10338281249999999 0.13419444444444445
17 0.7107421875 0.0481875 0.06382812500000004 0.096375