19 0.24373046875 0.9436944444444444 0.07010156250000002 0.11261111111111101
19 0.17765625 0.9099236111111111 0.10153125000000003 0.18015277777777783
19 0.4204140625 0.952388888888889 0.048531249999999956 0.09522222222222215
17 0.2213984375 0.7908541666666666 0.0859375 0.14420833333333324
12 0.56650390625 0.795013888888889 0.09146093749999995 0.19583333333333333
19 0.49515624999999996 0.726111111111111 0.06101562499999993 0.1316666666666666
19 0.41001953125 0.706875 0.0331484375 0.06541666666666669
19 0.4357265625 0.7216250000000001 0.011531249999999993 0.023888888888888953
19 0.34990625 0.57025 0.06390624999999997 0.1065555555555556
17 0.431859375 0.551 0.05682812500000001 0.17788888888888896
19 0.574453125 0.6616041666666667 0.16539062500000004 0.13373611111111114
19 0.52578515625 0.5706041666666667 0.12171093749999998 0.10565277777777769
19 0.27822265625 0.5018750000000001 0.07755468749999998 0.1484166666666667
17 0.37580468749999996 0.5268680555555556 0.07074999999999995 0.23348611111111112
19 0.47310937500000005 0.45972916666666663 0.08940625000000005 0.17140277777777774
19 0.528796875 0.4678194444444444 0.04964062499999997 0.1452777777777778
12 0.3943515625 0.29575694444444445 0.12979687499999995 0.22481944444444446
16 0.5087421875 0.29413888888888895 0.14259375 0.23452777777777783
8 0.63516796875 0.1889375 0.05028906249999991 0.10620833333333331
19 0.7813671875 0.1569861111111111 0.06976562499999997 0.16702777777777778
19 0.46266406250000003 0.14307638888888888 0.11407812499999999 0.13587500000000002
19 0.59305078125 0.12041666666666667 0.10325781250000006 0.11216666666666669
17 0.8369335937500001 0.1074791666666667 0.07171093749999997 0.15962500000000002
8 0.70145703125 0.04172916666666667 0.13869531249999997 0.08345833333333334
14 0.8152578125 0.03145833333333333 0.07145312500000003 0.06291666666666666
19 0.38353125 0.052784722222222226 0.12440624999999997 0.10556944444444445
19 0.5217421875 0.013631944444444443 0.03004687500000003 0.027263888888888886