14 0.67174609375 0.9793333333333334 0.09775781250000008 0.04133333333333332
8 0.46953125 0.9888888888888889 0.025 0.022222222222222223
5 0.31094921875 0.9195555555555555 0.0944296875 0.16088888888888878
19 0.21016796875 0.9248888888888889 0.05363281249999998 0.09316666666666656
17 0.7719296875 0.6682013888888889 0.07279687500000005 0.16079166666666664
13 0.7491015625 0.6246944444444444 0.045218750000000085 0.08702777777777773
19 0.5944609375 0.7324930555555556 0.056265624999999986 0.05887500000000006
19 0.5329296875 0.610201388888889 0.21509374999999994 0.2557083333333334
19 0.3929609375 0.6980069444444443 0.11470312499999995 0.23920833333333327
19 0.22598046875 0.5836597222222223 0.041929687499999965 0.1352361111111111
8 0.32932421875 0.5403333333333333 0.10213281250000002 0.19761111111111107
12 0.30748437500000003 0.6166458333333333 0.06948437500000004 0.1164305555555556
0 0.464265625 0.4809444444444444 0.047531249999999935 0.04705555555555555
19 0.60125 0.4842777777777778 0.025484374999999913 0.03333333333333333
19 0.3161953125 0.6003541666666666 0.09043749999999999 0.15490277777777775
19 0.53147265625 0.40318750000000003 0.29908593749999995 0.13356944444444444
19 0.4739140624999999 0.3898958333333334 0.04499999999999993 0.06523611111111115
19 0.43348437500000003 0.37047222222222226 0.04289062500000007 0.068
19 0.38326953124999996 0.35888888888888887 0.10497656250000001 0.13894444444444443
17 0.20270312500000004 0.31353472222222223 0.06353124999999997 0.12940277777777776
19 0.6221953124999999 0.33824305555555556 0.06365625000000001 0.11293055555555556
19 0.7029960937499999 0.2923611111111111 0.11117968749999996 0.2
19 0.326453125 0.26765277777777774 0.043671874999999985 0.0753055555555556
8 0.44689453125 0.1632638888888889 0.2369140625 0.29347222222222225
17 0.5918203125 0.2451736111111111 0.09264062499999995 0.17673611111111112
10 0.7148515625 0.1267361111111111 0.07423437499999999 0.2534722222222222
16 0.49294140625000005 0.8049722222222221 0.09275781250000001 0.15111111111111106
19 0.2093203125 0.10365277777777777 0.05293749999999999 0.11058333333333334
19 0.822640625 0.06553472222222223 0.041031249999999984 0.04940277777777777