17 0.38290625 0.9586597222222223 0.0841875 0.08268055555555552
11 0.53671875 0.8680555555555556 0.11875 0.2638888888888889
0 0.17666796875000002 0.9643819444444445 0.045195312500000015 0.07123611111111106
17 0.23449218749999998 0.9166666666666666 0.08460937499999999 0.16666666666666666
8 0.45628515625 0.9037569444444443 0.08555468749999999 0.192486111111111
19 0.6085234375 0.9053888888888889 0.06906250000000007 0.18922222222222224
19 0.28984375 0.9847222222222223 0.053125 0.030555555555555555
19 0.269140625 0.7821874999999999 0.08287500000000003 0.3263194444444445
19 0.31739453125 0.8427777777777777 0.057320312500000005 0.1372499999999999
19 0.33308593750000004 0.936236111111111 0.061875000000000034 0.11372222222222238
19 0.38060156250000005 0.8583472222222223 0.07384375000000003 0.12972222222222235
17 0.5861328125 0.7733194444444444 0.049609375 0.12122222222222219
19 0.19594140625 0.9180277777777778 0.06264843749999997 0.1639444444444444
19 0.76412109375 0.6099652777777778 0.1347734374999999 0.2630694444444444
18 0.2353046875 0.6466666666666667 0.06432812500000003 0.17569444444444443
18 0.2890078125 0.5305972222222223 0.05617187499999998 0.11611111111111114
7 0.50805859375 0.5911527777777777 0.12013281249999999 0.11172222222222229
2 0.44453125 0.7463888888888889 0.12509374999999995 0.14741666666666672
19 0.54228515625 0.7003402777777777 0.0689453125 0.0898472222222223
17 0.432015625 0.6541944444444444 0.029875000000000006 0.05174999999999999
19 0.40891406249999995 0.6327847222222222 0.08807812500000001 0.1557916666666666
7 0.64873046875 0.4764375 0.12132031249999997 0.16470833333333337
12 0.46785546875 0.4401666666666666 0.11694531250000004 0.21755555555555553
18 0.37683203125 0.5264236111111111 0.05850781249999999 0.17048611111111112
6 0.373546875 0.36372916666666666 0.15773437500000004 0.18629166666666666
19 0.7452421875 0.4127291666666667 0.054031250000000065 0.11956944444444449
18 0.5566171875 0.41958333333333336 0.07614062500000003 0.21955555555555561
8 0.6321796875 0.3705833333333333 0.09928124999999995 0.1684722222222222
19 0.21858203125000003 0.3352569444444444 0.09485156249999997 0.12156944444444441
17 0.37246484375 0.18621527777777777 0.06069531250000004 0.14895833333333333
19 0.5483515625000001 0.168625 0.2581093750000001 0.3294166666666667
19 0.62832421875 0.2882013888888889 0.08713281249999998 0.1372638888888889
19 0.41325390625 0.2764375 0.03639843749999998 0.09412499999999997
19 0.708828125 0.18628472222222223 0.07828125000000004 0.1882638888888889
12 0.7518593750000001 0.12251388888888888 0.06728124999999992 0.10391666666666666
17 0.6917460937500001 0.049 0.08161718750000002 0.098
19 0.42648828125 0.08722222222222221 0.06507031249999998 0.08822222222222223
19 0.3498359375 0.07741666666666666 0.028671875000000034 0.09216666666666665
19 0.78251953125 0.37075 0.017648437499999937 0.03333333333333333
19 0.33086328125 0.30506944444444445 0.05846093750000003 0.08627777777777779