12 0.5879921875 0.9341875000000001 0.15984374999999992 0.13162499999999996
19 0.38033593750000005 0.9489305555555556 0.09264062499999999 0.10213888888888883
19 0.46897656249999997 0.9762291666666667 0.11290624999999999 0.04754166666666669
11 0.2987890625 0.8673333333333334 0.079984375 0.2653333333333333
19 0.22435156250000002 0.9199305555555556 0.08585937499999999 0.1541388888888889
19 0.70137890625 0.9428263888888888 0.10267968750000005 0.11434722222222213
19 0.76208984375 0.8268402777777777 0.11285156250000003 0.16504166666666656
17 0.46192968749999996 0.9215138888888889 0.09481249999999992 0.09738888888888873
19 0.48128125 0.8618819444444443 0.1369375 0.22965277777777765
19 0.53694921875 0.7788958333333332 0.16208593750000003 0.2272083333333333
19 0.21835546875 0.7952291666666668 0.05607031249999998 0.101375
12 0.58478125 0.6627361111111112 0.11624999999999996 0.16877777777777783
19 0.42530078125 0.6440972222222222 0.1374765625 0.14119444444444448
3 0.635734375 0.5174930555555556 0.17335937500000007 0.3605138888888888
19 0.7382109375 0.6375624999999999 0.05798437500000002 0.1867916666666666
19 0.7395039062500001 0.5064444444444445 0.1100703124999999 0.13511111111111107
19 0.42933593750000004 0.5676736111111111 0.17267187499999997 0.20256944444444447
0 0.2329140625 0.6749652777777777 0.05278124999999996 0.07765277777777774
19 0.727390625 0.4483055555555556 0.03615624999999998 0.0893888888888889
19 0.5718906250000001 0.40774305555555557 0.049125000000000085 0.16281944444444446
19 0.53953515625 0.38463194444444443 0.052382812499999966 0.13926388888888885
19 0.48038671875 0.3510763888888889 0.12130468749999998 0.1427638888888889
19 0.40822265625 0.41191666666666665 0.03569531250000004 0.07088888888888883
11 0.39344921875 0.1862638888888889 0.1256484375 0.24586111111111109
14 0.48644140625 0.21854166666666666 0.05766406249999996 0.09680555555555553
10 0.6021054687499999 0.2521805555555555 0.1327109374999999 0.18075
17 0.31707421875 0.3214583333333333 0.1018515625 0.1698333333333333
2 0.25055468750000004 0.17233333333333334 0.14360937499999998 0.2368888888888889
19 0.19450390625000002 0.31971527777777775 0.05196093750000001 0.15806944444444448
8 0.6443515625 0.16270138888888888 0.06487499999999997 0.11384722222222222
19 0.6898359375 0.10202083333333332 0.08514062500000001 0.15431944444444443
19 0.75921875 0.1701388888888889 0.07609375000000007 0.1408333333333333
18 0.85346484375 0.07311111111111111 0.05614843749999991 0.14622222222222223
3 0.52974609375 0.11474305555555554 0.1103515625 0.16781944444444447
3 0.5841640625 0.033479166666666664 0.09268750000000008 0.06695833333333333
8 0.47927734375000003 0.04874305555555555 0.12542968749999997 0.0974861111111111
19 0.21812499999999999 0.059708333333333335 0.0953125 0.11941666666666667
19 0.32832812499999997 0.05436805555555556 0.10440624999999999 0.10873611111111112