19 0.37045703125 0.9651180555555555 0.0692421875 0.06976388888888892
19 0.7404375 0.9609513888888889 0.03909374999999997 0.07809722222222225
19 0.23703124999999997 0.926513888888889 0.03792187499999997 0.06441666666666682
19 0.4692656250000001 0.7895138888888888 0.13134374999999993 0.1393055555555555
11 0.55088671875 0.6838402777777778 0.09772656249999993 0.2619305555555555
19 0.628625 0.8000833333333334 0.061406249999999926 0.10166666666666672
19 0.20451171875 0.7881041666666667 0.058867187500000015 0.11034722222222229
19 0.3996796875 0.6706527777777778 0.070609375 0.1054722222222223
7 0.22614453125000003 0.60175 0.14916406250000003 0.3736111111111111
8 0.6754453125000001 0.5872847222222222 0.252109375 0.35993055555555553
19 0.8189804687499999 0.5732986111111111 0.05232031249999993 0.10787499999999994
19 0.41918750000000005 0.45581944444444444 0.060484375000000014 0.18947222222222215
2 0.63708203125 0.34236805555555555 0.3705234374999999 0.436125
19 0.4350546875 0.6641805555555556 0.06910937500000003 0.1528055555555556
19 0.23560546875 0.20530555555555555 0.09191406249999998 0.2677222222222222
14 0.37312500000000004 0.2615277777777778 0.17132812499999997 0.19388888888888892
19 0.60516796875 0.3210416666666666 0.2195078125 0.49930555555555556
11 0.8359296875 0.08680555555555555 0.07876562500000003 0.1736111111111111
19 0.53290625 0.15964583333333332 0.12503124999999998 0.20540277777777777
17 0.57060546875 0.07087500000000001 0.07417968750000004 0.13480555555555557
19 0.61865234375 0.05715972222222222 0.05055468750000003 0.11431944444444445
19 0.43749609375 0.13527777777777777 0.10952343750000004 0.18277777777777773
19 0.51024609375 0.033937499999999995 0.09783593750000001 0.06787499999999999