19 0.51009375 0.9862500000000001 0.044656250000000064 0.027499999999999938
19 0.28393359375 0.9907916666666666 0.027554687499999987 0.018416666666666654
19 0.4375 0.9041666666666667 0.12734375 0.19166666666666668
17 0.54171875 0.8398333333333334 0.057609375000000004 0.10338888888888896
17 0.60644140625 0.906638888888889 0.0822265625 0.13322222222222233
19 0.7613085937499999 0.6182291666666667 0.2564453124999999 0.5939583333333334
19 0.58151953125 0.8032083333333333 0.11263281250000005 0.19772222222222233
19 0.41769531249999997 0.7841527777777778 0.06023437499999997 0.0749444444444445
19 0.45906250000000004 0.7122569444444443 0.07640624999999997 0.17601388888888891
19 0.1858359375 0.6956180555555556 0.11370312499999997 0.285125
17 0.32303125 0.6420138888888889 0.050046874999999956 0.08041666666666664
19 0.385734375 0.7170138888888888 0.07842187500000004 0.1692222222222222
19 0.3603984375 0.49466666666666664 0.1721875 0.30236111111111114
19 0.431421875 0.5657708333333333 0.10075000000000003 0.15109722222222216
19 0.517 0.6621180555555556 0.06174999999999997 0.12004166666666675
19 0.5630234375 0.5843611111111111 0.10671874999999993 0.2820833333333333
19 0.46753515625000003 0.5220694444444445 0.05977343749999999 0.1511388888888888
18 0.218515625 0.3678680555555556 0.07281250000000002 0.11584722222222218
19 0.6688671875 0.4249444444444445 0.14039062500000005 0.28541666666666665
18 0.27888671875000004 0.2543611111111111 0.07477343750000003 0.09752777777777781
19 0.45390234375 0.12875 0.13221093750000001 0.2575
19 0.5446171875 0.10975 0.07951562499999998 0.2195
19 0.58015625 0.2378888888888889 0.13656249999999998 0.22672222222222224
19 0.6743359375000001 0.24444444444444444 0.06575000000000006 0.10919444444444446
18 0.70108203125 0.06513194444444445 0.05363281250000007 0.1302638888888889
18 0.11199218749999999 0.13903472222222224 0.10217187500000002 0.2780694444444445