19 0.38040625 0.9332291666666666 0.049687500000000016 0.12845833333333334
19 0.5067031249999999 0.8413611111111111 0.23046875 0.3172777777777779
19 0.51796875 0.8583333333333333 0.21015625 0.2833333333333333
8 0.63208203125 0.9305555555555556 0.08422656249999996 0.1388888888888889
19 0.34271484375 0.8861249999999999 0.05353906249999998 0.09708333333333347
19 0.66312109375 0.7352986111111111 0.09010156249999994 0.14398611111111112
14 0.8405078125 0.875736111111111 0.18039062500000008 0.24852777777777785
19 0.63146484375 0.7817500000000001 0.025757812500000022 0.04577777777777783
19 0.52155859375 0.6599375 0.11416406250000008 0.12609722222222217
19 0.4246796875 0.6408194444444444 0.051515625000000044 0.08975000000000001
19 0.22214062500000004 0.5359791666666667 0.05943750000000001 0.392375
9 0.266359375 0.4850416666666666 0.14624999999999996 0.21305555555555553
11 0.6097890625 0.6523888888888889 0.14764062500000003 0.1990833333333333
19 0.6914179687500001 0.618986111111111 0.09872656249999992 0.11688888888888885
12 0.44910156249999994 0.5686527777777778 0.08759374999999991 0.17616666666666672
10 0.74533984375 0.5220069444444444 0.09694531249999994 0.09706944444444443
19 0.8006796875000001 0.2678680555555556 0.18129687499999997 0.34648611111111116
19 0.537015625 0.32808333333333334 0.19606250000000003 0.5006111111111111
19 0.42482421875 0.4089930555555556 0.06799218749999998 0.15448611111111113
19 0.30825 0.3982361111111111 0.18068749999999997 0.23686111111111105
19 0.5879375 0.5201805555555556 0.05459375000000009 0.08241666666666671
15 0.6597265625000001 0.44114583333333335 0.14665625000000002 0.33295833333333336
19 0.23946874999999998 0.21647916666666667 0.15453124999999998 0.21934722222222222
19 0.36151171875 0.24225694444444446 0.09889843749999998 0.15006944444444445
19 0.408390625 0.31106944444444445 0.09024999999999998 0.1318611111111111
19 0.4439921875 0.18629166666666666 0.08298437500000003 0.14980555555555558
19 0.603125 0.163125 0.11999999999999993 0.16708333333333336
19 0.4100703125 0.12683333333333333 0.07906250000000004 0.11294444444444443
7 0.8333203125 0.12604166666666666 0.185546875 0.24597222222222226
7 0.7170390624999999 0.07944444444444444 0.05751562499999992 0.15888888888888889
19 0.6964296875 0.19016666666666668 0.05751562499999992 0.1327777777777778
19 0.44097656250000006 0.015340277777777777 0.053312500000000006 0.030680555555555555
10 0.19372265624999999 0.05425694444444444 0.12371093750000002 0.10545833333333335
10 0.6230273437499999 0.03823611111111111 0.10302343749999991 0.07341666666666667