19 0.32227734375 0.9661111111111111 0.06253906249999996 0.06777777777777771
19 0.39249609375 0.8734375 0.1360703125 0.253125
19 0.5470312500000001 0.9605555555555556 0.05078125 0.07888888888888883
19 0.7592109375 0.8154861111111112 0.04346875000000008 0.07069444444444457
7 0.65985546875 0.8054930555555555 0.22269531249999996 0.3227638888888888
19 0.46003124999999995 0.9323333333333333 0.06493749999999991 0.13533333333333342
19 0.48405859375000004 0.8774375 0.08591406250000003 0.245125
19 0.509046875 0.7508888888888888 0.10001562499999998 0.2429722222222223
19 0.35193359375 0.676423611111111 0.12708593749999997 0.2717083333333333
19 0.43474218750000004 0.7388194444444445 0.07381250000000002 0.21372222222222229
17 0.44524609374999996 0.5632291666666667 0.10872656250000001 0.16870833333333338
16 0.638390625 0.5712361111111112 0.09632812499999996 0.1468055555555556
2 0.685921875 0.45285416666666667 0.25914062499999996 0.3776527777777777
19 0.45994140625 0.46121527777777777 0.047476562499999986 0.07131944444444448
19 0.4657265625 0.5103958333333334 0.04242187499999996 0.04334722222222227
19 0.507265625 0.47687500000000005 0.07553125000000005 0.14650000000000002
19 0.274484375 0.9425625 0.07087500000000002 0.11487500000000005
19 0.23125390625 0.47988888888888886 0.1249921875 0.10241666666666668
7 0.22200390625000002 0.3954444444444445 0.0958359375 0.13944444444444443
2 0.38791015625 0.26381944444444444 0.17800781250000003 0.20041666666666672
3 0.785484375 0.16772916666666668 0.15309375000000003 0.26656944444444447
19 0.58827734375 0.21902777777777777 0.23532031250000002 0.2708333333333333
19 0.5117578125000001 0.13524999999999998 0.11226562500000004 0.1952222222222222
19 0.39079296874999997 0.1411597222222222 0.0690390625 0.08315277777777777
19 0.30983984375 0.12475694444444443 0.06141406250000001 0.11534722222222224
16 0.362703125 0.043048611111111114 0.11118749999999995 0.08609722222222223
17 0.4459765625 0.03108333333333333 0.056640625 0.06216666666666666
8 0.49601171875000005 0.022118055555555557 0.045039062500000074 0.044236111111111115
19 0.5359687500000001 0.025625 0.04798437500000006 0.05125
19 0.6105859375 0.043305555555555555 0.10242187499999993 0.08661111111111111