19 0.32571484375000004 0.8011041666666666 0.08777343750000002 0.39779166666666677
5 0.43018359375 0.959298611111111 0.06428906249999997 0.08140277777777764
17 0.419671875 0.8841041666666668 0.1125 0.10329166666666652
17 0.8109453125 0.7700625000000001 0.07168750000000008 0.11595833333333334
19 0.699609375 0.7843333333333333 0.14596874999999992 0.2807499999999999
19 0.5123320312499999 0.8225416666666667 0.0878984375 0.2308333333333334
19 0.46102734375 0.7975347222222222 0.13116406249999996 0.12259722222222219
19 0.37393359375 0.814875 0.05316406249999996 0.05713888888888903
19 0.39124218749999995 0.7126805555555555 0.12485937499999995 0.18680555555555556
19 0.478953125 0.6514236111111111 0.08542187499999994 0.15987500000000002
19 0.3640390625 0.6950972222222221 0.07293749999999996 0.0901111111111111
12 0.35221484375 0.46674305555555556 0.15592968749999997 0.3225972222222222
0 0.49446875000000007 0.5555347222222222 0.05192187500000003 0.09670833333333333
19 0.2676171875 0.46347222222222223 0.050687499999999996 0.20172222222222225
19 0.45175390625 0.5149027777777778 0.06316406249999992 0.19555555555555548
19 0.4950234375 0.43381250000000005 0.07553125000000005 0.07201388888888892
12 0.5853359375 0.5016944444444444 0.053156249999999974 0.1120833333333334
3 0.5135703125 0.28413194444444445 0.1274531249999999 0.28354166666666664
19 0.42091406249999996 0.3854930555555556 0.035781249999999966 0.09845833333333331
19 0.43636328125000007 0.2390625 0.03955468750000009 0.08354166666666664
18 0.32690625 0.21840277777777778 0.09040625000000002 0.28736111111111107
19 0.7540234375 0.13381944444444444 0.17320312500000004 0.26763888888888887
19 0.6131289062499999 0.1909722222222222 0.0494140625 0.06972222222222221
19 0.30655859375 0.044548611111111115 0.1087890625 0.08570833333333334
8 0.44062890625 0.04234722222222222 0.1101484375 0.07252777777777777
19 0.5432421875 0.0074375000000000005 0.01125000000000007 0.014875000000000001