2 0.2057421875 0.9359375 0.09773437500000001 0.128125
19 0.31083984375 0.9565694444444445 0.07066406250000004 0.08686111111111106
19 0.49015234375 0.9840347222222222 0.021867187500000006 0.031930555555555566
17 0.37450390625 0.9605347222222221 0.06136718750000001 0.07893055555555545
19 0.57018359375 0.9477361111111111 0.09442968749999991 0.10452777777777776
17 0.46156640624999995 0.8869375 0.07619531249999997 0.16012499999999996
19 0.34598046875 0.8704444444444444 0.13650781250000002 0.17683333333333323
10 0.6201328125 0.8656319444444445 0.1799687500000001 0.25037499999999996
12 0.26823046875 0.7699375 0.12807031250000006 0.2223750000000001
2 0.4146875 0.6991180555555556 0.11812500000000004 0.3093472222222223
19 0.50740234375 0.7359305555555555 0.08453906250000003 0.16330555555555554
2 0.61721484375 0.7561597222222222 0.11025781250000008 0.27509722222222216
19 0.54647265625 0.5585138888888889 0.2212890625 0.4585277777777778
19 0.78326171875 0.6712083333333333 0.13480468749999996 0.3325833333333333
18 0.49173437499999995 0.6293124999999999 0.06896874999999998 0.1219305555555555
19 0.2427734375 0.45576388888888886 0.12054687499999998 0.4010277777777778
3 0.362984375 0.39890277777777783 0.07346874999999997 0.10780555555555556
19 0.3697265625 0.49274999999999997 0.04523437499999998 0.08738888888888884
19 0.73685546875 0.4955972222222222 0.16175781250000004 0.25175
18 0.4104453125 0.3948888888888889 0.08285937499999996 0.15477777777777774
19 0.61081640625 0.3459027777777778 0.08088281249999998 0.13033333333333338
19 0.70309765625 0.28341666666666665 0.12052343749999998 0.2612777777777778
19 0.8673828125 0.21368055555555554 0.11710937500000007 0.15180555555555558
10 0.38066015625 0.11944444444444445 0.06008593750000002 0.2388888888888889
19 0.8444296874999999 0.09095138888888889 0.0579218749999999 0.09884722222222221
2 0.2984375 0.25929166666666664 0.07234375000000001 0.09663888888888887
18 0.11199218749999999 0.13903472222222224 0.10217187500000002 0.2780694444444445