19 0.99477734375 0.01670138888888889 0.010445312499999915 0.03340277777777778
19 0.283984375 0.96875 0.08984375 0.0625
19 0.5263515624999999 0.9739444444444445 0.07273437499999993 0.05211111111111109
19 0.662109375 0.9618055555555556 0.15 0.0763888888888889
19 0.69063671875 0.8943125 0.1267578125 0.21137500000000006
10 0.5146015625 0.8700347222222223 0.12345312499999998 0.1460416666666668
19 0.5037499999999999 0.6711527777777777 0.17898437499999992 0.3116944444444444
5 0.7365585937500001 0.8021180555555555 0.09758593750000007 0.1709583333333332
13 0.33695703125000004 0.5122222222222222 0.20032031250000007 0.3820833333333334
2 0.506671875 0.3821458333333333 0.24773437499999998 0.41984722222222215
10 0.6195078125 0.5456527777777778 0.08562499999999992 0.2827777777777778
3 0.77652734375 0.45902777777777776 0.1061640624999999 0.12713888888888883
19 0.22492578124999998 0.5338680555555555 0.016257812499999958 0.04840277777777781
19 0.27512890624999997 0.4061111111111111 0.07310156249999995 0.1294166666666667
14 0.265234375 0.3167847222222222 0.06290624999999998 0.09362499999999996
3 0.30605078125 0.2874861111111111 0.11117968749999996 0.1335
10 0.40941015625000005 0.23028472222222224 0.11602343749999999 0.12831944444444443
12 0.6139179687499999 0.16092361111111111 0.08771093749999999 0.164375
19 0.6981796875 0.1559375 0.11051562500000003 0.22951388888888888
19 0.74894921875 0.09255555555555556 0.05322656250000009 0.13652777777777775
19 0.57145703125 0.02398611111111111 0.033164062500000036 0.04797222222222222
19 0.40932421874999997 0.14288888888888887 0.0677734375 0.11702777777777776
19 0.40810546875 0.043055555555555555 0.06436718750000003 0.08611111111111111
19 0.35422265625000005 0.13899999999999998 0.026820312500000033 0.04161111111111112
19 0.35032421875 0.058194444444444444 0.0697265625 0.11638888888888889
18 0.30375390625 0.03395833333333333 0.0809453125 0.06791666666666667
19 0.24402343749999997 0.023118055555555555 0.047296874999999974 0.04623611111111111
18 0.193796875 0.025722222222222223 0.044374999999999984 0.051444444444444445
18 0.11199218749999999 0.13903472222222224 0.10217187500000002 0.2780694444444445