19 0.503125 0.9388888888888889 0.11484375 0.12222222222222222
19 0.5971640625 0.9774513888888888 0.07917187499999993 0.04509722222222226
2 0.7375546875 0.8082916666666667 0.2504687499999999 0.3834166666666666
3 0.7808515625 0.8501319444444445 0.10370312500000009 0.21568055555555551
19 0.19453125 0.8944444444444445 0.10625 0.2111111111111111
2 0.1408671875 0.9328472222222222 0.05095312500000002 0.13430555555555562
11 0.26780078125 0.9124513888888888 0.08072656250000003 0.17509722222222213
19 0.336671875 0.9843541666666666 0.03650000000000002 0.03129166666666663
10 0.803515625 0.9631944444444445 0.07890625 0.07361111111111111
18 0.5557109375 0.8955347222222222 0.07376562500000006 0.10279166666666666
19 0.29458984374999997 0.6238402777777777 0.1365234375 0.4893472222222221
18 0.4104140625 0.8407708333333334 0.09034375000000003 0.19859722222222223
14 0.3562265625 0.7691180555555556 0.07185937500000002 0.16554166666666675
3 0.4890429687499999 0.8201180555555556 0.1417109374999999 0.3003472222222222
2 0.49317578125000006 0.7978541666666665 0.1010859374999999 0.184375
19 0.41734375 0.6339513888888889 0.09435937499999998 0.21951388888888881
1 0.47932812500000005 0.6588402777777778 0.05775000000000006 0.10987499999999994
14 0.58602734375 0.6809861111111112 0.1004765625000001 0.21427777777777782
11 0.7178125000000001 0.6763680555555555 0.061875000000000034 0.23773611111111106
11 0.65911328125 0.6480763888888889 0.0486328125 0.3100416666666667
10 0.570703125 0.5299027777777778 0.14015625000000007 0.18052777777777781
18 0.18406640624999998 0.6330208333333333 0.023585937499999998 0.060486111111111046
0 0.410953125 0.41861111111111116 0.10246875000000003 0.15869444444444444
16 0.4917382812500001 0.4564236111111111 0.05910156250000007 0.09756944444444444
17 0.5435195312500001 0.4426041666666667 0.060507812500000036 0.09568055555555553
17 0.600796875 0.4315 0.071484375 0.08538888888888892
17 0.42151562499999995 0.2003611111111111 0.06665624999999994 0.12155555555555553
17 0.4329375 0.2904027777777778 0.08443749999999998 0.13655555555555554
17 0.49203515625000005 0.3143958333333333 0.05910156250000007 0.15462499999999998
11 0.53890234375 0.27688194444444447 0.031257812499999996 0.12156944444444441
14 0.50343359375 0.37444444444444447 0.03461718749999996 0.04952777777777773
19 0.58659765625 0.35793749999999996 0.11144531250000007 0.10656944444444447
17 0.45311328125 0.09706250000000001 0.05235156249999999 0.13059722222222223
11 0.64140625 0.1042013888888889 0.11484375 0.141875
2 0.521921875 0.057909722222222224 0.07682812499999994 0.11581944444444445
19 0.22008203124999998 0.07529861111111112 0.0692265625 0.06904166666666668
17 0.28340624999999997 0.06329166666666668 0.069234375 0.12608333333333333
19 0.3707890625 0.07517361111111111 0.09878125000000004 0.15034722222222222
18 0.56769140625 0.1884791666666667 0.022273437499999993 0.029180555555555543