19 0.24609375 0.9541666666666667 0.08125 0.09166666666666666
14 0.31807421874999997 0.9723611111111111 0.07807031250000004 0.05527777777777772
19 0.5428515625 0.9723611111111111 0.06934375 0.05527777777777772
19 0.38671875 0.9097222222222222 0.20390625 0.18055555555555555
19 0.6218046875 0.7615625 0.12906250000000002 0.1773472222222223
19 0.43470703125000004 0.7443680555555555 0.09835156250000003 0.2782361111111111
19 0.5088203125 0.7700625000000001 0.06360937500000005 0.10401388888888903
19 0.55452734375 0.6418611111111111 0.14397656249999996 0.1798611111111111
8 0.61697265625 0.5086736111111111 0.1642578125 0.3848472222222221
17 0.47807031250000004 0.6681458333333332 0.08371875000000006 0.1480138888888888
19 0.3382734375 0.5572916666666666 0.0828125 0.15249999999999994
19 0.40676562499999996 0.6019166666666667 0.04221874999999997 0.07569444444444444
12 0.233890625 0.8242708333333334 0.0995 0.20381944444444444
19 0.52216796875 0.48230555555555554 0.09464843750000007 0.21683333333333335
3 0.7262070312500001 0.24030555555555558 0.3361640625000001 0.48061111111111116
19 0.421375 0.36804166666666666 0.08679687499999997 0.11166666666666664
19 0.385859375 0.49293750000000003 0.044218750000000015 0.07118055555555555
19 0.5869921875 0.2890277777777778 0.08148437499999997 0.11805555555555555
19 0.50296875 0.14885416666666668 0.1078125 0.10326388888888888
19 0.482015625 0.2549722222222222 0.07379687500000003 0.08733333333333333
2 0.311640625 0.2697222222222222 0.14078125000000002 0.26638888888888895
19 0.24449609374999998 0.2601597222222222 0.03828906249999999 0.06990277777777776
19 0.40708984375 0.16747916666666668 0.1423828125 0.23995833333333338
19 0.7712109375 0.04945833333333333 0.06370312500000005 0.09891666666666667
19 0.50175 0.0485625 0.19009374999999995 0.097125