11 0.7405039062500001 0.8900277777777776 0.08539843749999995 0.2199444444444446
17 0.60323828125 0.9825902777777776 0.05430468749999999 0.034819444444444354
17 0.21048828125000002 0.9543263888888889 0.06847656249999998 0.09134722222222219
17 0.41131640625 0.89175 0.08860156250000002 0.08430555555555562
17 0.5692421875 0.9456388888888889 0.04635937499999994 0.10872222222222218
17 0.5377421874999999 0.8720763888888888 0.050484374999999915 0.08856944444444442
18 0.25447265625000004 0.7892986111111111 0.18803906250000002 0.27859722222222216
19 0.38984375 0.8854166666666666 0.140625 0.22916666666666666
19 0.48634374999999996 0.8034097222222221 0.14087499999999994 0.2552083333333333
8 0.64955078125 0.7792638888888888 0.1687578125 0.2241111111111112
10 0.7684101562500001 0.48820138888888887 0.07653906249999994 0.4306249999999999
19 0.6546953125 0.5904513888888889 0.16140624999999992 0.273513888888889
19 0.5032929687500001 0.7313402777777779 0.18028906249999999 0.26709722222222215
19 0.3352109375 0.5922291666666666 0.15281250000000002 0.2324861111111111
19 0.45819140625 0.5847916666666667 0.10388281250000002 0.06269444444444443
19 0.5348515625 0.600736111111111 0.06696875000000002 0.06944444444444445
12 0.4955 0.5039652777777778 0.08159375000000005 0.14945833333333336
17 0.6354023437499999 0.46696527777777774 0.06428906249999997 0.08351388888888889
19 0.18675390625000002 0.3574513888888889 0.10238281250000003 0.2240694444444445
19 0.22290234375 0.4746597222222222 0.018539062500000016 0.046152777777777806
19 0.3231484375 0.4283333333333333 0.09826562499999998 0.1885277777777778
12 0.7217421875000001 0.28145833333333337 0.09307812500000008 0.29486111111111113
8 0.6471640625 0.3540208333333333 0.09268750000000008 0.19081944444444443
7 0.5678359374999999 0.3695486111111111 0.09887499999999996 0.15373611111111107
0 0.4863476562500001 0.3144444444444444 0.10302343749999991 0.16666666666666663
19 0.40094531250000004 0.3148055555555556 0.08139062500000005 0.17033333333333336
19 0.60991015625 0.26569444444444446 0.1305546875000001 0.24388888888888893
19 0.41165234375 0.17031944444444444 0.10966406249999996 0.2350833333333333
19 0.3168046875 0.15738194444444445 0.07735937499999998 0.1169027777777778
19 0.3357578125 0.27075 0.03104687500000001 0.04219444444444444
7 0.548546875 0.1332638888888889 0.17446874999999995 0.26402777777777775
19 0.31434375000000003 0.057076388888888885 0.038328124999999956 0.03515277777777778
19 0.25865234375 0.09227777777777778 0.10025781250000003 0.18455555555555556