2 0.8080078125 0.8682916666666666 0.13587500000000005 0.2007222222222222
19 0.2472109375 0.9283472222222222 0.05078125 0.11541666666666654
2 0.5492109375 0.6884583333333333 0.307609375 0.5935555555555556
19 0.6125 0.9326388888888889 0.21484375 0.13472222222222222
8 0.62114453125 0.8226527777777777 0.10596093750000009 0.2125555555555555
19 0.6209140625 0.7736111111111111 0.06642187499999999 0.14727777777777773
10 0.5527265625 0.6143055555555554 0.13781250000000006 0.2151666666666667
19 0.36334374999999997 0.9453055555555555 0.07246875 0.10938888888888888
19 0.3957578125 0.8166944444444444 0.08210937500000001 0.18266666666666664
19 0.311609375 0.7083263888888889 0.17289062499999996 0.4997083333333333
19 0.290234375 0.9201388888888888 0.0765625 0.1597222222222222
19 0.26380859375 0.7419791666666667 0.10358593750000003 0.3153749999999999
2 0.7930234374999999 0.5510208333333334 0.13551562499999995 0.2181527777777777
10 0.45603125 0.5678888888888889 0.05660937500000003 0.12713888888888883
19 0.20476171875 0.7032916666666666 0.07074218749999998 0.19052777777777788
19 0.212953125 0.6289722222222223 0.10309375000000003 0.17655555555555563
19 0.30882421875 0.5351250000000001 0.1314453125 0.17302777777777784
19 0.2854375 0.3644791666666666 0.092875 0.19506944444444446
19 0.15677734375 0.616986111111111 0.0636796875 0.10749999999999997
19 0.19712890624999999 0.4729861111111111 0.1395234375 0.1668611111111111
2 0.5580859375 0.2217222222222222 0.16507812499999996 0.4434444444444444
19 0.7379414062499999 0.44702083333333326 0.04458593749999995 0.09987499999999995
14 0.189796875 0.3835972222222222 0.08881249999999999 0.15788888888888886
14 0.21091406250000003 0.2377986111111111 0.074328125 0.13698611111111111
19 0.40066406250000003 0.1529097222222222 0.17242187500000003 0.3058194444444444
14 0.7626757812499999 0.2503888888888889 0.12097656249999993 0.22022222222222224
19 0.42376171874999996 0.19099305555555554 0.09267968750000004 0.16329166666666667
19 0.812265625 0.14979166666666666 0.09909375000000002 0.12044444444444442
12 0.6734453125 0.0925 0.13001562500000005 0.185
19 0.74710546875 0.08502083333333334 0.06075781249999999 0.17004166666666667
19 0.2230859375 0.13195833333333332 0.079296875 0.11780555555555555
19 0.4501328125 0.3082986111111111 0.057296874999999935 0.21570833333333334