8 0.2005390625 0.9502013888888888 0.09048437500000002 0.09959722222222227
19 0.34566796875 0.9865833333333333 0.03211718750000001 0.026833333333333244
19 0.40380859375 0.9662708333333332 0.09353906250000002 0.06745833333333325
19 0.44658203125 0.8433055555555555 0.037398437499999916 0.08058333333333331
19 0.52098828125 0.9517361111111111 0.1338046875 0.09652777777777778
19 0.22734765625 0.8710555555555557 0.08155468749999999 0.1346111111111112
19 0.2888125 0.8443333333333333 0.052156249999999994 0.10936111111111112
19 0.31722265624999996 0.8327986111111111 0.06253906249999996 0.1966249999999999
19 0.3499921875 0.8949722222222222 0.046859375000000016 0.14655555555555552
19 0.39451953124999994 0.7503055555555556 0.13607031249999996 0.4131111111111112
19 0.5478281249999999 0.7921111111111112 0.06198437499999994 0.12013888888888889
19 0.79085546875 0.9447222222222221 0.07782031249999992 0.11055555555555543
19 0.7663710937499999 0.8930555555555556 0.14394531249999992 0.21388888888888888
19 0.760890625 0.6177499999999999 0.04346875000000008 0.07069444444444441
7 0.66575 0.6197499999999999 0.22268749999999998 0.32275
19 0.46354296874999995 0.7310486111111112 0.06492968749999992 0.16968055555555558
19 0.48967578125 0.6986388888888888 0.08591406250000003 0.267
19 0.50202734375 0.5561527777777777 0.10000781249999999 0.2429722222222223
19 0.36528125000000006 0.49738194444444445 0.12709375000000006 0.27170833333333333
19 0.44148437500000004 0.5395972222222222 0.07381250000000002 0.2137222222222222
17 0.44103515625 0.36549999999999994 0.10872656250000001 0.16872222222222225
16 0.6434453125 0.38788888888888895 0.09632812499999996 0.14680555555555558
2 0.6830078125 0.25354166666666667 0.25914062499999996 0.37763888888888886
19 0.45825781250000003 0.2709722222222223 0.04746874999999999 0.0713055555555556
19 0.47078125000000004 0.31416666666666665 0.04242187499999996 0.04333333333333332
19 0.50894921875 0.2881319444444444 0.07553906250000005 0.14651388888888886
19 0.27347265625 0.754798611111111 0.07088281250000002 0.1168472222222223
19 0.23125390625 0.28515277777777776 0.1249921875 0.10241666666666668
7 0.22200390625000002 0.1947222222222222 0.0958359375 0.13944444444444443
2 0.386390625 0.08134722222222222 0.17903124999999998 0.16269444444444445
3 0.7479765625 0.05838194444444444 0.07303125000000002 0.11676388888888888
19 0.5071328125 0.051513888888888894 0.08285937499999996 0.10302777777777779
19 0.56121484375 0.07897916666666667 0.08710156250000001 0.15795833333333334