11 0.23548046875 0.9544444444444443 0.08825781250000002 0.09111111111111099
19 0.43176171874999997 0.9585138888888889 0.09978906250000001 0.08297222222222224
19 0.8058125 0.8911597222222222 0.12360937499999994 0.21768055555555557
0 0.7161328125 0.844625 0.06182812500000008 0.1386388888888888
19 0.60842578125 0.8669791666666667 0.05471093749999998 0.10651388888888896
19 0.52431640625 0.8654375 0.06511718749999992 0.10893055555555564
17 0.6629570312499999 0.7732708333333334 0.060789062499999956 0.12173611111111124
11 0.4977734375000001 0.7919444444444443 0.1348749999999999 0.1326944444444444
19 0.5717539062499999 0.7440347222222223 0.10338281249999995 0.1658194444444445
14 0.27116015625 0.6682152777777778 0.0486328125 0.1440972222222222
19 0.458734375 0.6484513888888889 0.10131250000000006 0.17673611111111112
3 0.606703125 0.6772847222222222 0.07903125000000007 0.13148611111111114
13 0.73479296875 0.31306944444444446 0.18791406249999998 0.3319722222222222
19 0.64521484375 0.6294375 0.057914062500000085 0.08595833333333332
11 0.7027734375000001 0.5694513888888889 0.12123437500000005 0.11043055555555555
12 0.8261953125 0.7087152777777778 0.05879687500000008 0.1440972222222222
11 0.20721484375000002 0.5255902777777778 0.1110390625 0.228125
3 0.6077617187500001 0.5181597222222222 0.10272656250000001 0.19137499999999996
17 0.7813203124999999 0.46558333333333335 0.09146874999999995 0.15486111111111112
15 0.47084765625 0.42709027777777775 0.12142968750000005 0.2483472222222222
15 0.373578125 0.42943749999999997 0.10418750000000002 0.15945833333333337
19 0.5479921875 0.30974999999999997 0.025328125000000055 0.04683333333333337
19 0.54630078125 0.22764583333333333 0.06989843750000002 0.10418055555555554
19 0.59840625 0.1995833333333333 0.14709374999999997 0.21305555555555553
19 0.39693750000000005 0.25769444444444445 0.12481250000000003 0.18816666666666662
17 0.18894921874999998 0.1485138888888889 0.08041406250000001 0.15425
17 0.4347890625 0.15439583333333332 0.09371875000000003 0.14859722222222224
17 0.4748984375 0.06509722222222221 0.07092187499999998 0.12608333333333333
14 0.5473359375 0.043055555555555555 0.06332812499999996 0.08611111111111111
2 0.6288125 0.0558125 0.09625000000000003 0.111625
19 0.742796875 0.0718472222222222 0.07429687499999993 0.11858333333333333
14 0.24929296875 0.10936805555555557 0.03461718749999996 0.05554166666666668
19 0.34195312499999997 0.017027777777777777 0.07092187499999998 0.034055555555555554