14 0.17289453125 0.8111736111111111 0.1310546875 0.3776527777777779
19 0.471875 0.9673611111111111 0.0234375 0.06527777777777778
19 0.5105781250000001 0.9292916666666667 0.04834375000000009 0.10830555555555559
19 0.6426484375 0.9746805555555556 0.09846874999999997 0.05063888888888894
19 0.724796875 0.9056249999999999 0.053749999999999964 0.18169444444444435
17 0.2921796875 0.9674583333333332 0.08025000000000002 0.06508333333333319
17 0.3792109375 0.9655416666666666 0.07781249999999998 0.06891666666666652
19 0.7110390625 0.9296319444444443 0.07707812500000007 0.140736111111111
19 0.7008984375 0.93075 0.14881250000000001 0.10116666666666656
19 0.63804296875 0.9004444444444444 0.05252343750000001 0.10116666666666656
19 0.57976953125 0.8940347222222221 0.08316406250000004 0.17895833333333322
19 0.35163671875 0.8918541666666666 0.07797656249999996 0.10981944444444436
19 0.268359375 0.9006458333333334 0.06565624999999997 0.07656944444444459
19 0.27405468749999995 0.7157083333333334 0.2265625 0.33475
19 0.43005859375 0.8042638888888888 0.09363281249999997 0.09630555555555544
19 0.42827734375000004 0.7151666666666666 0.10091406250000001 0.11238888888888891
19 0.5417890625 0.7831319444444444 0.11185937500000005 0.14481944444444442
19 0.5814609374999999 0.7166875 0.08535937499999999 0.11031944444444454
19 0.77489453125 0.6345972222222221 0.0708984375 0.16566666666666663
19 0.57737109375 0.5602152777777778 0.057632812499999984 0.23004166666666667
19 0.46819921875000003 0.5771805555555556 0.19696093750000004 0.3118888888888888
10 0.71160546875 0.57225 0.1417890625 0.19838888888888892
10 0.34306640625 0.5198333333333333 0.05471093749999998 0.24713888888888896
19 0.49571875 0.4216597222222222 0.08510937500000004 0.07781944444444441
19 0.5543125 0.3858055555555555 0.053031250000000085 0.0841666666666667
19 0.653921875 0.44102083333333336 0.132421875 0.21862499999999996
14 0.7204726562499999 0.3396944444444444 0.09321093749999995 0.2230833333333333
19 0.7997578125 0.2856319444444444 0.12142187500000005 0.31320833333333326
18 0.58043359375 0.31155555555555553 0.10216406249999999 0.18761111111111117
19 0.444921875 0.3963611111111111 0.09287500000000004 0.08405555555555554
7 0.6171679687499999 0.15920138888888888 0.09792968749999993 0.14109722222222223
19 0.50318359375 0.1742083333333333 0.04222656249999997 0.10824999999999997
19 0.44403125 0.17264583333333333 0.09634374999999995 0.20720833333333333
19 0.31109765624999997 0.2627291666666667 0.07683593750000002 0.16520833333333332
17 0.35669140625 0.3032986111111111 0.04474218749999999 0.09306944444444443
17 0.33935546875 0.18765972222222224 0.1013671875 0.1442083333333333
19 0.6090156250000001 0.12197916666666667 0.04229687500000008 0.07204166666666667
19 0.519515625 0.10471527777777777 0.09126562499999995 0.13359722222222223
19 0.37940625 0.09120833333333334 0.16548437499999996 0.1786111111111111
19 0.48827734375 0.01984027777777778 0.05580468750000005 0.03918055555555556
3 0.550375 0.028840277777777777 0.07682812499999994 0.05718055555555556
19 0.7437226562499999 0.028840277777777777 0.05319531249999994 0.05718055555555556
17 0.6373398437500001 0.023465277777777776 0.04642968750000005 0.04693055555555555