19 0.366234375 0.8505 0.11020312499999996 0.299
19 0.19676171874999998 0.9690277777777777 0.11436718749999997 0.061944444444444316
10 0.5033125 0.9478402777777777 0.13909374999999996 0.10431944444444431
12 0.45040234375 0.9734513888888888 0.07357031250000005 0.05309722222222225
19 0.60981640625 0.9339930555555556 0.06800781249999996 0.10620833333333338
7 0.70642578125 0.9211805555555556 0.09786718749999998 0.08058333333333331
7 0.56301953125 0.7887361111111111 0.05872656250000006 0.1324444444444443
14 0.27210546874999997 0.8788680555555555 0.07211718749999996 0.1813194444444444
19 0.2784375 0.7775625 0.05153125000000003 0.14701388888888883
19 0.44359374999999995 0.8343611111111111 0.10404687500000005 0.1635277777777778
19 0.5184062500000001 0.8153125 0.057609375000000004 0.08131944444444437
19 0.6321875 0.8305208333333334 0.07417187500000004 0.13370833333333332
19 0.6531562500000001 0.6704097222222222 0.19054687500000006 0.34737500000000004
12 0.42241406249999996 0.7409236111111112 0.09070312499999997 0.16312500000000008
19 0.181796875 0.4076666666666666 0.165625 0.7836666666666667
19 0.34982421874999997 0.6577361111111111 0.10508593749999999 0.08572222222222226
19 0.4070390625 0.6124930555555556 0.08451562500000005 0.1023472222222223
19 0.5727226562500001 0.702576388888889 0.03955468750000009 0.10329166666666659
8 0.5293281249999999 0.6252777777777777 0.13475 0.16822222222222222
19 0.57352734375 0.5153125 0.09778906250000005 0.19340277777777778
19 0.34061718750000003 0.5438888888888889 0.043390624999999974 0.14066666666666663
2 0.43380859374999997 0.44362500000000005 0.15964843749999996 0.2646944444444445
7 0.45434765624999995 0.3583611111111111 0.17789843750000003 0.28225000000000006
8 0.733 0.31698611111111114 0.15118749999999997 0.4229722222222222
19 0.415125 0.19284722222222223 0.2536875 0.38569444444444445
19 0.6591640625 0.26535416666666667 0.08010937499999997 0.1456527777777778
10 0.59537109375 0.2627222222222222 0.06824218749999993 0.16677777777777775
19 0.34688281249999997 0.23795138888888887 0.08159375000000005 0.11076388888888888
19 0.58498828125 0.07150694444444444 0.03560156249999995 0.14301388888888888
19 0.7400156250000001 0.026666666666666665 0.10829687499999992 0.05333333333333333
19 0.4811328125 0.09524305555555555 0.15726562499999996 0.1904861111111111
3 0.28383203125 0.07677777777777778 0.14835156249999998 0.15355555555555556
19 0.3973203125 0.036201388888888894 0.04895312499999997 0.07120833333333333
19 0.2541640625 0.270625 0.07417187500000004 0.16675
18 0.51674609375 0.03985416666666667 0.09197656250000001 0.07970833333333334