2 0.29285546874999996 0.9430555555555555 0.059304687499999974 0.11388888888888889
14 0.19457421875 0.2584930555555556 0.12766406249999998 0.2337083333333333
19 0.22048828124999997 0.6202916666666667 0.07078906250000001 0.12583333333333335
19 0.22935546874999999 0.7378402777777778 0.18332031249999997 0.2995972222222223
16 0.39545312499999996 0.31313888888888886 0.22184375000000003 0.37377777777777776
12 0.753703125 0.4403125 0.17290625000000004 0.27770833333333333
12 0.55775 0.32367361111111115 0.12168749999999999 0.20515277777777782
8 0.65390234375 0.647173611111111 0.1623046875 0.18876388888888884
19 0.6155507812500001 0.7561875 0.05266406250000007 0.0832361111111112
16 0.449984375 0.6124930555555556 0.06521875000000002 0.10620833333333338
12 0.39281640624999997 0.12625 0.09041406249999998 0.1326388888888889
19 0.56172265625 0.5542916666666666 0.10911718750000006 0.21891666666666668
14 0.5345625 0.9001180555555555 0.11421875000000004 0.1997638888888888
15 0.47771093750000004 0.8272083333333333 0.06476562500000008 0.1971666666666667
19 0.3932734375 0.8378472222222222 0.10232812500000002 0.21819444444444433
11 0.36696875 0.948826388888889 0.10075000000000003 0.10159722222222235
19 0.738328125 0.875125 0.12640625000000005 0.24719444444444447
11 0.43735546875 0.04621527777777778 0.08632031250000001 0.09243055555555556
19 0.4658398437500001 0.48097222222222225 0.10871093750000008 0.19774999999999998
16 0.29002734375 0.1612361111111111 0.0775390625 0.07152777777777777
19 0.25805859375 0.2504444444444444 0.049742187499999965 0.1820555555555556
18 0.8226796875 0.19175694444444444 0.026546875000000015 0.05168055555555555
12 0.5984609375000001 0.4544166666666667 0.05559375000000007 0.09233333333333336
7 0.6197265625 0.38937499999999997 0.047734374999999926 0.07402777777777775
18 0.59884765625 0.1718541666666667 0.0755859375 0.1257083333333333
19 0.6445664062500001 0.2607152777777778 0.06827343750000008 0.11487499999999998
3 0.5768984375 0.03467361111111111 0.07046875000000004 0.06554166666666666
7 0.51290234375 0.17886805555555554 0.10217968749999998 0.12920833333333334