19 0.44878125 0.9621527777777777 0.07928125000000001 0.07569444444444444
2 0.520234375 0.9664583333333334 0.11015625 0.06708333333333327
4 0.7602226562500001 0.801125 0.18471093749999995 0.34375
2 0.63792578125 0.7901527777777777 0.18227343749999997 0.3469722222222221
19 0.5866328125 0.9437638888888888 0.06582812499999999 0.11247222222222225
16 0.270546875 0.8667291666666668 0.12625000000000003 0.21348611111111115
19 0.37926953125 0.8790902777777778 0.10241406249999999 0.18568055555555563
19 0.4430625 0.8271736111111112 0.08110937499999996 0.13748611111111111
19 0.5161523437500001 0.8310069444444446 0.08705468750000005 0.14151388888888902
19 0.28421875 0.702875 0.08251562500000001 0.1179722222222223
16 0.2470234375 0.6565138888888888 0.07632812500000004 0.11300000000000002
14 0.524046875 0.7120138888888888 0.06871875000000002 0.12488888888888891
8 0.383453125 0.7036666666666667 0.08778125 0.1701388888888889
19 0.43249609375000003 0.5795833333333332 0.07757031249999997 0.14766666666666659
17 0.46115234374999997 0.7019861111111111 0.056085937499999974 0.09211111111111102
14 0.6558984375 0.7044652777777778 0.09618749999999991 0.12331944444444447
2 0.41745703125 0.42241666666666666 0.31194531249999996 0.5084444444444444
17 0.5550976562500001 0.5426319444444444 0.12472656250000007 0.1684027777777778
19 0.31311328125000004 0.4928194444444444 0.08602343750000001 0.15761111111111115
3 0.6081640625 0.42501388888888886 0.11081249999999994 0.16088888888888894
19 0.7709335937499999 0.27904166666666663 0.2602265624999999 0.44308333333333333
7 0.375703125 0.5618263888888889 0.036968750000000036 0.05243055555555556
17 0.54141796875 0.4020277777777778 0.04825781249999998 0.08122222222222225
14 0.21401171875 0.07459722222222222 0.09392968750000001 0.103
3 0.2696640625 0.13654166666666667 0.078125 0.17011111111111113
17 0.36226953125 0.37140972222222224 0.0754921875 0.11548611111111108
2 0.49499609375000003 0.3119513888888889 0.32303906250000003 0.16698611111111114
17 0.6019140624999999 0.2044375 0.08426562499999993 0.13420833333333332
18 0.52686328125 0.18882638888888886 0.05178906249999997 0.16854166666666667
19 0.48077734375 0.1404513888888889 0.09128906249999993 0.16854166666666667
14 0.68486328125 0.024972222222222222 0.11499218750000004 0.049944444444444444
3 0.819171875 0.04525694444444445 0.06759374999999998 0.0905138888888889
3 0.52369921875 0.04814583333333333 0.1685390625 0.09629166666666666
19 0.39992968749999996 0.09418055555555556 0.11235937499999996 0.18836111111111112
19 0.42538671875 0.2094236111111111 0.07900781249999995 0.14201388888888888
19 0.318296875 0.14232638888888888 0.04915624999999997 0.12640277777777775
19 0.5961210937500001 0.09472916666666667 0.11850781250000005 0.11859722222222224