4 0.34765625 0.9332708333333333 0.26859374999999996 0.1334583333333332
19 0.4998125 0.8860208333333333 0.19265624999999992 0.22795833333333348
19 0.6178281250000001 0.8241180555555556 0.08259375000000002 0.1910972222222221
19 0.5992734375000001 0.9421736111111111 0.04821875000000002 0.11565277777777776
10 0.735109375 0.7575347222222222 0.09848437499999996 0.24018055555555565
19 0.18826562500000002 0.8795625000000001 0.043390624999999995 0.08351388888888904
19 0.21794921875 0.5996111111111111 0.1330078125 0.25
19 0.46512890625000003 0.6623541666666667 0.03811718749999997 0.0640972222222222
19 0.32959375 0.6017222222222223 0.05571874999999995 0.15772222222222215
19 0.5028007812499999 0.6808263888888888 0.06080468749999994 0.17323611111111106
19 0.63587109375 0.5885138888888888 0.06180468749999992 0.09916666666666664
17 0.38877734375 0.6364930555555556 0.07221093750000004 0.1549305555555555
2 0.59694140625 0.6990069444444444 0.17627343750000007 0.19254166666666667
12 0.410453125 0.49798611111111113 0.14121875 0.27758333333333335
2 0.59931640625 0.4655416666666667 0.2514765624999999 0.31602777777777774
19 0.72802734375 0.4635208333333333 0.03203906249999999 0.0457916666666667
19 0.20223437500000002 0.3089027777777778 0.12618749999999998 0.41197222222222224
18 0.23421875 0.32111805555555556 0.20437500000000003 0.43806944444444446
17 0.5036406250000001 0.37910416666666663 0.061812499999999916 0.169625
19 0.81707421875 0.3394097222222222 0.18132031250000002 0.3005972222222223
19 0.46144140624999996 0.3088680555555555 0.11950781250000002 0.14834722222222219
19 0.5810039062500001 0.3120625 0.10405468750000005 0.09523611111111115
19 0.5910429687500001 0.153375 0.12708593750000005 0.2318611111111111
12 0.4241796875 0.13652777777777775 0.09054687500000003 0.22249999999999998
10 0.713796875 0.15441666666666667 0.18146874999999998 0.30883333333333335
7 0.6775585937499999 0.04925 0.06082031249999993 0.08730555555555555
19 0.24585546875 0.04777083333333334 0.0934609375 0.09554166666666668
19 0.5484921875 0.008208333333333333 0.025218749999999977 0.016416666666666666