19 0.5375 0.9666666666666667 0.05703125 0.06666666666666667
19 0.2437421875 0.8984513888888889 0.14951562499999999 0.20309722222222223
10 0.62265625 0.9604166666666667 0.05625 0.07916666666666666
15 0.37814453125 0.925263888888889 0.1395234375 0.14947222222222206
19 0.1755234375 0.9769513888888889 0.017890624999999983 0.046097222222222296
19 0.4778945312499999 0.9675694444444444 0.06275781249999994 0.06486111111111117
19 0.56693359375 0.8830347222222223 0.05838281250000001 0.10226388888888904
19 0.473421875 0.8615694444444445 0.11021874999999995 0.23819444444444443
19 0.3684296875 0.8349583333333332 0.069625 0.10622222222222225
19 0.35826953125000005 0.7522569444444445 0.052804687500000023 0.13923611111111112
19 0.32287109375 0.7380555555555556 0.08942968750000002 0.13066666666666665
19 0.5216093749999999 0.7061041666666666 0.09610937499999998 0.22956944444444438
19 0.2200390625 0.7312291666666667 0.10989062499999998 0.1846805555555556
19 0.44256640624999993 0.6555277777777778 0.05322656250000009 0.0808888888888889
19 0.28238281249999997 0.5424305555555555 0.14421875 0.31875
19 0.6218242187499999 0.6311111111111111 0.09580468750000008 0.17800000000000005
19 0.6959921875 0.6331041666666667 0.06489062499999995 0.1812916666666667
19 0.55640625 0.49470138888888887 0.10514062499999995 0.19445833333333332
19 0.45801953125 0.5552916666666666 0.07521093749999999 0.15386111111111106
17 0.20973437499999997 0.5973888888888889 0.07726562499999998 0.1061944444444445
17 0.38796093750000005 0.5844375 0.06078125000000001 0.17987499999999998
17 0.8304335937499999 0.5800208333333333 0.08858593749999999 0.14837500000000006
2 0.61926171875 0.33186805555555554 0.33794531249999993 0.28931944444444446
19 0.42146484375000004 0.3657569444444444 0.09886718749999997 0.1372916666666667
19 0.17884375000000002 0.4234027777777778 0.06287500000000001 0.09522222222222215
19 0.339328125 0.5426319444444444 0.022171874999999997 0.05851388888888888
19 0.2545 0.3303680555555556 0.114453125 0.15018055555555554
19 0.49201562499999996 0.33036805555555554 0.051515625000000044 0.09890277777777776
19 0.52034765625 0.26810416666666664 0.04017968750000005 0.09156944444444445
19 0.42505468750000003 0.24422222222222223 0.07417187500000004 0.1137777777777778
19 0.27617578125 0.16153472222222223 0.14936718750000005 0.18387499999999998
19 0.7717109375 0.10777083333333333 0.10201562499999994 0.2108472222222222
19 0.662515625 0.08311805555555556 0.05871875000000006 0.12820833333333334
4 0.34778515624999995 0.10866666666666666 0.13186718749999998 0.21263888888888888
17 0.21849218750000002 0.2855 0.05254687499999999 0.08241666666666671