14 0.178046875 0.971111111111111 0.09046875000000001 0.05777777777777765
16 0.39375 0.9520833333333333 0.19453125 0.09583333333333334
12 0.3857109375 0.8839930555555556 0.08673437500000003 0.13129166666666664
11 0.42733984375 0.8098263888888889 0.08588281250000004 0.11026388888888902
16 0.28246875000000005 0.9249097222222221 0.07553125000000005 0.07204166666666652
19 0.24226171874999997 0.9722083333333333 0.049742187499999965 0.05558333333333331
18 0.810109375 0.9695347222222223 0.026546875000000015 0.051680555555555605
16 0.76032421875 0.5866388888888889 0.22497656250000003 0.3586666666666667
14 0.4616328125 0.6709236111111112 0.07267187499999998 0.15268055555555565
19 0.2141640625 0.737423611111111 0.07570312499999998 0.1516805555555556
8 0.3167421875 0.61425 0.23960937499999996 0.30044444444444435
16 0.587328125 0.4808333333333334 0.11168750000000002 0.1969444444444444
14 0.40900781249999996 0.4677569444444444 0.093546875 0.2052361111111111
2 0.5174375 0.42113888888888895 0.03440624999999997 0.13966666666666663
19 0.17760546875 0.5896250000000001 0.07052343749999998 0.14197222222222225
18 0.21044921875 0.42102083333333334 0.047710937500000015 0.22095833333333337
19 0.6995429687500001 0.48783333333333334 0.15013281250000005 0.3167777777777778
19 0.6059765625 0.1856527777777778 0.2045 0.37102777777777773
19 0.24501171875 0.150625 0.1782265625 0.30125
10 0.725578125 0.07590277777777778 0.10179687499999997 0.15180555555555555
19 0.4507578125 0.0745138888888889 0.12201562500000004 0.1490277777777778
14 0.579296875 0.06835416666666667 0.16179687499999992 0.13670833333333335
7 0.5043320312499999 0.9305486111111111 0.08558593749999996 0.13890277777777776
18 0.51155859375 0.6453333333333333 0.057351562500000064 0.15069444444444444
18 0.597265625 0.9333333333333333 0.1015625 0.13333333333333333
3 0.563453125 0.7541736111111111 0.08996875000000007 0.14704166666666676
19 0.17769531249999998 0.8537291666666665 0.08960937500000002 0.18106944444444428
17 0.48154296875 0.3697916666666667 0.037195312499999925 0.10452777777777776
18 0.42153124999999997 0.31904166666666667 0.09189062499999996 0.13269444444444448
12 0.52940234375 0.26106944444444447 0.15775781250000004 0.27869444444444447
8 0.67226953125 0.26468055555555553 0.042335937500000045 0.09408333333333335
14 0.35726562500000003 0.01586111111111111 0.05242187500000002 0.03172222222222222