19 0.5017578125 0.9153194444444444 0.144125 0.16936111111111118
3 0.348828125 0.8763888888888889 0.22890625 0.24722222222222223
19 0.481625 0.8408819444444444 0.08492187500000004 0.13901388888888877
19 0.631640625 0.9444444444444444 0.18046875 0.1111111111111111
17 0.20535546875000002 0.8284583333333333 0.07760156250000001 0.17022222222222214
19 0.6826992187500001 0.8142777777777778 0.15285156250000007 0.17255555555555557
8 0.7488671875 0.9702361111111111 0.06673437500000005 0.05952777777777764
17 0.3948515625 0.7925625 0.07689062500000002 0.14540277777777785
19 0.41105078125 0.6432222222222223 0.06471093749999998 0.10605555555555557
19 0.7300390625000001 0.6301041666666667 0.05835937500000003 0.08676388888888893
19 0.56119140625 0.5047777777777779 0.26783593749999995 0.7377777777777779
8 0.65225 0.52875 0.10193750000000001 0.21569444444444438
19 0.40372265625 0.5287499999999999 0.09461718749999996 0.15100000000000005
10 0.450171875 0.3913333333333333 0.053421875000000084 0.21036111111111117
19 0.35101562499999994 0.32891666666666663 0.10114062499999998 0.19944444444444448
12 0.6875 0.37999305555555557 0.113671875 0.22373611111111116
19 0.7733945312499999 0.3291111111111111 0.058273437500000025 0.13736111111111107
19 0.8320273437500001 0.31572222222222224 0.052804687500000114 0.14694444444444443
19 0.30042578125 0.14979166666666666 0.07585156250000002 0.1798611111111111
19 0.38379296875 0.27068055555555554 0.07924218750000005 0.1618333333333333
17 0.597984375 0.11802083333333332 0.06668749999999993 0.14104166666666668
2 0.36743359375000006 0.10140972222222222 0.18636718749999998 0.20281944444444444
7 0.5262539062499999 0.0979236111111111 0.07547656249999993 0.1347361111111111
12 0.64119140625 0.07818055555555554 0.05199218749999997 0.14358333333333334
19 0.4974453125 0.25403472222222223 0.05823437499999997 0.1597361111111111