18 0.48329296875 0.33873611111111107 0.038382812500000085 0.11524999999999999
18 0.6235859374999999 0.30104166666666665 0.07014062499999998 0.10124999999999997
10 0.710078125 0.136125 0.09674999999999993 0.25883333333333336
14 0.51161328125 0.10315277777777779 0.08338281250000001 0.2024166666666667
12 0.6135234374999999 0.09612499999999999 0.08603124999999992 0.16469444444444445
12 0.8083476562499999 0.050416666666666665 0.11064843750000009 0.10083333333333333
19 0.30816015625 0.237625 0.23188281250000004 0.3521944444444444
19 0.83912890625 0.0430625 0.04767968750000016 0.086125
13 0.52602734375 0.831576388888889 0.3666953125 0.3368472222222222
2 0.708171875 0.8684513888888888 0.060484375000000055 0.11673611111111105
18 0.2729765625 0.846875 0.08689062500000003 0.30625
3 0.26453125 0.9059027777777777 0.10374999999999997 0.18819444444444444
8 0.21207812499999998 0.8738888888888888 0.04190624999999999 0.08627777777777762
8 0.31708984375 0.8714930555555556 0.054726562499999964 0.1607638888888889
18 0.8206875 0.8255555555555555 0.0337031249999999 0.06522222222222228
3 0.36165624999999996 0.8133055555555555 0.08470312500000002 0.1529444444444443
14 0.6825625 0.6485347222222223 0.06506249999999998 0.08706944444444452
0 0.6254296874999999 0.42115972222222225 0.03970312499999995 0.13331944444444446
0 0.51421484375 0.4532638888888889 0.11875781249999999 0.11763888888888895
19 0.11815625 0.2946736111111111 0.12060937499999999 0.5893472222222222
19 0.2642734375 0.5997777777777779 0.020937499999999963 0.027361111111111173
19 0.64705078125 0.68375 0.024757812500000042 0.05424999999999992
19 0.6929257812499999 0.81 0.03307031249999994 0.07527777777777785