11 0.61985546875 0.9477638888888889 0.07439843750000001 0.10447222222222226
12 0.7735234375 0.9275625000000001 0.08139062500000005 0.14487499999999992
19 0.34957812499999996 0.9906111111111111 0.019187499999999958 0.01877777777777775
12 0.537171875 0.8529166666666667 0.1276250000000001 0.2941666666666666
19 0.32309375 0.9126805555555555 0.020875000000000022 0.04897222222222221
19 0.41782421875000003 0.809326388888889 0.1265703125 0.17809722222222224
19 0.4506953125 0.8724236111111111 0.073234375 0.11387500000000002
19 0.69658203125 0.6736527777777778 0.15632031249999995 0.2965833333333333
2 0.74382421875 0.676875 0.1434453125000001 0.6064722222222223
19 0.52539453125 0.5271527777777777 0.1609453125 0.20097222222222227
19 0.39829296875 0.6408194444444444 0.019085937499999962 0.04025000000000002
10 0.236140625 0.5065555555555556 0.15240625000000002 0.271611111111111
19 0.70140625 0.5720555555555555 0.05412499999999998 0.09108333333333339
19 0.32305078125 0.6445277777777778 0.024257812499999965 0.057888888888888816
19 0.32027343750000004 0.3121805555555555 0.18242187500000004 0.40463888888888877
19 0.2164375 0.38532638888888887 0.06490625000000001 0.13759722222222226
19 0.5414843749999999 0.28102777777777777 0.21921874999999993 0.29733333333333334
19 0.6909882812499999 0.43832638888888886 0.06024218749999992 0.0686527777777777
19 0.8072070312499999 0.3070486111111111 0.06267968750000001 0.10090277777777774
17 0.7945703125 0.2167777777777778 0.08226562500000005 0.0856111111111111
19 0.99477734375 0.01670138888888889 0.010445312499999915 0.03340277777777778
17 0.25516015625 0.06686805555555556 0.11117968749999999 0.1337361111111111
19 0.38096484375 0.05802777777777778 0.10414843749999995 0.11605555555555556
19 0.44152734374999997 0.12489583333333333 0.10708593749999995 0.2194861111111111
19 0.51071484375 0.06398611111111112 0.03875781249999992 0.1078611111111111
3 0.5591640625000001 0.09340972222222221 0.13396875000000003 0.18681944444444443
19 0.2670390625 0.1278125 0.057343749999999985 0.10298611111111114
19 0.81398046875 0.1089375 0.13411718750000007 0.217875
19 0.8178437500000001 0.07835416666666667 0.11796875 0.15670833333333334
18 0.11199218749999999 0.13903472222222224 0.10217187500000002 0.2780694444444445