19 0.6706015625 0.9590416666666667 0.08840625000000006 0.0819166666666667
19 0.8647265625000001 0.9186180555555555 0.10728125000000013 0.16276388888888896
19 0.48553515625 0.9333055555555556 0.29966406249999994 0.13338888888888883
16 0.77930078125 0.8763888888888889 0.10313281249999999 0.17597222222222228
19 0.47443359375 0.879798611111111 0.0982421875 0.11018055555555545
19 0.56941015625 0.7506805555555556 0.12147656250000001 0.17625000000000005
19 0.48751171875 0.7792499999999999 0.08503906249999993 0.11324999999999995
2 0.4735390625 0.5443541666666666 0.32153124999999994 0.41740277777777773
12 0.7620000000000001 0.6213194444444444 0.13167187500000005 0.23972222222222217
16 0.23434375 0.5030416666666666 0.10212500000000002 0.1617777777777778
19 0.27802734375 0.4270833333333333 0.11830468750000005 0.2648055555555555
19 0.19964453125 0.42913194444444447 0.05358593750000003 0.08345833333333338
7 0.21616796875 0.1804861111111111 0.18264843749999998 0.3609722222222222
19 0.45737500000000003 0.2929236111111111 0.07531250000000007 0.11665277777777779
14 0.5606484375 0.1427013888888889 0.12864062500000006 0.2579305555555556
10 0.6373046875 0.20738194444444444 0.11085937500000007 0.2180972222222222
17 0.34733984375000004 0.7236736111111112 0.08677343749999995 0.1802361111111111
17 0.27976171875 0.6367361111111111 0.08510156250000005 0.16991666666666672
19 0.3519140625 0.9056527777777779 0.09198437500000001 0.14480555555555555
16 0.36588281250000004 0.09221527777777777 0.12620312500000003 0.17720833333333333
19 0.5756640624999999 0.052083333333333336 0.036015624999999926 0.10416666666666667