12 0.278515625 0.9652777777777778 0.10546875 0.06944444444444445
19 0.497578125 0.9840555555555556 0.0328125 0.03188888888888894
19 0.6260234375 0.9610555555555554 0.054390624999999915 0.07788888888888879
18 0.33933984375 0.9044166666666668 0.08636718749999997 0.15100000000000005
19 0.412890625 0.9125 0.07890625 0.175
18 0.393140625 0.8067569444444445 0.04535937499999996 0.09862499999999999
19 0.46137109375000007 0.8282291666666667 0.030429687500000035 0.05720833333333341
19 0.52344140625 0.9074513888888889 0.11703906249999996 0.16101388888888898
12 0.58419921875 0.8096666666666665 0.0890703125 0.15458333333333327
18 0.6762421875 0.7238819444444443 0.17632812500000003 0.3916527777777778
10 0.825234375 0.916611111111111 0.13065625000000008 0.16677777777777766
18 0.8005117187499999 0.7678541666666667 0.0873046875 0.23404166666666665
17 0.25594140624999995 0.7842013888888889 0.09866406249999997 0.19654166666666664
19 0.564546875 0.9841736111111111 0.057624999999999996 0.031652777777777724
19 0.29484374999999996 0.7136458333333332 0.07757812499999997 0.12201388888888884
19 0.3128203125 0.6356041666666666 0.059218749999999966 0.09829166666666664
17 0.22291406250000004 0.5822777777777778 0.1046875 0.18944444444444442
17 0.48340234375 0.6511458333333334 0.07788281250000004 0.15704166666666658
19 0.37610546875000006 0.4323958333333334 0.07266406250000004 0.11868055555555562
19 0.72649609375 0.49652083333333336 0.09408593750000005 0.1330416666666666
19 0.750203125 0.3847916666666667 0.03909374999999997 0.08230555555555555
19 0.87084375 0.4594861111111111 0.023265625000000158 0.028888888888888825
19 0.5268671875 0.5561805555555556 0.07162500000000005 0.07938888888888884
19 0.17435546875000002 0.5241111111111111 0.03405468750000003 0.0705555555555555
19 0.2854453125 0.5734652777777778 0.04396874999999998 0.10868055555555556
19 0.24580078125 0.332125 0.03791406249999998 0.06441666666666666
19 0.47875000000000006 0.20750000000000002 0.13218750000000004 0.14833333333333334
11 0.5575390625 0.11611111111111111 0.096484375 0.23222222222222222
19 0.6380468749999999 0.22791666666666666 0.061406249999999926 0.10166666666666666
19 0.2068359375 0.19472222222222224 0.055859375 0.08694444444444446
19 0.42552734375000006 0.09136805555555555 0.10519531250000003 0.16718055555555555
7 0.2353515625 0.09601388888888888 0.138046875 0.19202777777777777
8 0.692375 0.09817361111111111 0.25603124999999993 0.19634722222222223
19 0.49790625000000005 0.07926388888888888 0.06909375000000004 0.11683333333333334