19 0.7901953125000001 0.8687569444444444 0.171953125 0.26248611111111114
19 0.19789062500000001 0.9919444444444443 0.08156249999999998 0.016111111111110986
19 0.35666796874999995 0.8867499999999999 0.16724218749999994 0.2264999999999999
19 0.42030859375 0.9616527777777778 0.08514843750000001 0.07669444444444448
19 0.5574765625 0.9248472222222222 0.10671874999999993 0.15030555555555558
19 0.46166796874999994 0.9239166666666665 0.05489843749999999 0.1511388888888888
18 0.21364062500000003 0.7843541666666666 0.07524999999999997 0.11509722222222207
19 0.6591875 0.8426805555555555 0.14712499999999995 0.2898055555555556
18 0.2751015625 0.675138888888889 0.07476562500000003 0.09752777777777781
19 0.45319921875 0.5267499999999999 0.13221093750000001 0.25749999999999995
19 0.535484375 0.5076875000000001 0.08512500000000003 0.2770416666666667
19 0.5738554687499999 0.6613402777777777 0.13208593749999994 0.2215694444444444
19 0.6693046875 0.665125 0.06575000000000006 0.10919444444444452
18 0.6918359375 0.4831041666666666 0.05364062500000007 0.13026388888888885
19 0.48929687499999996 0.43114583333333334 0.06664062499999997 0.14895833333333333
19 0.4897578125 0.3257569444444445 0.07878124999999994 0.11443055555555558
17 0.2758828125 0.23254166666666667 0.07604687500000003 0.11980555555555554
19 0.33973828125 0.32306944444444446 0.06433593750000002 0.15050000000000002
19 0.27458203125 0.3681736111111111 0.01724218750000004 0.03162499999999997
7 0.39787890625000005 0.036284722222222225 0.08496093750000004 0.07256944444444445
17 0.550734375 0.04527083333333333 0.070703125 0.09054166666666666
18 0.11199218749999999 0.13903472222222224 0.10217187500000002 0.2780694444444445