19 0.6873828125 0.9888194444444444 0.04742187500000004 0.022361111111110984
10 0.38828515625 0.964375 0.06969531250000002 0.07124999999999994
19 0.4351328125 0.913763888888889 0.04573437499999997 0.16163888888888905
19 0.50828125 0.9245277777777778 0.09281249999999996 0.14955555555555564
19 0.23873046874999998 0.8352152777777778 0.056679687499999964 0.09095833333333335
18 0.390109375 0.8286666666666667 0.05615625 0.20488888888888887
19 0.47434765624999997 0.7015277777777779 0.19985156249999997 0.30913888888888885
19 0.6367421875 0.8817013888888888 0.041984375000000004 0.04634722222222207
19 0.82302734375 0.8995208333333334 0.06832031249999995 0.14706944444444459
12 0.2448203125 0.721 0.105265625 0.19050000000000003
2 0.550703125 0.3656388888888889 0.38453125000000005 0.5454444444444445
18 0.572078125 0.7103333333333334 0.1581875 0.15988888888888889
12 0.22277734374999997 0.6030347222222221 0.11430468749999997 0.20356944444444436
19 0.7878671875000001 0.6286805555555556 0.013328124999999958 0.05013888888888892
10 0.6726953124999999 0.4501527777777778 0.07820312499999993 0.2133055555555556
17 0.33121875 0.3564583333333333 0.0680625 0.16986111111111107
19 0.7272109375 0.42130555555555554 0.06760937499999997 0.12433333333333331
19 0.3166328125 0.22893749999999996 0.07654687500000001 0.10565277777777776
10 0.5043124999999999 0.5075277777777778 0.08257812500000003 0.20522222222222222
19 0.32793359375 0.6919166666666666 0.07366406249999997 0.25366666666666665
17 0.24963671875 0.07388888888888889 0.09271093749999997 0.14777777777777779
18 0.31354296875000004 0.05513888888888889 0.053367187499999955 0.11027777777777778
10 0.40826953125000004 0.069375 0.11361718750000005 0.13875
19 0.550546875 0.03180555555555555 0.08078125000000007 0.0636111111111111
19 0.7151875000000001 0.08759027777777778 0.11656250000000004 0.17518055555555556
19 0.8179296875000001 0.188125 0.07179687500000007 0.20375
19 0.5514140625 0.1349861111111111 0.03623437500000008 0.03594444444444444
19 0.20363671874999997 0.8760972222222222 0.0189453125 0.035416666666666666
18 0.11199218749999999 0.13903472222222224 0.10217187500000002 0.2780694444444445