14 0.46215624999999994 0.9448333333333333 0.12365624999999998 0.11033333333333341
19 0.568625 0.9531111111111111 0.04743750000000002 0.09377777777777775
17 0.6461328125000001 0.9650347222222221 0.05132812500000004 0.06993055555555543
12 0.25435937500000005 0.9298541666666666 0.12596875000000002 0.14029166666666665
17 0.42948046875 0.8821458333333335 0.06586718749999995 0.15506944444444457
17 0.49667578125 0.7940625 0.07494531250000006 0.18812500000000007
19 0.35300390625 0.7614652777777777 0.06438281249999997 0.1834583333333333
2 0.50555078125 0.6426458333333334 0.20880468749999997 0.4256805555555557
7 0.67394140625 0.7451527777777778 0.18024218750000004 0.40308333333333335
19 0.31505859375 0.5775972222222222 0.10621093750000003 0.19063888888888889
2 0.3018515625 0.5283055555555556 0.20523437500000002 0.2548888888888889
19 0.61216015625 0.4887222222222222 0.09889843749999994 0.16263888888888892
18 0.4613359375 0.3190486111111111 0.19779687500000004 0.2953194444444444
17 0.756796875 0.38720138888888883 0.079109375 0.13704166666666664
19 0.61228125 0.3590555555555555 0.07046875000000004 0.12747222222222218
19 0.30075390625 0.3117916666666667 0.1297890625 0.09447222222222224
19 0.27725390625 0.21729166666666666 0.08777343750000002 0.13847222222222222
19 0.36008593749999995 0.21950694444444446 0.053156249999999974 0.08568055555555555
19 0.28714453125 0.08722222222222221 0.11744531250000004 0.17444444444444443
19 0.3743046875 0.09381250000000001 0.06923437500000004 0.18762500000000001
19 0.7414726562499999 0.060152777777777784 0.07664843749999992 0.11427777777777778
10 0.4949375000000001 0.014270833333333333 0.07120312500000008 0.028541666666666667