17 0.53648046875 0.9011111111111111 0.07683593749999992 0.13208333333333322
17 0.5634335937499999 0.7441249999999999 0.08250781249999992 0.16944444444444445
16 0.2191796875 0.9345763888888888 0.09303125000000001 0.13084722222222228
18 0.10836328125000001 0.9328125 0.12469531250000002 0.134375
4 0.3806015625 0.8169652777777778 0.16478125000000002 0.36329166666666657
17 0.5567226562500001 0.5806527777777778 0.06285156250000004 0.12997222222222227
17 0.44653515624999995 0.5321041666666667 0.08442968749999995 0.13476388888888885
18 0.30584765625 0.4856111111111111 0.0486328125 0.13869444444444445
17 0.6999609375 0.3778472222222222 0.058984375 0.16374999999999998
0 0.6510546875000001 0.44364583333333335 0.07632812500000004 0.17687500000000003
14 0.589328125 0.43478472222222225 0.07093749999999996 0.12293055555555554
18 0.44049609375000004 0.3786388888888889 0.06385156250000001 0.08930555555555553
19 0.5608046874999999 0.33202777777777776 0.18484374999999992 0.20374999999999993
2 0.21626171875 0.41966666666666663 0.03914843750000001 0.13472222222222222
7 0.34394921875 0.3855 0.11372656249999995 0.13080555555555554
19 0.45677734375000006 0.2541111111111111 0.08780468750000008 0.12297222222222225
14 0.2384375 0.35982638888888885 0.05740625000000001 0.09006944444444448
19 0.21718359375000001 0.25755555555555554 0.12907031250000003 0.18238888888888888
19 0.32644531250000003 0.2112013888888889 0.17195312499999998 0.22462500000000002
10 0.5229843750000001 0.1982847222222222 0.1247187499999999 0.10262499999999998
17 0.7693359375 0.22885416666666666 0.07164062499999994 0.17562499999999998
10 0.6549609375000001 0.14479166666666668 0.08101562500000004 0.16430555555555557
19 0.7723984375 0.07319444444444445 0.08020312499999997 0.11388888888888889
19 0.5289609375 0.12195138888888887 0.049249999999999974 0.06129166666666666
14 0.6260546875 0.04377777777777778 0.09006249999999998 0.08755555555555555
14 0.47689453125 0.09506944444444444 0.1266484375000001 0.19013888888888889
2 0.34496875 0.06941666666666667 0.137203125 0.13883333333333334
19 0.71505859375 0.11382638888888888 0.05980468749999997 0.05504166666666666