19 0.5754648437500001 0.9585416666666666 0.07405468749999997 0.08291666666666674
18 0.39138671875000003 0.9722222222222222 0.048867187500000006 0.05555555555555555
18 0.6641171874999999 0.8578472222222222 0.1569218750000001 0.28430555555555564
18 0.79798046875 0.9242777777777778 0.0873046875 0.15144444444444438
17 0.25425390625 0.9350902777777778 0.09866406249999997 0.1298194444444445
19 0.29232031249999996 0.9068819444444444 0.07757812499999997 0.12201388888888877
19 0.317875 0.8213541666666667 0.059218749999999966 0.09829166666666664
17 0.217015625 0.7680277777777778 0.1046875 0.1894444444444445
17 0.48037109375 0.8362986111111111 0.07788281250000004 0.15704166666666658
19 0.37419140625 0.6190486111111111 0.07266406250000004 0.12865277777777778
19 0.7204296875 0.6906597222222222 0.09407812500000005 0.1330416666666666
19 0.7453515625 0.5810833333333333 0.03909374999999997 0.08230555555555555
19 0.8659218750000001 0.6517222222222222 0.023265625000000158 0.028888888888888825
19 0.52585546875 0.7395277777777778 0.07161718750000005 0.07938888888888893
19 0.16998828124999998 0.7208333333333333 0.03405468750000003 0.0705555555555555
19 0.280390625 0.7771875 0.04396874999999998 0.10868055555555556
19 0.24924999999999997 0.5332916666666666 0.03792187499999997 0.06441666666666666
19 0.47389843750000005 0.4081111111111111 0.13218750000000004 0.14833333333333332
11 0.55206640625 0.2962083333333333 0.09772656249999993 0.27325
19 0.6331953125 0.4134166666666667 0.061406249999999926 0.10166666666666672
19 0.21168750000000003 0.3910138888888888 0.055859375 0.08694444444444448
19 0.42300390625000006 0.28121527777777783 0.11225781250000004 0.15993055555555552
7 0.23080078125 0.19875000000000004 0.1471484375 0.3855555555555556
8 0.683640625 0.20142361111111107 0.25603125000000004 0.359375
19 0.83313671875 0.1724513888888889 0.05232031249999984 0.10787500000000003
19 0.4259765625 0.08613888888888889 0.06414062499999998 0.17227777777777778
2 0.6022109375 0.08120138888888889 0.302140625 0.16240277777777778
19 0.49369531250000004 0.277 0.06909375000000004 0.11683333333333334
19 0.5898671875 0.08775 0.16793750000000002 0.1755