18 0.5816484375 0.7914861111111111 0.08251562499999991 0.1195277777777777
16 0.32606640625 0.8582777777777778 0.05666406249999998 0.09480555555555555
13 0.284859375 0.6330069444444444 0.07445312499999997 0.09101388888888885
12 0.641875 0.45375 0.115625 0.09222222222222219
18 0.5334765625 0.10708333333333332 0.13148437499999996 0.21416666666666664
10 0.51719140625 0.9263194444444444 0.12280468750000004 0.147361111111111
17 0.49966406249999995 0.5190069444444444 0.08676562499999996 0.11856944444444445
12 0.531640625 0.3288125 0.15734375000000006 0.22431944444444443
12 0.419921875 0.5586041666666667 0.06656250000000004 0.10445833333333339
12 0.21330859374999997 0.7029513888888889 0.0669921875 0.12134722222222215
18 0.33924609375 0.4640902777777777 0.10188281249999998 0.13268055555555552
18 0.26564062499999996 0.8035694444444443 0.11503125 0.11849999999999991
19 0.7195195312500001 0.6924236111111111 0.16821093750000005 0.3457361111111112
19 0.64259375 0.9101597222222222 0.052999999999999936 0.09726388888888884
18 0.43664062500000006 0.7131388888888888 0.02843750000000007 0.03558333333333326
19 0.37609375 0.5923194444444444 0.06495312500000003 0.15452777777777776
14 0.18314453125 0.02821527777777778 0.033320312499999984 0.05643055555555556
17 0.49719921874999995 0.6162083333333334 0.09674218749999994 0.07147222222222227
19 0.42956640625000003 0.8326180555555556 0.08075781249999996 0.12329166666666665
17 0.4205859375 0.9569305555555556 0.06848437500000001 0.08613888888888886
14 0.38619531250000005 0.3579305555555556 0.07760937499999998 0.20208333333333334
2 0.4291875 0.19797916666666668 0.048843749999999984 0.21126388888888892
0 0.45716796875000004 0.027638888888888886 0.07125781250000003 0.05527777777777777
2 0.42152343750000004 0.6484166666666666 0.04253125000000004 0.07738888888888892
19 0.5764687500000001 0.8723541666666665 0.04990625000000008 0.05256944444444432
19 0.5950312500000001 0.6584652777777779 0.036046875000000075 0.09698611111111116
18 0.13103906250000003 0.21304861111111112 0.12245312500000001 0.42609722222222224