19 0.54453125 0.95625 0.04609375 0.0875
19 0.3806640625 0.9697222222222222 0.07289062499999996 0.06055555555555543
16 0.6833984375 0.9663402777777778 0.06570312499999993 0.06731944444444449
19 0.49704296875000004 0.9388888888888889 0.09319531249999997 0.12222222222222222
2 0.69034375 0.8254652777777778 0.09949999999999992 0.1596805555555556
17 0.588203125 0.8068194444444445 0.08118750000000005 0.20936111111111114
2 0.508125 0.7331319444444445 0.15150000000000005 0.22768055555555564
19 0.3820546875 0.8351944444444445 0.07889062499999996 0.2259722222222223
17 0.29617187500000003 0.8076249999999998 0.07185937500000002 0.12549999999999986
0 0.24031249999999998 0.7601249999999999 0.08109374999999999 0.20775
19 0.7471132812500001 0.5577222222222223 0.14269531250000006 0.28844444444444456
19 0.3169296875 0.632076388888889 0.074125 0.2226527777777777
17 0.7291484375 0.4622152777777777 0.079875 0.1491805555555555
8 0.3672109375 0.5757222222222222 0.06654687500000005 0.11380555555555563
19 0.48099218750000006 0.5505416666666666 0.09856250000000007 0.13027777777777771
14 0.28656249999999994 0.5262222222222223 0.07796874999999996 0.16605555555555548
19 0.33958203125 0.4765069444444444 0.0655390625 0.13731944444444444
17 0.39788671875000003 0.43084722222222227 0.0643515625 0.1544166666666667
19 0.6482695312500001 0.4663125 0.1000859375000001 0.2193472222222223
10 0.5893828125 0.33270833333333333 0.11570312499999993 0.28194444444444444
19 0.505296875 0.41252083333333334 0.07523437499999996 0.1564583333333333
14 0.388421875 0.3615 0.22179687499999998 0.24472222222222226
19 0.63708203125 0.34431944444444446 0.12021093749999992 0.25530555555555556
19 0.2552734375 0.1629861111111111 0.07648437499999998 0.13180555555555556
14 0.31040234375000003 0.21883333333333332 0.10033593750000006 0.1537777777777778
19 0.36890625 0.3070347222222222 0.09015624999999998 0.20656944444444447
19 0.45192187500000003 0.22704166666666667 0.10048437499999992 0.08019444444444446
19 0.5520898437499999 0.23095833333333332 0.0693359375 0.08144444444444443
19 0.40554687500000003 0.12491666666666666 0.18203125 0.13594444444444445
19 0.6315234375000001 0.04465277777777778 0.13207812499999996 0.08930555555555555
19 0.44934765624999995 0.02904861111111111 0.0849609375 0.05809722222222222
19 0.51204296875 0.0324375 0.04344531249999992 0.064875
19 0.5371523437500001 0.08568055555555555 0.06149218750000003 0.1300277777777778
12 0.24156249999999999 0.06281944444444444 0.09609375 0.12563888888888888