19 0.35899609374999997 0.9567638888888889 0.06997656249999995 0.08647222222222221
8 0.6641054687500001 0.9772291666666667 0.08569531250000004 0.04554166666666662
19 0.56582421875 0.9306944444444445 0.12694531250000002 0.13861111111111105
19 0.45056250000000003 0.9322777777777778 0.10320312499999998 0.13544444444444442
19 0.17319140625 0.7629791666666667 0.07839843750000001 0.1725972222222222
19 0.2552890625 0.7252013888888889 0.13132812500000002 0.3038472222222222
19 0.47613281250000006 0.7503541666666667 0.18531250000000005 0.305875
19 0.38548046874999997 0.8563194444444444 0.02757031249999997 0.060777777777777764
17 0.5574804687499999 0.7812430555555555 0.04635156249999994 0.10004166666666663
15 0.36148828125000004 0.7050833333333334 0.05738281250000003 0.19213888888888894
12 0.20389453125 0.6053125 0.05607031249999998 0.09987499999999995
15 0.6050703125 0.6396805555555556 0.11814062500000003 0.1835555555555555
19 0.5213828125 0.5774652777777778 0.08973437499999992 0.16651388888888888
19 0.443671875 0.5082430555555556 0.061765624999999956 0.19412499999999996
14 0.68625 0.43247916666666664 0.10698437500000005 0.11129166666666666
8 0.4809179687499999 0.47796527777777775 0.06077343749999997 0.1274583333333333
5 0.31497265625 0.37317361111111114 0.08380468749999999 0.17504166666666662
19 0.218734375 0.3277013888888889 0.05362499999999999 0.0931805555555556
17 0.7831796875 0.08702777777777779 0.07279687499999996 0.1607777777777778
13 0.7638789062500001 0.04351388888888889 0.04522656250000008 0.08702777777777777
19 0.5940234375 0.14977083333333333 0.04301562499999996 0.08234722222222221
19 0.55266796875 0.06704166666666667 0.1941171875 0.13408333333333333
19 0.4015625 0.12231944444444444 0.11470312499999995 0.23922222222222222
19 0.23722265625000002 0.03800694444444444 0.02867968750000003 0.0745138888888889
8 0.3723359375 0.02292361111111111 0.01875 0.04584722222222222
12 0.30946875 0.03959027777777778 0.06948437500000004 0.07918055555555556
16 0.50352734375 0.23790972222222223 0.09275781250000001 0.151125