19 0.66629296875 0.9363888888888888 0.22477343750000003 0.1272222222222221
11 0.49162109374999996 0.9321111111111111 0.07249218749999997 0.1337222222222222
17 0.813140625 0.9513124999999999 0.08481249999999996 0.09737499999999986
15 0.3077421875 0.7970972222222223 0.07140624999999998 0.23680555555555555
0 0.41851953124999997 0.7024861111111111 0.041882812499999963 0.11441666666666667
19 0.48082421875000003 0.7579722222222223 0.08946093749999999 0.20705555555555552
19 0.6227148437500001 0.8246388888888889 0.1759765625 0.2559999999999999
3 0.7290859375 0.834875 0.07429687499999993 0.11883333333333326
3 0.3480078125 0.8352152777777778 0.06384375000000002 0.19101388888888884
19 0.42205859375 0.827673611111111 0.10435156249999995 0.21012499999999995
19 0.36681640625 0.6934513888888888 0.07933593749999997 0.1605138888888888
12 0.344625 0.5987986111111111 0.09378124999999997 0.12265277777777771
10 0.7690117187500001 0.642625 0.06260156250000008 0.2144444444444444
2 0.70849609375 0.6012708333333333 0.05980468749999997 0.1267361111111111
19 0.6451640624999999 0.65925 0.061234375000000084 0.12877777777777774
19 0.5848515625 0.6721805555555556 0.057015625000000014 0.11758333333333329
3 0.48238281250000004 0.495 0.087109375 0.3697222222222223
18 0.5571875000000001 0.4350833333333333 0.0875 0.36733333333333335
19 0.43561328125000004 0.5892499999999999 0.053726562499999984 0.11599999999999998
17 0.4144140625 0.39952083333333327 0.05414062499999996 0.12065277777777779
2 0.6580546875000001 0.41500000000000004 0.13256250000000006 0.30974999999999997
11 0.8259375 0.4770347222222222 0.07937499999999993 0.1826805555555555
13 0.76105078125 0.28127777777777774 0.1793046875000001 0.3093888888888889
19 0.7278515624999999 0.4482916666666667 0.04137500000000003 0.0900555555555556
19 0.305015625 0.21223611111111113 0.16325000000000003 0.3594166666666666
11 0.45487109375 0.24918055555555554 0.14213281250000004 0.17308333333333334
12 0.5878593750000001 0.18851388888888887 0.07318750000000004 0.12186111111111113
17 0.43165234375 0.11006944444444444 0.10061718749999997 0.12758333333333335
19 0.50025390625 0.07567361111111111 0.10272656250000001 0.15134722222222222
19 0.62584375 0.07442361111111111 0.10060937499999997 0.10631944444444444
2 0.7531953124999999 0.036895833333333336 0.06824999999999992 0.07379166666666667
3 0.812296875 0.028770833333333332 0.04995312500000004 0.057541666666666665
19 0.33901171875 0.07115277777777779 0.08003906250000004 0.13508333333333336
19 0.2280703125 0.03332638888888889 0.06484375 0.06665277777777778