7 0.45684765625 0.9314444444444444 0.07952343749999997 0.13711111111111116
7 0.260390625 0.9144305555555555 0.12800000000000003 0.17113888888888892
12 0.6993984375 0.9168194444444444 0.10232812500000002 0.16636111111111107
19 0.37502734375 0.9040972222222221 0.1305703125 0.19180555555555542
19 0.5545234375000001 0.9501736111111111 0.11517187500000006 0.09965277777777778
19 0.604703125 0.7565208333333334 0.06485937499999998 0.10370833333333336
3 0.4179453125 0.7601041666666666 0.06789062500000002 0.11451388888888896
19 0.4208046875 0.6741388888888888 0.052671875000000014 0.05763888888888889
19 0.46759765625 0.6594444444444445 0.053726562499999984 0.21897222222222218
18 0.5803828125 0.6444166666666666 0.10739062500000003 0.11347222222222228
19 0.52229296875 0.6228541666666666 0.09827343749999998 0.1001527777777778
19 0.688625 0.6939722222222222 0.09625000000000003 0.16747222222222227
18 0.7165078125 0.42366666666666664 0.2087031249999999 0.42405555555555546
3 0.430953125 0.4910833333333333 0.06453124999999997 0.27425000000000005
17 0.6296484375 0.5739027777777778 0.04787499999999998 0.0731666666666666
16 0.56129296875 0.5078819444444445 0.12263281250000002 0.21904166666666672
12 0.31618359375000005 0.44532638888888887 0.10844531249999996 0.14376388888888889
19 0.3253515625 0.5530138888888889 0.05620312500000004 0.039444444444444414
19 0.24938671875 0.500826388888889 0.07172656249999995 0.1564027777777778
19 0.51846484375 0.36376388888888883 0.08275781250000006 0.1816944444444444
0 0.4543203125 0.23603472222222222 0.08479687499999997 0.22595833333333332
7 0.36280078125 0.26484722222222223 0.12560156249999999 0.23247222222222222
19 0.21656640624999998 0.22613194444444445 0.04561718749999999 0.09801388888888887
19 0.28656640625 0.19562500000000002 0.07483593749999998 0.15402777777777776
19 0.5137578125 0.20963194444444444 0.05404687500000005 0.13406944444444444
10 0.58331640625 0.10414583333333335 0.1806640625 0.19806944444444446
16 0.44061328125 0.114625 0.0810546875 0.09605555555555555
19 0.7981835937499999 0.1378888888888889 0.08527343749999998 0.23266666666666672
17 0.7314804687500001 0.15965277777777775 0.07007031250000004 0.09305555555555553
19 0.51026953125 0.08985416666666665 0.07852343749999999 0.1455972222222222
19 0.35280468750000005 0.11086805555555554 0.07260937500000005 0.11256944444444446
17 0.3350625 0.05683333333333333 0.09965624999999996 0.11258333333333334
17 0.6976953124999999 0.10710416666666665 0.06565624999999997 0.05404166666666666
19 0.66669140625 0.05301388888888889 0.2273515625 0.10602777777777778