19 0.42445703125000006 0.9304652777777777 0.17921093749999994 0.1390694444444446
19 0.57515234375 0.9573263888888889 0.0664140625 0.08534722222222228
19 0.2117265625 0.8700833333333334 0.034343750000000006 0.053416666666666716
19 0.39532812500000003 0.7785763888888889 0.06393750000000002 0.17412499999999992
19 0.50469140625 0.8693472222222223 0.15607031249999997 0.23538888888888893
19 0.46252734375 0.8135416666666667 0.08542968749999993 0.1879166666666666
10 0.5771796874999999 0.7832291666666666 0.10426562500000003 0.24693055555555551
19 0.8226171875 0.7018263888888889 0.14656249999999993 0.24320833333333336
10 0.523890625 0.724548611111111 0.18667187500000004 0.22637500000000002
19 0.25285156249999996 0.5879861111111111 0.09320312499999997 0.16777777777777772
19 0.30489453125 0.6663055555555556 0.02708593749999997 0.03955555555555558
19 0.578546875 0.5214444444444445 0.05675000000000008 0.15863888888888894
14 0.7550468749999999 0.4172152777777777 0.20726562499999995 0.4037361111111112
17 0.6085 0.5632083333333334 0.06439062500000006 0.14472222222222228
19 0.42680468750000006 0.6265277777777778 0.14320312499999996 0.2124444444444445
19 0.50437890625 0.5256180555555555 0.06799218749999998 0.12929166666666672
19 0.5194726562499999 0.6184722222222222 0.03203906249999999 0.054944444444444365
19 0.40305859374999997 0.5294583333333334 0.0505859375 0.1025555555555556
19 0.54259765625 0.4380625 0.05047656249999992 0.08973611111111113
19 0.2540859375 0.39951388888888884 0.04440625000000002 0.08333333333333333
19 0.436453125 0.3434652777777778 0.05803124999999998 0.19023611111111116
10 0.37756640625 0.37441666666666673 0.059117187500000015 0.33125
18 0.511484375 0.30194444444444446 0.14437499999999998 0.24333333333333332
19 0.653359375 0.37958333333333333 0.09764062500000001 0.09102777777777776
19 0.25587109375 0.28984027777777777 0.07541406249999998 0.12523611111111113
19 0.30896484375 0.31729861111111113 0.0483359375 0.10109722222222225
19 0.44625000000000004 0.18829166666666666 0.07046875000000004 0.10850000000000001
19 0.538921875 0.21250694444444443 0.1002812500000001 0.15248611111111113
8 0.63664453125 0.1315833333333333 0.12485156249999996 0.26155555555555554
19 0.7955078125 0.1718472222222222 0.17804687500000008 0.33925
19 0.40273828125 0.10916666666666666 0.12857031249999995 0.21319444444444444
19 0.28714453125 0.14652083333333332 0.11744531250000004 0.1912083333333333
19 0.18453515625 0.1586111111111111 0.04821093750000001 0.10549999999999997
19 0.23028125 0.15421527777777777 0.08035937500000001 0.1362638888888889
19 0.4688671875 0.060625 0.04324999999999992 0.10805555555555556
19 0.492984375 0.02765972222222222 0.06923437499999992 0.05531944444444444
19 0.2883828125 0.035354166666666666 0.08778125 0.07070833333333333
17 0.20369921875000002 0.03883333333333334 0.0642890625 0.07252777777777777
17 0.56592578125 0.028944444444444443 0.07911718749999999 0.05275