19 0.99477734375 0.01670138888888889 0.010445312499999915 0.03340277777777778
2 0.5086328124999999 0.9700694444444443 0.06882812499999993 0.05986111111111098
3 0.30636718749999997 0.995 0.012890625 0.010000000000000063
10 0.4 0.9784722222222222 0.11640625 0.043055555555555555
12 0.60255078125 0.9343194444444444 0.08333593750000005 0.131361111111111
19 0.6816953124999999 0.9183819444444444 0.11974999999999998 0.16323611111111108
19 0.731484375 0.8845902777777778 0.05710937499999993 0.14695833333333325
19 0.55516796875 0.7457916666666667 0.05363281250000007 0.1364166666666667
19 0.4003828125 0.9175972222222223 0.06654687500000005 0.13908333333333348
19 0.40019140625 0.8055625 0.06436718750000003 0.13818055555555556
19 0.34580859375 0.9077569444444443 0.027664062499999975 0.04659722222222216
19 0.34146484374999997 0.8141041666666666 0.0697265625 0.13523611111111095
18 0.293265625 0.785923611111111 0.08379687499999999 0.13626388888888874
19 0.24991406249999998 0.7577777777777778 0.083875 0.1539166666666666
18 0.189296875 0.8006736111111111 0.04456249999999999 0.09223611111111123
6 0.3263125 0.6193888888888889 0.126453125 0.21586111111111106
19 0.4487695312500001 0.6825 0.05910156250000007 0.15708333333333335
19 0.5108359375 0.6222708333333333 0.06026562500000008 0.10148611111111103
19 0.61557421875 0.627548611111111 0.06858593749999997 0.11406944444444443
18 0.70831640625 0.5385208333333333 0.13517968749999998 0.3568194444444446
19 0.80985546875 0.5581527777777778 0.11122656249999992 0.1818611111111112
12 0.28390234375 0.37390972222222224 0.12491406249999999 0.2159861111111111
19 0.52406640625 0.4737777777777778 0.1257890625 0.19227777777777785
19 0.6293046875 0.4546875 0.08781250000000007 0.23948611111111115
10 0.34992187500000005 0.31306944444444446 0.07937500000000001 0.21958333333333335
19 0.47563281249999995 0.26377083333333334 0.19810937499999998 0.2278194444444444
17 0.6287499999999999 0.27266666666666667 0.07021875000000008 0.10055555555555552
18 0.52836328125 0.17014583333333333 0.1404296875 0.2007638888888889
12 0.36627734375000004 0.04736805555555555 0.08660156249999998 0.0947361111111111
19 0.47687109375 0.07024999999999999 0.1404296875 0.14049999999999999
18 0.11199218749999999 0.13903472222222224 0.10217187500000002 0.2780694444444445