3 0.780078125 0.94375 0.06171875 0.1125
3 0.42503515625 0.9266111111111113 0.12633593750000002 0.14427777777777792
17 0.5034375 0.9881249999999999 0.02703124999999993 0.023749999999999875
19 0.33474218749999995 0.9317708333333333 0.09739062499999998 0.13645833333333332
19 0.2219140625 0.9329166666666666 0.119921875 0.13416666666666655
17 0.53996875 0.8418125000000001 0.08046875 0.14565277777777763
16 0.630984375 0.9113958333333334 0.06709375000000009 0.1027638888888889
3 0.61475 0.8097777777777777 0.09520312499999992 0.11680555555555543
17 0.47220312499999995 0.7729097222222222 0.06232812499999998 0.13859722222222218
18 0.34226171875 0.8392916666666667 0.04377343749999998 0.0753611111111111
4 0.42208203125 0.7753888888888889 0.06144531250000003 0.14669444444444438
11 0.553515625 0.7143958333333333 0.07531250000000007 0.10398611111111104
19 0.62487890625 0.7290972222222223 0.07080468750000009 0.05616666666666674
12 0.58473046875 0.627375 0.11966406250000006 0.17725000000000002
12 0.49350390625000007 0.5586597222222223 0.11774218750000003 0.2587916666666667
8 0.40390625 0.6919444444444445 0.08703125000000003 0.17944444444444452
19 0.33053906250000004 0.7300694444444444 0.07826562500000005 0.10263888888888893
18 0.32385156249999997 0.6349513888888888 0.10754687499999997 0.3068472222222223
3 0.6350859375 0.4763611111111111 0.10512499999999995 0.3154722222222222
7 0.70505859375 0.5444722222222222 0.0787109375 0.2125555555555555
3 0.7126171875 0.3745763888888889 0.13070312499999998 0.2819305555555556
2 0.37270703124999993 0.43211805555555555 0.09588281249999997 0.2659027777777778
19 0.41664062500000004 0.5495208333333333 0.058812499999999976 0.11704166666666664
18 0.24447265624999998 0.4604027777777777 0.04535156249999996 0.08583333333333328
8 0.5185234375000001 0.428875 0.08076562500000009 0.15030555555555558
1 0.57859375 0.4241458333333334 0.057062499999999974 0.13604166666666673
17 0.2677890625 0.3932361111111111 0.07973437499999995 0.1131388888888889
16 0.40641015625000004 0.32430555555555557 0.04242968749999996 0.07152777777777777
3 0.46866015625 0.3522708333333333 0.062179687499999935 0.15345833333333334
19 0.5536640625 0.30113194444444447 0.11631250000000008 0.09604166666666664
19 0.59126171875 0.23075694444444442 0.062179687499999935 0.07137499999999998
3 0.50721484375 0.2584513888888889 0.08632031250000001 0.09868055555555558
19 0.4424023437500001 0.1912152777777778 0.06847656250000007 0.18270833333333336
18 0.37087109375000005 0.20459722222222224 0.08107031250000003 0.1688611111111111
3 0.24146874999999998 0.2554444444444445 0.11628125000000003 0.1623611111111111
15 0.8287226562500001 0.214625 0.11372656250000004 0.20816666666666667
15 0.7765546875 0.12273611111111112 0.07095312500000003 0.12094444444444442
3 0.75171875 0.042840277777777776 0.08126562499999998 0.08568055555555555
8 0.627328125 0.1298888888888889 0.10460937500000007 0.14824999999999997
10 0.67121875 0.07144444444444444 0.07681249999999995 0.14288888888888887
5 0.30187890624999997 0.12968055555555555 0.0798828125 0.18413888888888894
14 0.36815625 0.09301388888888888 0.06846875000000004 0.08583333333333334
17 0.52527734375 0.08754861111111113 0.05617968750000006 0.10298611111111113
18 0.5955078125 0.02816666666666667 0.059687500000000074 0.05633333333333334
2 0.5231054687500001 0.12890972222222222 0.11496093750000007 0.20754166666666668
5 0.181609375 0.0969375 0.04474999999999998 0.07806944444444446
14 0.45707421875000004 0.059847222222222225 0.14852343750000005 0.11969444444444445
14 0.28801171875000003 0.028951388888888888 0.10533593750000003 0.057902777777777775
19 0.3659609375 0.023333333333333334 0.035812500000000025 0.04666666666666667
16 0.17503515625000002 0.3736319444444444 0.09491406250000001 0.15543055555555552