19 0.99477734375 0.01670138888888889 0.010445312499999915 0.03340277777777778
12 0.25440234375 0.9348194444444443 0.12005468749999997 0.13036111111111098
17 0.388671875 0.9444444444444444 0.06796875 0.1111111111111111
12 0.53086328125 0.9620763888888888 0.08916406250000009 0.07584722222222208
18 0.68898828125 0.828798611111111 0.10235156249999999 0.2255416666666665
19 0.466609375 0.7476111111111111 0.107421875 0.20972222222222223
19 0.33941796874999997 0.8094097222222222 0.03900781249999996 0.08173611111111098
19 0.3782109375 0.8763888888888889 0.06501562500000002 0.11558333333333337
19 0.22137109375000003 0.8337777777777777 0.025632812499999956 0.051833333333333245
2 0.22469531250000002 0.6684583333333333 0.11031250000000001 0.3077222222222221
17 0.34635937499999997 0.6372847222222222 0.07414062499999999 0.1519027777777777
0 0.5688593750000001 0.6602777777777777 0.05556249999999992 0.15416666666666667
19 0.6727734375 0.657875 0.07585937499999992 0.10491666666666662
19 0.5298203125 0.5790416666666667 0.131453125 0.24586111111111109
19 0.28612109375 0.4142430555555556 0.09597656250000001 0.20018055555555556
19 0.5355117187499999 0.4277361111111111 0.07272656249999994 0.11824999999999998
19 0.6706796875000001 0.4209097222222222 0.15707812499999996 0.18568055555555552
19 0.36382812500000006 0.4976180555555555 0.030718750000000038 0.06068055555555563
19 0.69923828125 0.31264583333333335 0.1232421875 0.2383194444444445
10 0.5161914062499999 0.27293055555555557 0.11725781249999993 0.12733333333333335
19 0.5124609375 0.11777777777777777 0.17898437499999992 0.23555555555555555
5 0.7495390625 0.2054652777777778 0.09128124999999994 0.20593055555555553
13 0.32207421875 0.04685416666666667 0.13852343749999996 0.09370833333333334
18 0.11199218749999999 0.13903472222222224 0.10217187500000002 0.2780694444444445