19 0.549609375 0.9194444444444444 0.18984375 0.16111111111111112
17 0.3995820312499999 0.9719999999999999 0.04042968749999996 0.05599999999999991
18 0.4376328125000001 0.9402222222222221 0.061812499999999916 0.11955555555555546
17 0.2642578125 0.8890972222222222 0.07679687499999996 0.21486111111111117
7 0.34523828125 0.8870486111111112 0.07825781249999997 0.19606944444444455
18 0.18441796875 0.9738888888888888 0.03238281250000001 0.052222222222222094
19 0.2391484375 0.9162708333333333 0.06582812499999999 0.11259722222222214
19 0.3471171875 0.8269305555555555 0.08951562500000003 0.3364166666666667
17 0.46399609375000006 0.8166875000000001 0.062460937500000036 0.10956944444444458
17 0.6253515625 0.7548402777777778 0.04351562500000004 0.16468055555555547
14 0.7720390625 0.8882361111111111 0.04643750000000004 0.07805555555555561
16 0.6887382812499999 0.7502013888888889 0.07347656249999997 0.1970416666666666
0 0.498765625 0.7064652777777778 0.10721875 0.30459722222222213
17 0.7666953125 0.5836319444444444 0.057703124999999925 0.14659722222222216
2 0.27346875000000004 0.622375 0.04898437500000004 0.1390833333333333
19 0.2353671875 0.6306527777777778 0.05823437499999997 0.10269444444444452
16 0.4186484375 0.5943333333333333 0.043390624999999974 0.09294444444444439
19 0.44743750000000004 0.697875 0.033421874999999976 0.07922222222222225
17 0.45796484374999996 0.4963263888888889 0.08583593749999992 0.09631944444444447
16 0.72244921875 0.4917499999999999 0.13439843749999997 0.2655555555555556
11 0.25390625 0.4382291666666666 0.11765625000000002 0.24506944444444448
19 0.44190234375 0.41618750000000004 0.09978906250000001 0.11384722222222227
19 0.815609375 0.3256597222222223 0.12360937499999994 0.22262499999999996
0 0.722890625 0.2685416666666667 0.06182812500000008 0.13863888888888887
19 0.61460546875 0.3000625 0.05471093749999998 0.10651388888888888
19 0.5315820312499999 0.2895138888888889 0.06511718749999992 0.12541666666666668
17 0.67983984375 0.18878472222222223 0.060789062499999956 0.1217361111111111
11 0.5009570312499999 0.22747916666666665 0.1348671875000001 0.10559722222222225
19 0.58661328125 0.16088194444444445 0.10338281249999995 0.15231944444444448
14 0.27639843750000004 0.08881249999999999 0.04862500000000001 0.1440972222222222
19 0.46687500000000004 0.08313194444444444 0.10131250000000006 0.16626388888888888
3 0.61682421875 0.0933125 0.07902343750000007 0.13148611111111114
13 0.61986328125 0.0146875 0.07497656250000002 0.029375
19 0.6507617187499999 0.05188194444444445 0.06180468749999992 0.07384722222222223
11 0.7287812499999999 0.0191875 0.10435937499999995 0.038375
12 0.8371875 0.11222916666666667 0.06382812499999986 0.1440972222222222
11 0.1862421875 0.01826388888888889 0.054671874999999995 0.03652777777777778