0 0.2331953125 0.9686805555555554 0.10404687500000002 0.06263888888888876
19 0.50587109375 0.9378333333333333 0.13685156250000005 0.12433333333333331
3 0.61341015625 0.9386805555555556 0.08286718749999995 0.12263888888888883
19 0.7598359374999999 0.954375 0.10517187499999991 0.09125000000000007
10 0.73851953125 0.8279652777777777 0.10638281250000006 0.28715277777777776
19 0.34940234375 0.8612430555555556 0.1658203125 0.27751388888888884
19 0.3815078125 0.8638055555555556 0.105171875 0.27238888888888874
2 0.23238671875 0.7468125000000001 0.10749218750000003 0.26087499999999997
19 0.49768749999999995 0.7425694444444444 0.10242187499999993 0.16208333333333338
8 0.636828125 0.7050694444444444 0.13432812500000005 0.15641666666666676
0 0.82485546875 0.6487847222222223 0.054367187500000025 0.07729166666666663
8 0.7251562500000001 0.5243541666666667 0.08492187500000004 0.2175138888888889
19 0.63223046875 0.5934097222222222 0.06697656250000002 0.12829166666666666
19 0.27173046875000006 0.6478055555555555 0.08422656249999996 0.12302777777777783
19 0.303625 0.7337013888888889 0.037203125000000004 0.10359722222222219
19 0.40698437500000006 0.5531666666666666 0.22445312499999998 0.3284722222222222
19 0.5803125 0.5332083333333333 0.039390625000000054 0.062416666666666745
19 0.58252734375 0.5709722222222222 0.08963281250000002 0.10930555555555561
19 0.4934765625 0.5083402777777778 0.11374999999999993 0.19623611111111106
17 0.57762109375 0.4720416666666667 0.06728906250000008 0.12277777777777775
10 0.270578125 0.517625 0.12546875000000002 0.11994444444444446
19 0.297265625 0.4451875 0.05982812500000003 0.10484722222222223
10 0.18527734375 0.4395347222222222 0.18164843749999998 0.13426388888888882
12 0.3059609375 0.33964583333333337 0.10026562500000002 0.1527916666666667
19 0.47837109375000003 0.2684305555555555 0.13232031249999993 0.2263055555555556
17 0.39256640625 0.2810972222222222 0.08425781249999997 0.12883333333333333
9 0.24137109375000004 0.16136805555555556 0.15633593750000002 0.23718055555555553
19 0.81994921875 0.4128611111111111 0.09016406249999998 0.1348055555555555
10 0.8123671874999999 0.28628472222222223 0.101953125 0.1602916666666666
2 0.797046875 0.14085416666666667 0.11937500000000005 0.28170833333333334
19 0.1625703125 0.3414027777777778 0.07189062499999999 0.12405555555555559
19 0.40308593750000005 0.12618055555555555 0.16382812500000005 0.2523611111111111
12 0.64965234375 0.15334722222222222 0.07789843750000003 0.13669444444444448
16 0.188125 0.059708333333333335 0.09234374999999999 0.11941666666666667
17 0.49781250000000005 0.07465972222222221 0.04703125000000004 0.08070833333333334
19 0.64 0.03572222222222222 0.13453125000000005 0.07144444444444444