14 0.2455078125 0.9022916666666666 0.119921875 0.19541666666666674
16 0.4366914062499999 0.9152638888888889 0.15596093750000004 0.1694722222222222
19 0.42765234375 0.9155972222222223 0.0695390625 0.1617777777777778
17 0.38789453125 0.806513888888889 0.07688281250000002 0.1808888888888889
19 0.12321875 0.7678819444444445 0.11459375000000001 0.21195833333333344
19 0.27323437500000003 0.5904861111111112 0.043671874999999985 0.42444444444444446
19 0.5539453125 0.8348055555555557 0.06492187499999993 0.11930555555555568
19 0.48496484374999993 0.8039027777777777 0.1046015624999999 0.13663888888888903
2 0.65262109375 0.6749861111111112 0.16625781249999996 0.34977777777777774
19 0.64301171875 0.6804305555555555 0.09786718749999998 0.11538888888888894
19 0.56144921875 0.7111111111111111 0.08653906249999999 0.1886388888888888
19 0.48917968749999996 0.5939583333333334 0.19523437500000002 0.3345
19 0.20075390624999997 0.6770625 0.08553906250000001 0.23690277777777768
19 0.26249609374999994 0.6052152777777777 0.04838281249999996 0.12840277777777784
19 0.40230078125 0.6058194444444445 0.018601562499999957 0.027972222222222204
10 0.37791796874999994 0.591673611111111 0.09466406249999997 0.3024027777777778
17 0.22351171875000003 0.4875833333333333 0.07983593750000002 0.13761111111111116
19 0.3283671875 0.5678541666666667 0.014421875000000028 0.024680555555555532
19 0.28594140625 0.4443402777777778 0.0724609375 0.10329166666666667
14 0.45630859374999994 0.33542361111111113 0.09242968749999995 0.16618055555555553
19 0.76083984375 0.4480416666666666 0.06811718750000004 0.11011111111111108
9 0.30570312499999996 0.3096527777777778 0.15718750000000004 0.21333333333333337
19 0.5004296874999999 0.4125416666666667 0.015453124999999979 0.022888888888888913
10 0.8091484375 0.22500694444444444 0.07126562499999993 0.2119305555555556
15 0.3722265625 0.1590347222222222 0.06992187500000005 0.09829166666666664
19 0.573765625 0.14737499999999998 0.05684374999999999 0.17336111111111108
19 0.5951992187499999 0.1959791666666667 0.06082031249999993 0.12943055555555555
19 0.34277734375 0.06630555555555556 0.10013281249999997 0.1252777777777778
3 0.5380468749999999 0.042124999999999996 0.18679687499999992 0.07252777777777777
17 0.42183984375000005 0.02271527777777778 0.05822656249999998 0.04543055555555556
16 0.7925 0.08488194444444444 0.138859375 0.1617361111111111
19 0.8686171875000002 0.1489652777777778 0.010015625000000129 0.027986111111111118
18 0.3296875 0.95625 0.06015625 0.0875