19 0.47819921875000004 0.9706944444444444 0.20916406250000003 0.058611111111111176
12 0.7107109374999999 0.86975 0.14984374999999997 0.2604999999999999
19 0.19864453125000003 0.8999652777777777 0.09716406250000002 0.16615277777777793
19 0.6143203125000001 0.8487083333333333 0.05192187500000003 0.14069444444444437
19 0.36932031249999997 0.773888888888889 0.057937499999999975 0.15341666666666673
19 0.43625390625 0.8251736111111111 0.08174218750000004 0.20712500000000014
2 0.47798046875000005 0.7298055555555556 0.11692968750000006 0.44977777777777767
17 0.803515625 0.9284722222222223 0.06640625 0.14305555555555555
19 0.33173046875 0.7670902777777777 0.033476562500000015 0.065625
19 0.3913125 0.6672777777777777 0.09701562500000005 0.14499999999999996
9 0.6030234375 0.6594444444444444 0.15882812499999996 0.20166666666666672
19 0.8608593750000001 0.8983888888888888 0.02379687500000003 0.02930555555555543
19 0.7566640625 0.6205416666666667 0.01648437499999993 0.02386111111111104
19 0.312890625 0.7070000000000001 0.011328125 0.01955555555555561
19 0.16065234374999998 0.604923611111111 0.036039062499999996 0.05698611111111107
19 0.283796875 0.38925 0.04775 0.11916666666666664
19 0.3131640625 0.43751388888888887 0.05632812500000002 0.2926388888888889
19 0.32704687499999996 0.5703055555555555 0.019578124999999957 0.02563888888888894
19 0.38683203125 0.5386111111111112 0.07314843750000004 0.14286111111111113
19 0.40503124999999995 0.4039027777777778 0.08756249999999999 0.13930555555555554
19 0.6103164062499999 0.29928472222222224 0.06766406249999993 0.23190277777777782
19 0.43655859375000006 0.29985416666666664 0.05563281250000003 0.09706944444444443
19 0.30615234375 0.24063194444444444 0.08191406250000002 0.10623611111111113
19 0.4455234375 0.19563194444444443 0.07926562500000003 0.1142916666666667
19 0.52841796875 0.11172222222222222 0.04207031249999993 0.09311111111111114
19 0.36057812499999997 0.08524305555555556 0.15796875000000005 0.17048611111111112
19 0.58421875 0.06280555555555556 0.06610937499999991 0.12377777777777778
19 0.44771874999999994 0.041743055555555554 0.13993749999999996 0.08348611111111111
19 0.34250390625000005 0.018847222222222224 0.07391406250000002 0.03769444444444445
17 0.4669921875 0.10714583333333333 0.055031250000000045 0.06256944444444443