19 0.387265625 0.9699305555555556 0.04656250000000002 0.060138888888888825
18 0.47933203125000007 0.8549652777777776 0.10364843750000005 0.2900694444444444
19 0.38348046875 0.7422361111111111 0.12763281249999997 0.24888888888888897
19 0.5695625 0.8098611111111111 0.28129687499999995 0.3802777777777777
19 0.6448750000000001 0.9539444444444445 0.075 0.05613888888888899
17 0.7137578125 0.9394444444444444 0.10735937500000006 0.12111111111111117
18 0.7168046875 0.9463402777777777 0.08203125 0.10731944444444443
19 0.784171875 0.7435138888888888 0.1336874999999999 0.19758333333333333
2 0.31307421875 0.8326805555555555 0.04458593750000004 0.07683333333333324
14 0.39919140624999994 0.8485555555555554 0.048632812499999956 0.08105555555555542
14 0.46879296875000004 0.6168888888888889 0.09117968750000002 0.16386111111111112
17 0.2732734375 0.6017777777777779 0.06885937499999999 0.14805555555555558
19 0.77881640625 0.6073611111111111 0.1387734375000001 0.18733333333333332
10 0.636984375 0.41984722222222226 0.142796875 0.2525833333333333
19 0.69017578125 0.5569375 0.07294531249999991 0.2665694444444445
19 0.51997265625 0.3667083333333333 0.10944531249999993 0.276
19 0.38925 0.485625 0.14384374999999996 0.20386111111111108
2 0.39801953125 0.28242361111111114 0.13880468749999997 0.2354305555555556
14 0.2902734375 0.3105555555555556 0.08367187500000002 0.16472222222222224
16 0.79159375 0.1701388888888889 0.25025000000000003 0.3402777777777778
16 0.63555078125 0.2421527777777778 0.13269531249999994 0.2933888888888889
16 0.5210625 0.2070625 0.12053124999999998 0.28440277777777784
16 0.32801171875 0.07041666666666667 0.060507812500000036 0.13508333333333336
3 0.2643359375 0.08730555555555555 0.07246875 0.1713611111111111
10 0.404 0.09275 0.09146874999999999 0.1855
17 0.4711953125 0.042715277777777776 0.09357812499999998 0.08543055555555555
19 0.45501171874999996 0.12358333333333334 0.06824218749999993 0.16636111111111113
19 0.49335546875 0.11044444444444444 0.05347656250000003 0.07005555555555555
19 0.6066328125 0.04396527777777778 0.07035937499999996 0.08793055555555555