2 0.54801171875 0.9453541666666666 0.06680468749999999 0.10929166666666675
3 0.40934375 0.9147777777777778 0.12217187500000004 0.17044444444444448
19 0.48866796875 0.9606041666666667 0.06175781249999997 0.07879166666666669
16 0.23103125000000002 0.9603680555555555 0.075296875 0.0792638888888888
19 0.72646875 0.8824861111111111 0.04812499999999993 0.09455555555555545
19 0.57337109375 0.7864166666666667 0.13403906249999994 0.25005555555555553
17 0.70586328125 0.7371319444444444 0.08024218750000003 0.11301388888888897
16 0.31187890625000003 0.8618611111111111 0.08442968749999995 0.1305833333333333
19 0.48005859375000004 0.8343472222222222 0.10892968750000005 0.15352777777777774
18 0.288234375 0.7175138888888889 0.12326562499999998 0.19397222222222227
16 0.18122265624999997 0.7293472222222223 0.0861171875 0.1486111111111111
12 0.47349218750000005 0.6787083333333332 0.08781250000000007 0.15786111111111115
19 0.3898046875 0.7157638888888889 0.09296875000000004 0.19377777777777774
18 0.34378906249999996 0.5485347222222222 0.07679687499999996 0.19998611111111111
19 0.693328125 0.8103750000000001 0.039687499999999966 0.08705555555555565
19 0.518046875 0.6000486111111111 0.06578125000000004 0.06898611111111105
12 0.4018945312500001 0.5872222222222222 0.07247656249999998 0.11902777777777784
16 0.66140625 0.2654722222222222 0.06570312499999993 0.10999999999999999
7 0.586640625 0.4348194444444444 0.055625000000000036 0.1465833333333333
17 0.64083203125 0.5052916666666667 0.059945312500000014 0.16961111111111113
19 0.25404296875 0.3549722222222222 0.07800781250000002 0.14858333333333332
19 0.53540625 0.4145416666666667 0.1241093750000001 0.16536111111111107
19 0.417 0.41525694444444444 0.09115625000000005 0.19276388888888885
19 0.6851015625 0.3871319444444445 0.07193749999999995 0.08826388888888886
14 0.46841015624999993 0.29863194444444446 0.15974218750000002 0.1922638888888889
18 0.57103125 0.20522916666666666 0.09324999999999992 0.08101388888888887
18 0.36977343749999997 0.15752083333333333 0.07420312499999997 0.13254166666666667
3 0.46186328125000004 0.4574444444444445 0.04486718750000005 0.11622222222222231
19 0.47483593749999997 0.5629652777777778 0.03579687499999995 0.07509722222222229
3 0.43582421875 0.5656041666666666 0.036351562499999976 0.06984722222222217
12 0.18848046875 0.05315972222222222 0.10133593750000003 0.10631944444444444
19 0.41012109375000005 0.0981875 0.09005468749999998 0.196375
17 0.5972773437500001 0.03627083333333333 0.05910156250000007 0.07254166666666666
19 0.55048828125 0.052534722222222226 0.03166406249999998 0.07254166666666666
18 0.47660937500000006 0.024388888888888887 0.021812500000000058 0.03127777777777778
19 0.531140625 0.0075069444444444446 0.06332812499999996 0.015013888888888889