18 0.6448203125 0.9527152777777776 0.12114062499999996 0.09456944444444433
19 0.3081953125 0.9822222222222221 0.04126562500000004 0.03555555555555543
17 0.22038671875000002 0.9370138888888888 0.09625781250000001 0.1259722222222223
17 0.4847265625 0.9729166666666667 0.06242187500000007 0.05416666666666667
19 0.37216796875 0.804201388888889 0.07266406249999999 0.12865277777777792
19 0.71762109375 0.8941319444444444 0.09408593750000005 0.1330416666666666
19 0.7432421875 0.7720763888888889 0.03909374999999997 0.08231944444444442
19 0.8618281250000001 0.8472916666666666 0.023265625000000158 0.028888888888888825
19 0.523328125 0.934263888888889 0.07162500000000005 0.07938888888888901
19 0.16493359375 0.9230555555555556 0.03405468750000003 0.0705555555555555
19 0.28203125 0.9583333333333334 0.04375 0.08333333333333333
19 0.23913671874999998 0.7130486111111111 0.03791406249999998 0.06440277777777771
19 0.47389843750000005 0.5932499999999999 0.13218750000000004 0.14833333333333326
11 0.5478515625 0.4861111111111111 0.09771874999999994 0.2619444444444445
19 0.6314375 0.6065972222222222 0.061406249999999926 0.10166666666666672
19 0.20310546875000002 0.5896250000000001 0.058867187500000015 0.11036111111111116
19 0.41946093749999996 0.4744097222222222 0.10518750000000003 0.14743055555555554
7 0.2254453125 0.4007777777777778 0.14917187499999998 0.3736111111111111
8 0.6794921875 0.3913541666666666 0.25210937499999997 0.35993055555555553
19 0.8230234375000001 0.3755763888888889 0.05232812500000002 0.10787499999999998
19 0.42828906250000004 0.26347916666666665 0.060484375000000014 0.18945833333333328
2 0.6361992187500001 0.19013888888888889 0.3652578124999999 0.38027777777777777
19 0.49975781250000006 0.46465972222222224 0.06909375000000004 0.11684722222222221
19 0.2496015625 0.07175 0.067484375 0.1435
14 0.38010937499999997 0.07829166666666666 0.17132812499999997 0.15658333333333332
19 0.59642578125 0.1875 0.1810546875 0.375