19 0.59609375 0.9402777777777778 0.18359375 0.11944444444444445
12 0.6120703125 0.9870138888888889 0.034296875000000074 0.025972222222222285
19 0.30058984375 0.9074444444444445 0.10942968749999996 0.18511111111111106
19 0.47474609375000004 0.9524583333333333 0.07200781250000006 0.09508333333333338
18 0.5305703125 0.983125 0.03698437499999994 0.03374999999999994
19 0.20655078124999998 0.9126319444444445 0.09760156250000003 0.13862499999999991
3 0.45789453125 0.9079166666666666 0.12061718749999994 0.18416666666666653
19 0.42113281249999995 0.7327222222222223 0.13929687499999996 0.2637777777777778
17 0.48325000000000007 0.7906944444444444 0.07829687500000002 0.09313888888888881
17 0.57358984375 0.8601736111111111 0.06703906249999995 0.08284722222222235
12 0.7577695312499999 0.7587083333333333 0.14013281249999993 0.2490277777777777
19 0.22357421875 0.6843611111111111 0.041289062500000015 0.05674999999999994
12 0.31462109375 0.6226875 0.07924218750000005 0.13784722222222223
0 0.37644531249999996 0.5648194444444444 0.04835937499999998 0.11194444444444447
19 0.51313671875 0.5818611111111112 0.07991406249999997 0.12174999999999996
14 0.6568125 0.6744097222222222 0.021718749999999964 0.050819444444444486
19 0.49478515624999997 0.6581944444444444 0.048476562499999966 0.06552777777777771
12 0.30179296875 0.4524791666666667 0.07672656250000003 0.15104166666666666
19 0.28079687499999995 0.3642777777777778 0.06349999999999997 0.10358333333333335
19 0.43903125000000004 0.4658819444444445 0.06584374999999998 0.13993055555555556
19 0.50994140625 0.41486111111111107 0.13542968749999992 0.28388888888888886
2 0.5926210937499999 0.4418263888888889 0.13460156249999997 0.1817083333333334
19 0.34123437500000003 0.10565277777777776 0.09771875000000003 0.17580555555555552
19 0.47826953124999994 0.08374999999999999 0.08971093749999995 0.16749999999999998
17 0.524109375 0.03421527777777778 0.05265625000000007 0.06843055555555556
2 0.198046875 0.9805555555555555 0.0734375 0.03888888888888889
19 0.60601171875 0.2165208333333333 0.1828203125 0.31029166666666663
19 0.41969531250000003 0.06621527777777778 0.06799999999999998 0.13243055555555555
19 0.63 0.03690277777777778 0.08224999999999998 0.07380555555555555
19 0.22668359374999997 0.042375 0.05913281250000002 0.08475
18 0.11199218749999999 0.13903472222222224 0.10217187500000002 0.2780694444444445