19 0.7710742187499999 0.932923611111111 0.13542968749999992 0.13415277777777768
19 0.30948828125000005 0.9564374999999999 0.06169531250000002 0.08712500000000002
19 0.30444140625000005 0.7776111111111111 0.11713281250000004 0.18272222222222215
19 0.4991562500000001 0.9053125000000001 0.044859375000000055 0.07976388888888898
0 0.5677890624999999 0.8638402777777778 0.06095312499999998 0.09881944444444457
3 0.39046875000000003 0.6920763888888889 0.057515625 0.17095833333333338
15 0.5497890624999999 0.7288055555555556 0.04831249999999994 0.1385833333333333
19 0.456078125 0.9194652777777778 0.0265625 0.0410416666666666
17 0.4665078125 0.5774375 0.10299999999999994 0.207625
19 0.620171875 0.6429722222222223 0.09254687500000003 0.1723055555555555
19 0.22712499999999997 0.5455347222222222 0.10046875000000002 0.1769027777777778
19 0.53874609375 0.7036111111111112 0.08453906250000003 0.24888888888888897
12 0.29929296875 0.42795833333333333 0.12891406249999998 0.23338888888888884
12 0.6267343750000001 0.3915763888888889 0.10528124999999999 0.2139305555555555
18 0.39391406250000005 0.38581250000000006 0.06990625000000002 0.11201388888888886
0 0.44238671875 0.3648611111111111 0.07249218749999997 0.17197222222222225
0 0.1982421875 0.19444444444444445 0.06960937500000001 0.15805555555555556
11 0.40829296875 0.21363888888888888 0.04857031250000001 0.20077777777777778
14 0.5100078124999999 0.2762222222222222 0.05160937499999996 0.10330555555555555
2 0.46807421875 0.14581944444444445 0.09744531250000002 0.2583611111111111
19 0.576953125 0.21483333333333335 0.07249999999999997 0.15088888888888888
19 0.28723828125 0.31372222222222224 0.09830468750000003 0.17372222222222225
17 0.29256640625 0.09065277777777778 0.08678906250000003 0.17975
18 0.5307031249999999 0.11345833333333333 0.06670312500000009 0.15708333333333335
19 0.58307421875 0.08247222222222222 0.10239843749999995 0.16494444444444445
19 0.72175390625 0.030465277777777775 0.056757812500000074 0.06093055555555555
18 0.11199218749999999 0.13903472222222224 0.10217187500000002 0.2780694444444445