19 0.5321679687499999 0.9118055555555555 0.1994140625 0.1763888888888889
16 0.358640625 0.9522430555555556 0.07053124999999998 0.09551388888888887
19 0.29778906250000003 0.8581944444444444 0.08375000000000003 0.1731944444444445
19 0.2470859375 0.8831111111111112 0.055984374999999975 0.09155555555555565
19 0.47456640625 0.7336805555555556 0.08553906250000001 0.1959722222222222
19 0.376125 0.6856597222222222 0.04284375000000003 0.07245833333333336
19 0.419796875 0.7252083333333333 0.057578125000000036 0.08238888888888887
19 0.278421875 0.6401875 0.017812499999999964 0.042736111111111086
19 0.40223828125 0.5986041666666667 0.041414062499999994 0.0744861111111111
19 0.6198671874999999 0.6153263888888889 0.07479687500000001 0.09129166666666669
14 0.6783984375000001 0.51125 0.11578125000000003 0.17305555555555557
19 0.5566914062499999 0.5010486111111111 0.2672578124999999 0.35920833333333335
19 0.29475390625 0.45985416666666673 0.09719531249999998 0.16473611111111114
19 0.23926562499999998 0.4133402777777778 0.08492187500000001 0.1557361111111111
14 0.6855078125 0.2588958333333333 0.12945312500000003 0.18334722222222222
19 0.5737421875 0.1633541666666667 0.08748437500000002 0.1769027777777778
17 0.4994296875 0.21670138888888885 0.08823437500000005 0.13381944444444446
17 0.311140625 0.19652777777777777 0.08146874999999998 0.1763888888888889
16 0.3274609375 0.19208333333333336 0.21164062499999994 0.3841666666666667
19 0.4402968749999999 0.2796736111111111 0.04049999999999994 0.10481944444444448
19 0.46603125 0.35459722222222223 0.05309375000000003 0.07941666666666664
19 0.497703125 0.06554861111111111 0.10110937500000006 0.13109722222222223
19 0.61802734375 0.02061111111111111 0.07482031249999999 0.04122222222222222
19 0.19891796875 0.09970138888888888 0.08392968750000003 0.19940277777777776