19 0.45477734375 0.9335347222222222 0.12075781249999995 0.1329305555555556
19 0.38862109375 0.8797083333333333 0.05308593749999999 0.10336111111111121
19 0.5119609375 0.8923680555555555 0.07785937500000006 0.14920833333333341
19 0.60933203125 0.8318194444444446 0.12321093750000003 0.26908333333333334
19 0.47249609375000007 0.6733819444444445 0.08155468750000008 0.33568055555555565
19 0.54076171875 0.7038958333333334 0.08021093750000005 0.15834722222222228
10 0.3262578125 0.6219722222222223 0.085640625 0.2503611111111112
10 0.22804296875 0.5961736111111111 0.09610156249999999 0.32190277777777776
12 0.7763515625 0.7150902777777778 0.08106250000000008 0.13973611111111106
19 0.43510546874999995 0.7353472222222223 0.09467968750000004 0.16566666666666663
19 0.37798046875 0.5670972222222221 0.07571093749999998 0.15530555555555547
19 0.5545234375 0.5985486111111111 0.09001562500000002 0.10070833333333332
19 0.51295703125 0.5153819444444444 0.060664062500000074 0.1417916666666667
19 0.5782890624999999 0.4638194444444445 0.053593749999999926 0.10424999999999993
19 0.44790625000000006 0.5281527777777778 0.05875000000000004 0.15463888888888894
16 0.36421093750000005 0.4516944444444444 0.09201562500000002 0.15783333333333333
19 0.28244921875 0.3835208333333333 0.06121093750000002 0.19954166666666662
19 0.4359023437499999 0.3665069444444444 0.13367968750000006 0.24412499999999998
19 0.51495703125 0.36606944444444445 0.03649218750000003 0.15991666666666665
19 0.35321484375 0.3210972222222222 0.04246093750000002 0.07369444444444449
19 0.37591406250000003 0.26537499999999997 0.04156250000000004 0.0808888888888889
0 0.6716328125 0.184875 0.08012499999999996 0.13608333333333336
19 0.41437109375 0.18611805555555555 0.056554687500000034 0.0847361111111111
17 0.4846875 0.14025 0.0640625 0.14866666666666667
10 0.3532265625 0.1659513888888889 0.09098437500000003 0.14198611111111115
19 0.57726953125 0.08870138888888889 0.08171093749999994 0.15879166666666666
19 0.5097031249999999 0.041951388888888885 0.06487499999999997 0.08390277777777777
3 0.73156640625 0.11004861111111111 0.19125781249999996 0.2170416666666667
9 0.404203125 0.057611111111111106 0.15168750000000003 0.11522222222222221