19 0.2985859375 0.9349999999999999 0.08985937499999999 0.12999999999999987
12 0.4475625 0.900263888888889 0.11321875 0.19947222222222208
8 0.6044414062500001 0.9238750000000001 0.12203906250000003 0.15224999999999986
19 0.23860156250000003 0.9009791666666666 0.08179687500000002 0.19804166666666656
19 0.18632421875 0.8786944444444444 0.04136718750000001 0.12091666666666659
19 0.30148828125000005 0.7792013888888889 0.11580468750000002 0.1568472222222223
19 0.58999609375 0.8862291666666667 0.03071093749999996 0.0953750000000001
19 0.53234765625 0.7514444444444444 0.13127343749999998 0.2558333333333334
19 0.3011328125 0.559326388888889 0.08399999999999999 0.19004166666666672
19 0.4547734375 0.5684444444444444 0.09748437499999998 0.25299999999999995
19 0.5579531249999999 0.5361666666666666 0.11940624999999994 0.22527777777777785
10 0.26751562500000003 0.5832013888888888 0.125 0.3776527777777779
10 0.7136445312499999 0.48278472222222224 0.10024218749999995 0.26906944444444447
14 0.3751171875 0.6593541666666667 0.07729687500000004 0.20568055555555553
19 0.67344921875 0.4079236111111111 0.051820312499999945 0.12962500000000002
19 0.204671875 0.4352847222222222 0.11798437499999999 0.23337499999999997
17 0.17501953124999997 0.5650625 0.05294531249999999 0.13137500000000005
17 0.525640625 0.37476388888888895 0.07390624999999992 0.11188888888888886
0 0.38501953125000005 0.48408333333333337 0.06617968750000003 0.15294444444444444
19 0.33836328125 0.44996527777777773 0.05403906249999997 0.12940277777777773
19 0.44215234374999995 0.40045138888888887 0.07058593749999993 0.07462500000000002
19 0.55024609375 0.35280555555555554 0.16314843749999994 0.16922222222222227
8 0.73820703125 0.1820277777777778 0.09530468750000001 0.35063888888888894
19 0.678640625 0.25393055555555555 0.09000000000000004 0.20202777777777783
19 0.6111523437499999 0.19744444444444445 0.09527343750000003 0.1737222222222222
19 0.46687499999999993 0.2443888888888889 0.11646874999999994 0.14594444444444443
19 0.3775390625 0.19629861111111113 0.22898437499999996 0.39259722222222226
19 0.3451015625 0.19747222222222224 0.08207812499999996 0.23966666666666667
19 0.26634765625 0.17039583333333333 0.11511718750000002 0.23726388888888894
19 0.7858515625 0.17944444444444443 0.01853125000000002 0.04236111111111111
19 0.683046875 0.08413194444444445 0.015953125000000058 0.05559722222222222
19 0.50280078125 0.06304166666666666 0.0986328125 0.12422222222222222
17 0.61087890625 0.03857638888888889 0.06352343749999996 0.07715277777777778