18 0.378125 0.9319444444444445 0.0796875 0.1361111111111111
15 0.4988554687500001 0.8595625 0.1016484375000001 0.09318055555555545
11 0.63251953125 0.8036805555555555 0.06672656250000006 0.22852777777777772
2 0.52183203125 0.705673611111111 0.06828906250000007 0.14118055555555553
8 0.753515625 0.5377916666666667 0.10453125000000005 0.33302777777777776
2 0.25842968749999995 0.5609097222222222 0.06126562499999997 0.13456944444444444
8 0.59737890625 0.3697083333333333 0.16941406249999993 0.1417777777777778
5 0.38916015625 0.5416736111111111 0.06088281250000005 0.1082361111111112
4 0.6253046875000001 0.24959027777777779 0.08603124999999992 0.1603472222222222
19 0.796703125 0.2990555555555555 0.05293750000000008 0.1032777777777778
19 0.41221484375 0.3074236111111111 0.046320312499999974 0.09176388888888888
19 0.54523046875 0.24018055555555556 0.06088281250000005 0.12741666666666668
12 0.31625000000000003 0.26369444444444445 0.14296875 0.30622222222222223
2 0.44887890624999993 0.1189513888888889 0.08074218749999992 0.14823611111111112
16 0.59943359375 0.10326388888888888 0.22566406249999993 0.20652777777777775
19 0.21621484375 0.9712013888888889 0.07663281250000002 0.05759722222222226
17 0.3268359375 0.7754444444444444 0.08023437500000004 0.09936111111111107
11 0.44262109375 0.5904583333333333 0.07433593750000007 0.11563888888888887
14 0.70148828125 0.11039583333333333 0.12400781250000001 0.22079166666666666
9 0.55415234375 0.9542569444444445 0.08169531249999995 0.08712500000000002
19 0.36324609375 0.4332986111111111 0.09661718749999997 0.11765277777777783
2 0.75738671875 0.20528472222222224 0.1118046875000001 0.17748611111111115
3 0.413671875 0.035916666666666666 0.06632812500000003 0.07183333333333333
19 0.12076171875 0.2946736111111111 0.1258203125 0.5893472222222222