19 0.59128125 0.8947986111111111 0.049156250000000054 0.08415277777777766
17 0.847078125 0.8199166666666665 0.07310937499999995 0.12761111111111126
19 0.8255664062499999 0.9133958333333333 0.03630468749999984 0.04804166666666655
19 0.60369921875 0.6506666666666667 0.05874218750000004 0.12588888888888894
19 0.55048828125 0.6369305555555556 0.11174218749999998 0.19363888888888883
19 0.45300390625000003 0.5759166666666666 0.14157031250000002 0.3676944444444444
17 0.39891015625000004 0.5596388888888889 0.06313281249999995 0.13594444444444445
15 0.32816406249999996 0.6051458333333334 0.09164062499999996 0.2039027777777777
18 0.267125 0.5738680555555555 0.06589062500000002 0.10243055555555555
14 0.51237890625 0.5019236111111111 0.07563281249999995 0.08443055555555551
17 0.45937890625 0.407125 0.0929765625 0.15424999999999997
2 0.6359765625 0.44499999999999995 0.08382812499999996 0.20736111111111108
16 0.36588671875 0.29850000000000004 0.09474218750000003 0.16633333333333336
19 0.4761171875 0.3315208333333333 0.07598437499999999 0.15134722222222227
17 0.78484765625 0.19293055555555555 0.06750781249999997 0.18052777777777773
19 0.21520703125 0.23778472222222224 0.0744140625 0.10451388888888889
18 0.2466171875 0.23230555555555554 0.15885937500000002 0.2882222222222222
13 0.49017578124999994 0.14194444444444446 0.16919531249999994 0.27919444444444447
11 0.38784765625 0.09484027777777777 0.06788281249999999 0.18968055555555555
10 0.634046875 0.08672916666666666 0.06990625000000002 0.17345833333333333
3 0.29994140625 0.14322222222222222 0.10132031250000004 0.17011111111111113
3 0.40125390625 0.24328472222222222 0.056289062499999966 0.1350972222222222
14 0.25912890625 0.0766111111111111 0.10553906250000003 0.1532222222222222