19 0.5608671875 0.8875277777777778 0.26704687499999996 0.2249444444444445
17 0.4671875 0.9631944444444445 0.05390625 0.07361111111111111
10 0.5509062499999999 0.9493402777777777 0.04381249999999994 0.1013194444444445
10 0.2646796875 0.9248055555555555 0.06850000000000005 0.15038888888888885
19 0.38898828125 0.9847083333333333 0.07389843750000002 0.03058333333333331
19 0.762109375 0.9361111111111111 0.09609375 0.12777777777777777
10 0.37883984374999996 0.8989583333333333 0.15330468749999998 0.18433333333333338
19 0.50744140625 0.9367569444444445 0.03621093749999993 0.12156944444444441
19 0.541703125 0.8691041666666667 0.0375 0.04118055555555568
17 0.5568906250000001 0.7521458333333333 0.05328125000000004 0.07954166666666664
17 0.29861328125 0.7302361111111111 0.07278906249999997 0.12000000000000005
19 0.238390625 0.872986111111111 0.12176562500000002 0.17647222222222214
19 0.17420312500000001 0.7125972222222223 0.03309375000000001 0.07294444444444442
19 0.21744140625 0.6815763888888889 0.0833984375 0.1506527777777778
19 0.52074609375 0.7204375000000001 0.03705468750000005 0.09881944444444449
19 0.23883203125000002 0.6231597222222223 0.05161718749999995 0.09023611111111116
0 0.48853125000000003 0.6492222222222223 0.14293750000000002 0.14116666666666663
17 0.34274609375 0.4481875 0.08361718749999998 0.20976388888888886
17 0.50501953125 0.4995763888888889 0.059554687500000016 0.11568055555555551
17 0.5207890625 0.4552638888888889 0.08492187500000004 0.11961111111111111
19 0.47514453124999995 0.501125 0.031070312499999985 0.06002777777777782
19 0.24386328124999998 0.4236527777777778 0.09264843750000003 0.20966666666666672
19 0.58974609375 0.4327152777777778 0.06352343749999996 0.10612499999999996
12 0.7015820312500001 0.3789583333333333 0.07941406250000008 0.12488888888888887
9 0.3855234375 0.13875 0.23785937500000004 0.2775
19 0.50965234375 0.2659305555555556 0.2691171875 0.24963888888888894
19 0.62881640625 0.3295416666666666 0.10708593749999995 0.14908333333333337
14 0.77529296875 0.3491875 0.08724218750000005 0.11765277777777775
19 0.35533984375 0.26257638888888885 0.022976562499999974 0.028597222222222187
19 0.52087890625 0.36695138888888884 0.059554687500000016 0.06118055555555553
14 0.24163671875 0.09859722222222224 0.08713281249999998 0.10980555555555556
19 0.5355703125 0.12996527777777775 0.10367187500000004 0.21568055555555551
19 0.46332812500000004 0.2182013888888889 0.05404687500000005 0.1019583333333333
19 0.6591015625 0.17898611111111112 0.061765624999999956 0.13333333333333333
19 0.8482539062500001 0.13977083333333334 0.043007812500000145 0.05490277777777778
19 0.7159023437500001 0.030666666666666665 0.03860156250000006 0.06133333333333333
12 0.535015625 0.033888888888888885 0.08051562499999995 0.06274999999999999