8 0.664453125 0.9222222222222223 0.14140625 0.15555555555555556
19 0.5174843750000001 0.9328472222222222 0.22507812499999993 0.13430555555555562
10 0.8 0.9743055555555555 0.08515625 0.05138888888888889
9 0.38099609375 0.8847222222222222 0.21878906249999996 0.23055555555555557
3 0.36579296875 0.8171458333333333 0.1094765625 0.16148611111111108
19 0.83351953125 0.8308541666666667 0.029445312500000043 0.06140277777777783
19 0.76113671875 0.9079375000000001 0.06319531250000007 0.08531944444444453
3 0.8031874999999999 0.6886527777777778 0.12982812499999996 0.19413888888888892
19 0.53773046875 0.7450625 0.18813281249999997 0.25081944444444443
8 0.6253124999999999 0.6486875 0.154296875 0.2772083333333334
19 0.3720546875 0.7686805555555556 0.04242187499999996 0.4626388888888888
0 0.44555078124999997 0.8358541666666668 0.05125781249999992 0.08362500000000005
19 0.45009765625 0.6971736111111112 0.07077343749999994 0.11984722222222224
19 0.5246796874999999 0.6111458333333334 0.06317187499999992 0.08362500000000005
7 0.29292187499999994 0.4333402777777778 0.16460937500000003 0.3866805555555557
17 0.51588671875 0.516701388888889 0.0749921875 0.11834722222222227
19 0.5295859375 0.43173611111111115 0.07414062500000007 0.21191666666666673
16 0.43530468749999995 0.4042916666666667 0.07753125000000001 0.1526944444444445
19 0.49485156249999995 0.2902152777777778 0.16779687499999998 0.34320833333333334
17 0.7077226562500001 0.30570833333333336 0.07413281250000008 0.13036111111111112
19 0.6561640625 0.16591666666666668 0.06904687500000009 0.1507222222222222
19 0.3825234375 0.32352777777777775 0.09028124999999995 0.15788888888888886
19 0.395578125 0.12645833333333334 0.15409375 0.23297222222222225
19 0.57455078125 0.09019444444444444 0.07764843750000008 0.18038888888888888
16 0.7128515625 0.08155555555555556 0.101953125 0.1458888888888889