19 0.43870703125 0.87375 0.30202343749999994 0.25249999999999995
17 0.58993359375 0.9545486111111111 0.07985156250000003 0.09090277777777785
12 0.260109375 0.8835625000000001 0.07050000000000001 0.13809722222222232
19 0.17038281249999998 0.8884722222222221 0.1426875 0.22305555555555542
8 0.7793203125 0.9037638888888888 0.12223437500000003 0.19247222222222213
8 0.8224609375 0.8324166666666666 0.091796875 0.22761111111111126
8 0.8709999999999999 0.9567916666666666 0.05314062499999998 0.08641666666666671
19 0.27724609375 0.7390902777777778 0.11144531249999998 0.14059722222222223
19 0.20173828125 0.667875 0.11274218749999998 0.1936944444444445
19 0.43214453124999996 0.5850555555555556 0.1941328125 0.31261111111111106
19 0.462921875 0.7329166666666668 0.08006250000000001 0.09436111111111119
19 0.5579140625 0.6736944444444444 0.05390625 0.1780833333333333
2 0.6327499999999999 0.628 0.08493750000000003 0.15452777777777776
6 0.69590234375 0.5149097222222222 0.08294531250000006 0.13848611111111117
19 0.5908984375 0.4824166666666667 0.18246874999999996 0.23705555555555563
17 0.19715234375000001 0.47552777777777777 0.08425781250000001 0.16208333333333338
8 0.6251015625 0.41161111111111115 0.18093749999999992 0.1380833333333333
12 0.5080390625 0.3795138888888889 0.10281249999999993 0.17152777777777778
14 0.25157421874999997 0.36761805555555555 0.05949218749999998 0.08412500000000003
19 0.37948828125 0.22434722222222223 0.0730390625 0.13813888888888887
18 0.173546875 0.22783333333333336 0.14146875000000003 0.22261111111111107
19 0.7804843750000001 0.3202291666666667 0.08840625000000006 0.13573611111111114
19 0.698359375 0.2747361111111111 0.09184374999999996 0.1216666666666667
17 0.62791796875 0.25813888888888886 0.06488281249999997 0.1366388888888889
19 0.57826171875 0.2072013888888889 0.11957031249999997 0.16384722222222223
12 0.4714609375 0.14699305555555556 0.11557812500000005 0.21481944444444442
19 0.8070078125 0.16596527777777778 0.06370312499999997 0.11145833333333334
19 0.48971484375 0.2577291666666667 0.04605468750000004 0.06681944444444446
17 0.6861953125 0.18284722222222222 0.07182812500000005 0.13125
17 0.7433164062500001 0.06581944444444444 0.08491406250000004 0.1316388888888889
19 0.437875 0.04870833333333333 0.05064062499999995 0.0958611111111111
19 0.3848125 0.03858333333333334 0.05228124999999997 0.07716666666666668
17 0.63266796875 0.09600694444444445 0.046117187499999976 0.07340277777777778
19 0.5804765625 0.07878472222222223 0.06798437499999999 0.10784722222222223
8 0.67741015625 0.042118055555555554 0.040726562500000084 0.07115277777777777
19 0.617734375 0.036972222222222226 0.13484374999999993 0.07394444444444445
3 0.8349921874999999 0.02233333333333333 0.08434375000000002 0.04466666666666666
19 0.2582265625 0.15965277777777778 0.15754687499999998 0.31930555555555556