0 0.34359765625 0.9607638888888889 0.0703046875 0.07847222222222222
3 0.41010156250000007 0.9107777777777778 0.18370312499999994 0.17844444444444446
6 0.649234375 0.9785069444444444 0.08900000000000005 0.042986111111111176
17 0.618640625 0.893638888888889 0.07734375 0.12486111111111124
10 0.4946484375 0.6641458333333334 0.06976562499999997 0.17154166666666673
12 0.46283593749999996 0.48074999999999996 0.079875 0.13661111111111113
19 0.538359375 0.9413194444444445 0.06578125000000004 0.11736111111111111
17 0.7110546875000001 0.3246875 0.07765625000000007 0.13373611111111114
2 0.320890625 0.2947013888888889 0.09943749999999998 0.1590972222222222
17 0.8781640625 0.09181249999999999 0.059453124999999926 0.12529166666666663
6 0.226546875 0.10190972222222222 0.11023437500000002 0.19848611111111106
2 0.21200390625 0.4150694444444445 0.0970703125 0.15100000000000005
19 0.57566796875 0.3514236111111111 0.04213281250000005 0.07365277777777773
12 0.69269921875 0.8773958333333334 0.05810156249999991 0.11084722222222215
19 0.280984375 0.9812083333333333 0.05915625000000002 0.03758333333333326
19 0.23551171875000004 0.6967986111111111 0.07338281250000003 0.1680416666666666
10 0.30651171875000005 0.44802777777777786 0.10072656250000005 0.20155555555555557
17 0.39961718749999997 0.7441666666666666 0.07578125 0.16972222222222227
19 0.59451171875 0.7575763888888889 0.051382812499999986 0.10776388888888885
19 0.39043359375 0.5456458333333334 0.0907578125 0.20848611111111112
19 0.6655546875 0.6085624999999999 0.164453125 0.4489027777777778
19 0.59999609375 0.5692638888888889 0.047476562499999986 0.17263888888888881
19 0.43656640625000004 0.2284513888888889 0.053085937500000034 0.0758194444444445
19 0.56202734375 0.21169444444444446 0.10111718750000005 0.19688888888888886
2 0.6612109375 0.13368055555555555 0.192578125 0.2673611111111111
17 0.7870664062499999 0.176875 0.08071093749999995 0.16680555555555554
19 0.53366015625 0.8596180555555555 0.03932031249999994 0.05493055555555549
19 0.4935625 0.5502847222222222 0.04718750000000007 0.05993055555555552
19 0.54239453125 0.5196666666666666 0.028648437500000058 0.07488888888888884
7 0.4427734375 0.1326388888888889 0.17726562500000004 0.25083333333333335
19 0.4449296875 0.37411805555555555 0.15374999999999997 0.20529166666666662
17 0.37770312500000003 0.14513194444444444 0.09399999999999994 0.14915277777777775
19 0.33873437500000003 0.04493055555555556 0.051999999999999956 0.08986111111111111
19 0.2962734375 0.018062500000000002 0.035812500000000025 0.036125000000000004
19 0.55853125 0.011819444444444445 0.026687500000000065 0.02363888888888889
19 0.40541796874999997 0.977361111111111 0.14099218750000003 0.04527777777777765