8 0.266578125 0.9780416666666666 0.04325000000000001 0.043916666666666514
12 0.59453125 0.9430555555555555 0.07734375 0.11388888888888889
19 0.221828125 0.9333472222222222 0.07159374999999998 0.1333055555555556
19 0.38130078125 0.9613055555555555 0.12005468749999997 0.07738888888888892
19 0.4314609375 0.9665138888888889 0.057859374999999956 0.06697222222222227
19 0.493796875 0.8581736111111111 0.07787500000000006 0.27918055555555554
19 0.3426484375 0.6330625000000001 0.21889062500000006 0.47256944444444454
19 0.25759375 0.832548611111111 0.012656250000000036 0.035069444444444445
17 0.69979296875 0.870638888888889 0.04302343749999995 0.09619444444444443
17 0.6075078125 0.7403819444444445 0.07465624999999995 0.14451388888888883
19 0.41841406249999996 0.6375694444444444 0.04168749999999997 0.10813888888888891
18 0.20358593750000004 0.5863611111111111 0.20435937499999995 0.3595833333333333
7 0.4520156249999999 0.5672986111111111 0.07139062500000008 0.1985694444444445
7 0.671828125 0.5969375 0.2109375 0.32026388888888896
19 0.40962109374999994 0.44297916666666665 0.11325781250000003 0.19412499999999996
19 0.5255468750000001 0.4775347222222222 0.13203125 0.22687500000000002
12 0.64528125 0.35952083333333335 0.066015625 0.12001388888888885
0 0.2313515625 0.2349097222222222 0.04957812500000003 0.11879166666666664
19 0.45344140624999996 0.15254166666666663 0.09344531249999992 0.18908333333333333
19 0.519 0.18988194444444445 0.0955 0.18134722222222222
19 0.69566015625 0.23236111111111113 0.06675781250000004 0.13166666666666668
17 0.3177109375 0.32032638888888887 0.07046875000000004 0.09670833333333333
17 0.5707695312500001 0.32734722222222223 0.08530468750000005 0.10769444444444444
12 0.6196796874999999 0.11614583333333334 0.10903124999999995 0.12973611111111108
12 0.69222265625 0.0546388888888889 0.06867968750000006 0.1092777777777778
19 0.47973828124999995 0.16422222222222224 0.02661718749999995 0.05188888888888891
19 0.40462109375 0.12027083333333333 0.06867968750000002 0.24054166666666665
19 0.27283593749999996 0.027930555555555556 0.05579687499999997 0.05586111111111111
19 0.46643359375 0.029458333333333333 0.07211718749999996 0.058916666666666666
19 0.3265625 0.9111111111111111 0.16640625 0.17777777777777778