19 0.5494375 0.9486111111111111 0.08128124999999997 0.10277777777777777
19 0.436640625 0.9512499999999999 0.11296874999999998 0.09750000000000006
19 0.634765625 0.95 0.04921875 0.1
2 0.746546875 0.9892361111111111 0.10409375000000001 0.021527777777777778
19 0.33324609375 0.9644444444444444 0.09289843749999997 0.07111111111111118
3 0.35054687500000004 0.8517638888888889 0.06498437500000005 0.15941666666666662
2 0.41917968750000006 0.7710069444444444 0.10509374999999999 0.2918194444444445
17 0.7125390625 0.7808194444444445 0.08382812499999996 0.16447222222222224
19 0.59305859375 0.5102083333333333 0.051539062500000024 0.0893055555555555
17 0.8565742187500002 0.41416666666666674 0.07310156250000013 0.1335833333333334
19 0.8284960937499999 0.5227638888888889 0.03630468749999984 0.048027777777777836
19 0.6064882812500001 0.2638611111111111 0.05874218750000004 0.12588888888888888
19 0.55646875 0.25443055555555555 0.11174999999999997 0.19363888888888883
19 0.45874609375 0.20156944444444444 0.14157031250000002 0.36769444444444443
17 0.4057734375 0.17270833333333332 0.06314062499999995 0.15930555555555553
15 0.327671875 0.2181597222222222 0.09167187500000003 0.22018055555555552
18 0.2686484375 0.1878125 0.06589062500000002 0.10243055555555555
14 0.5188515625 0.12322916666666665 0.07564062499999995 0.08443055555555555
17 0.47106640624999996 0.051972222222222225 0.08560156249999995 0.10394444444444445
2 0.64783984375 0.06604166666666667 0.07328906249999996 0.13208333333333333