8 0.213671875 0.9375 0.128125 0.125
11 0.63125 0.9576388888888889 0.0765625 0.08472222222222223
19 0.50339453125 0.8700069444444444 0.24030468749999995 0.2599861111111112
19 0.296984375 0.8214375 0.024281250000000032 0.038430555555555655
19 0.5353359375 0.8609652777777778 0.025874999999999915 0.04309722222222218
19 0.630109375 0.7854513888888889 0.214265625 0.427125
19 0.8025898437500001 0.8701527777777778 0.10753906250000007 0.147361111111111
19 0.76739453125 0.7807569444444444 0.06450781249999996 0.11193055555555544
12 0.23317187499999997 0.8308125000000001 0.062203125000000005 0.11070833333333338
3 0.30380859375 0.5154305555555556 0.15366406250000003 0.5213888888888888
19 0.43941406250000004 0.6559444444444444 0.042546875000000026 0.12666666666666665
19 0.5149726562500001 0.6861597222222222 0.07941406250000008 0.1341249999999999
2 0.8294609375 0.6037291666666665 0.15353124999999998 0.2322361111111111
19 0.3771171875 0.47436805555555556 0.11609374999999997 0.3167916666666667
19 0.47998828125 0.5661875 0.06694531250000005 0.11145833333333334
12 0.6795312499999999 0.5480694444444445 0.04592187499999998 0.11205555555555564
12 0.64319921875 0.45022222222222225 0.045960937499999945 0.08333333333333333
18 0.58023828125 0.5640555555555555 0.07444531249999997 0.12091666666666659
19 0.47169140625 0.4761458333333334 0.05514843749999994 0.062097222222222276
10 0.49472265625 0.40767361111111106 0.1113203125 0.19443055555555558
19 0.5718398437500001 0.36406944444444445 0.11886718750000007 0.28172222222222226
17 0.20101171875 0.3599652777777778 0.05514843750000002 0.09804166666666671
10 0.48196875000000006 0.25116666666666665 0.13434375000000004 0.23599999999999993
19 0.33935546875 0.14520833333333333 0.10941406249999996 0.29041666666666666
19 0.64597265625 0.1718263888888889 0.1597734375 0.16718055555555555
19 0.7717656249999999 0.15041666666666667 0.19959374999999993 0.30083333333333334
19 0.5403085937500001 0.08615972222222222 0.07905468750000004 0.17231944444444444
12 0.40101171874999997 0.24247916666666663 0.06433593749999997 0.09640277777777774
17 0.45046484375 0.07441666666666666 0.10588281249999998 0.14883333333333332