18 0.579296875 0.9590277777777778 0.075 0.08194444444444444
13 0.2785390625 0.8285 0.07445312499999997 0.10002777777777776
12 0.6390078125 0.6481458333333333 0.11245312500000004 0.09443055555555557
18 0.5299492187499999 0.27688194444444447 0.14088281249999995 0.2707083333333333
14 0.41576953125000005 0.12952083333333334 0.06575781250000001 0.13262500000000002
2 0.5042890625 0.09190972222222221 0.06142187499999992 0.18381944444444442
17 0.49903515625 0.7030694444444445 0.08396093750000003 0.12024999999999998
12 0.5296953125 0.5197083333333332 0.1551718749999999 0.21780555555555547
12 0.422734375 0.7494652777777778 0.06656250000000004 0.10940277777777775
12 0.21148828125000002 0.9035763888888889 0.0669921875 0.12134722222222206
18 0.33923046874999996 0.6540069444444444 0.08674218749999998 0.1394861111111112
12 0.2657890625 0.04506944444444445 0.06592187499999999 0.0901388888888889
18 0.25859375 0.9666666666666667 0.11484375 0.06666666666666667
19 0.706859375 0.855173611111111 0.14518749999999994 0.2859027777777777
18 0.42926562500000004 0.9022777777777777 0.02843750000000007 0.03558333333333318
19 0.37054296875000003 0.779875 0.06494531249999999 0.15452777777777776
16 0.27624218749999996 0.15190277777777778 0.058609374999999984 0.09733333333333331
14 0.1822265625 0.19027083333333333 0.055546875000000016 0.08109722222222221
17 0.49537109375000005 0.8136388888888888 0.09855468750000007 0.08133333333333326
19 0.43263671875 0.9783333333333333 0.0798828125 0.0433333333333334
14 0.3828203125 0.5454097222222222 0.07592187500000006 0.19501388888888885
2 0.42826171874999996 0.3962222222222222 0.048835937499999996 0.1997222222222222
0 0.4563750000000001 0.18814583333333335 0.06846875000000008 0.13265277777777776
3 0.45855859374999997 0.024347222222222225 0.06292968749999997 0.04869444444444445
2 0.41133984375 0.8343263888888889 0.04253906250000004 0.07737500000000005
19 0.59040625 0.8490624999999999 0.036046875000000075 0.09698611111111101
16 0.32806640625 0.04589583333333334 0.058304687499999994 0.09179166666666667
18 0.13072656249999998 0.21379166666666669 0.121828125 0.42758333333333337