13 0.73449609375 0.876861111111111 0.1878828125000001 0.24627777777777768
17 0.7881015625 0.9890277777777778 0.03598437499999996 0.02194444444444438
15 0.46406640625 0.9392430555555555 0.12142968750000005 0.12151388888888891
15 0.3633828125 0.966611111111111 0.10418749999999996 0.06677777777777767
19 0.5388046875000001 0.8808402777777778 0.025328125000000055 0.0468194444444445
19 0.53478515625 0.809138888888889 0.056992187500000034 0.09688888888888887
19 0.58940234375 0.7848055555555556 0.14708593749999999 0.2130555555555556
19 0.388015625 0.8342430555555556 0.12482812499999998 0.1953194444444446
17 0.18561328125 0.7455208333333333 0.08041406250000001 0.15423611111111105
17 0.42302343750000004 0.7223541666666667 0.09371875000000003 0.14859722222222224
17 0.47163281250000005 0.5811041666666668 0.08642187499999991 0.19493055555555558
14 0.5426171875 0.6014305555555555 0.065421875 0.1486666666666666
2 0.60587109375 0.5608472222222223 0.09557031249999995 0.3018055555555555
19 0.73603125 0.6600833333333334 0.07009375000000002 0.1198888888888888
14 0.24609765625 0.7002499999999999 0.03461718749999996 0.055527777777777725
19 0.2912578125 0.4703263888888889 0.11953125 0.3065138888888889
12 0.47056250000000005 0.45467361111111104 0.07668750000000006 0.13009722222222217
19 0.39731640625000003 0.4911041666666666 0.07599218750000003 0.18387499999999998
19 0.3528359375 0.5235833333333334 0.05571874999999995 0.14058333333333337
17 0.536625 0.4780694444444445 0.07457812500000002 0.12633333333333338
17 0.6403203125 0.49897916666666664 0.03570312500000004 0.08962499999999997
17 0.6451796875 0.5942500000000001 0.03248437499999994 0.05802777777777774
19 0.7078671875 0.42683333333333334 0.10268750000000004 0.10022222222222218
11 0.18605468750000004 0.4514861111111111 0.09121875000000002 0.29088888888888886
17 0.37053515625 0.3245138888888889 0.05994531249999997 0.06905555555555559
17 0.36842578125000003 0.3865486111111111 0.05825781249999995 0.06304166666666665
16 0.41458203125 0.35153472222222226 0.0548828125 0.11106944444444448
14 0.47565624999999995 0.3697916666666667 0.06670312500000009 0.1095833333333333
2 0.6204375000000001 0.23668055555555556 0.2913125000000001 0.4733611111111111
16 0.29003125 0.15536111111111112 0.13618749999999996 0.23816666666666667
19 0.42144531249999995 0.16459027777777777 0.13367187499999997 0.2591805555555556
17 0.53712109375 0.113125 0.08696093749999996 0.13658333333333333
10 0.65321484375 0.1596527777777778 0.08274218750000006 0.13358333333333336
12 0.80476171875 0.07416666666666666 0.1257890624999999 0.14833333333333332
17 0.31823046875000005 0.034083333333333334 0.056992187500000034 0.06816666666666667
2 0.42946875 0.08778472222222222 0.09203124999999997 0.17556944444444444
2 0.22900390625 0.056534722222222236 0.08753906249999999 0.11023611111111112