10 0.27657031249999997 0.971125 0.048609375000000024 0.05305555555555562
19 0.54609375 0.975 0.10703125 0.05
18 0.40783203125 0.92625 0.1460859375 0.14750000000000008
2 0.41044140625000003 0.8132152777777778 0.08107031249999999 0.11584722222222234
3 0.535046875 0.7611527777777778 0.32553125000000005 0.45491666666666664
17 0.29199609375 0.7806388888888888 0.07305468749999999 0.15813888888888883
12 0.2391796875 0.5910347222222222 0.10168749999999997 0.19956944444444452
8 0.30994921875000003 0.5098541666666667 0.10588281249999998 0.22118055555555555
19 0.515703125 0.44693749999999993 0.22121875000000008 0.27743055555555557
10 0.505359375 0.4845625 0.07523437499999996 0.19276388888888885
17 0.5676015624999999 0.29612499999999997 0.07676562499999999 0.12705555555555553
2 0.49811328125000004 0.3314166666666667 0.1098515625000001 0.1270555555555556
2 0.6863828125 0.36929861111111106 0.08748437500000002 0.10587500000000002
18 0.61880078125 0.1401388888888889 0.08255468750000006 0.2802777777777778
19 0.8225117187500001 0.25304166666666666 0.08814843749999994 0.2350277777777778
18 0.44411328125000005 0.6307291666666667 0.13658593749999998 0.17793055555555565
10 0.8403789062500001 0.07090972222222222 0.0778203125000001 0.14181944444444444
19 0.5196875 0.1530625 0.07014062499999998 0.13881944444444447
16 0.35491015625 0.05647916666666668 0.09264843750000003 0.11081944444444443
2 0.53623046875 0.035944444444444446 0.08471093750000006 0.07188888888888889