19 0.23709765624999996 0.983638888888889 0.036273437499999964 0.032722222222222146
19 0.48341406249999996 0.874125 0.191421875 0.25175
19 0.16921875 0.9548125000000001 0.018265624999999997 0.043375000000000025
19 0.26853906250000004 0.8965208333333333 0.075 0.07493055555555563
19 0.33501953125 0.9145416666666667 0.05294531249999999 0.10783333333333348
19 0.43424609375 0.9329166666666666 0.030992187500000056 0.08627777777777762
19 0.56573046875 0.8279375 0.09467968750000004 0.3349027777777778
19 0.7403789062499999 0.6901111111111111 0.29553906249999995 0.6170555555555555
19 0.4304453125 0.6660625000000001 0.17171874999999998 0.2768194444444444
14 0.19346093749999999 0.8399097222222223 0.08268750000000002 0.2531805555555555
18 0.28430859374999995 0.7514583333333335 0.15872656249999997 0.19847222222222227
8 0.6010117187499999 0.7182499999999999 0.09650781249999998 0.18627777777777788
19 0.54804296875 0.6059027777777778 0.0529296875 0.1
19 0.29831640625 0.6300972222222222 0.03971093750000003 0.04902777777777771
14 0.2535546875 0.58675 0.14448437499999997 0.15294444444444444
3 0.5819062500000001 0.45749305555555553 0.16656250000000003 0.3543472222222222
19 0.7351171875 0.5586111111111111 0.05398437499999993 0.11861111111111108
17 0.605515625 0.6296597222222222 0.07279687500000005 0.10784722222222219
10 0.79991796875 0.7542083333333333 0.04411718749999993 0.17647222222222214
18 0.44126953125 0.42618750000000005 0.13235156250000002 0.23268055555555553
3 0.45450390625 0.4533055555555556 0.057351562500000064 0.1
19 0.47568359375 0.2194583333333333 0.0716796875 0.16441666666666666
19 0.5539804687500001 0.16643750000000002 0.12905468750000004 0.32156944444444446
19 0.41943359375 0.19693750000000002 0.04963281249999998 0.09584722222222221
8 0.18450390625000002 0.25277777777777777 0.07169531250000001 0.18805555555555553
19 0.29027734375 0.16055555555555553 0.034195312499999984 0.049027777777777795
10 0.47226171875 0.09486805555555557 0.10919531249999999 0.1843194444444445
10 0.7380703125 0.025868055555555554 0.04742187500000004 0.05173611111111111
17 0.18825000000000003 0.05859027777777778 0.07500000000000002 0.11176388888888888
17 0.24836328124999998 0.06018055555555556 0.04963281249999998 0.12036111111111111
19 0.5237929687499999 0.0450625 0.05161718749999995 0.08470833333333333
19 0.66884765625 0.5430416666666666 0.11594531250000006 0.1440000000000001