12 0.8114453125000001 0.9463194444444445 0.096484375 0.10736111111111105
10 0.4454375 0.865625 0.09240624999999998 0.1681944444444443
18 0.578734375 0.9251180555555555 0.134984375 0.14976388888888878
19 0.68034765625 0.9393958333333333 0.08149218749999995 0.1149027777777778
19 0.85968359375 0.9094166666666667 0.051617187500000127 0.0941111111111111
12 0.7502304687500001 0.9652638888888889 0.05558593750000007 0.0694722222222222
19 0.49909374999999995 0.947388888888889 0.03970312499999995 0.1052222222222222
19 0.8032187500000001 0.8641597222222223 0.027578125000000054 0.035291666666666784
19 0.20648046874999998 0.7606388888888889 0.03657031249999998 0.11344444444444453
12 0.49144140625 0.7429930555555555 0.11249218750000001 0.18265277777777778
17 0.6514374999999999 0.7223055555555555 0.08603124999999992 0.1423611111111111
17 0.35571484375000006 0.9459722222222222 0.07446093749999996 0.10805555555555549
19 0.42233203125 0.6891875000000001 0.05514843749999998 0.10587500000000002
19 0.59691796875 0.6447847222222223 0.04561718750000008 0.13198611111111108
18 0.19063671875 0.5979791666666667 0.058992187499999994 0.12354166666666673
19 0.46285546875000005 0.5728680555555555 0.08663281250000007 0.1850972222222222
19 0.5215664062500001 0.6245416666666667 0.02536718750000002 0.05686111111111119
19 0.7276875 0.6606666666666666 0.11071875000000002 0.18116666666666675
12 0.5495078125 0.5260763888888889 0.08776562499999993 0.1646527777777777
19 0.7653554687499999 0.4387986111111111 0.21072656250000002 0.3708194444444445
18 0.624328125 0.46041666666666664 0.13209374999999995 0.3030555555555556
19 0.32051171875 0.37337499999999996 0.059585937499999984 0.1261388888888889
19 0.36836718749999997 0.47722222222222227 0.08029687499999998 0.12222222222222222
19 0.44319921874999996 0.49852777777777785 0.0946640625 0.21241666666666675
19 0.46640625 0.42287500000000006 0.04604687500000004 0.08661111111111112
18 0.3592109375 0.34372916666666664 0.064546875 0.15356944444444443
17 0.20593750000000002 0.33922222222222226 0.065234375 0.15100000000000005
19 0.23830078124999998 0.23821527777777776 0.14957031250000002 0.11565277777777776
19 0.3818046875 0.23506944444444444 0.06329687500000003 0.12430555555555556
4 0.47566015625 0.21900694444444443 0.16941406249999996 0.35406944444444444
8 0.62267578125 0.20704166666666665 0.05582031250000004 0.23369444444444443
18 0.66161328125 0.3329097222222222 0.06617968750000003 0.1129305555555556
19 0.71521875 0.22741666666666663 0.08603124999999992 0.07294444444444442
0 0.7493359374999999 0.11486805555555556 0.062890625 0.12940277777777776
11 0.6792265625 0.0776111111111111 0.07268749999999997 0.15294444444444444
19 0.43933203125000003 0.11288888888888889 0.025242187499999957 0.0431111111111111
19 0.16519921875 0.1570277777777778 0.06838281249999997 0.14705555555555555
19 0.22101171874999997 0.06388888888888888 0.06507031249999999 0.11372222222222221
19 0.74319921875 0.028999999999999998 0.07289843749999995 0.057999999999999996
17 0.5401914062500001 0.03544444444444445 0.0683671875 0.06466666666666666
19 0.324578125 0.0678125 0.13125 0.12940277777777776
19 0.32623046875 0.051145833333333335 0.059554687500000016 0.08823611111111111