19 0.52762109375 0.7942013888888889 0.09632031249999998 0.24673611111111116
12 0.32482031250000004 0.6463819444444444 0.10515625000000002 0.15176388888888886
12 0.43573828125 0.6948819444444444 0.10616406250000003 0.24359722222222221
12 0.66358203125 0.3484305555555556 0.11955468749999998 0.3449166666666667
10 0.5704843749999999 0.4905138888888889 0.08914062499999993 0.24597222222222226
8 0.3318671875 0.3802083333333333 0.09410937500000002 0.2955555555555555
6 0.82430859375 0.6724930555555555 0.039789062499999875 0.0759305555555555
19 0.4541015625 0.16006944444444443 0.15945312499999997 0.2870833333333333
19 0.7481640625000001 0.15951388888888887 0.10070312500000007 0.18097222222222223
16 0.30328515624999997 0.1958263888888889 0.13625781249999996 0.20165277777777776
2 0.648046875 0.9409722222222222 0.175 0.11805555555555555
7 0.41484375 0.9833333333333333 0.12578125 0.03333333333333333
19 0.32121875 0.9184999999999999 0.06106249999999998 0.16299999999999987
19 0.24563671875 0.9292708333333333 0.10755468749999997 0.1414583333333332
19 0.54853515625 0.9420277777777778 0.035757812499999986 0.08291666666666674
19 0.373421875 0.9031041666666667 0.05153125000000003 0.13598611111111122
19 0.301640625 0.7774166666666666 0.09234375000000003 0.11813888888888881
19 0.6142578125 0.8594861111111112 0.05221874999999994 0.08538888888888892
19 0.64328125 0.7342638888888888 0.05445312500000003 0.10166666666666672
19 0.7250664062500001 0.8052222222222222 0.08649218750000003 0.14791666666666667
19 0.3805234375 0.7734722222222222 0.08698437500000003 0.14119444444444448
9 0.20232031250000002 0.5404444444444445 0.190828125 0.2720833333333333
19 0.5649101562500001 0.6370972222222223 0.1490078125 0.1830555555555555
19 0.50822265625 0.5069999999999999 0.061867187500000045 0.11658333333333341
19 0.478125 0.6420625 0.05476562499999993 0.13873611111111117
19 0.41524609375 0.5258680555555556 0.04971093750000004 0.08387499999999998
19 0.45764843749999995 0.5198194444444444 0.041281249999999936 0.0808888888888889
10 0.36990234375000003 0.5008055555555555 0.08291406249999995 0.2109166666666667
19 0.450109375 0.38207638888888895 0.08074999999999992 0.19254166666666667
19 0.5371484375000001 0.3192430555555556 0.11773437500000003 0.23876388888888883
19 0.62238671875 0.5542708333333333 0.07302343750000002 0.1360694444444445
19 0.20680078124999998 0.36611111111111105 0.12985156250000002 0.13305555555555554
19 0.79381640625 0.2239513888888889 0.09830468750000003 0.14151388888888888
17 0.258734375 0.06773611111111111 0.10309375000000003 0.10019444444444446
19 0.3650703125 0.06525 0.07423437499999999 0.1305
19 0.5551171874999999 0.21063888888888888 0.1154375 0.1003611111111111
19 0.6651640625 0.09274305555555556 0.05814062500000006 0.08987499999999997
19 0.684140625 0.041881944444444444 0.15671874999999993 0.08376388888888889
17 0.7287812499999999 0.058354166666666665 0.06571874999999991 0.11670833333333333