18 0.384765625 0.9831944444444444 0.05999999999999996 0.033611111111111175
9 0.5092187499999999 0.893888888888889 0.17468749999999994 0.21222222222222215
19 0.6972343750000001 0.9034722222222222 0.3085000000000001 0.19305555555555556
2 0.44132812500000007 0.7595763888888889 0.20671874999999998 0.3485972222222222
2 0.1626328125 0.8021944444444443 0.08115625000000001 0.158111111111111
12 0.2498046875 0.7656458333333334 0.09053125 0.15812499999999996
12 0.19209375 0.687923611111111 0.036531249999999994 0.08187499999999999
10 0.40298828125 0.44457638888888895 0.13722656250000004 0.1394861111111112
18 0.2281796875 0.34408333333333335 0.08603125 0.16077777777777777
18 0.335078125 0.19468055555555555 0.1515625 0.3811944444444444
18 0.80831640625 0.19498611111111108 0.2391328125 0.38997222222222216
9 0.21760546874999998 0.2861875 0.0763046875 0.2617916666666667
8 0.6422148437499999 0.20779861111111111 0.13458593749999997 0.24662499999999998
0 0.5324648437499999 0.24063888888888887 0.09944531249999997 0.19905555555555554
17 0.21739453125 0.09236805555555555 0.09927343749999998 0.15056944444444445
19 0.45364062499999996 0.17236111111111113 0.11646874999999998 0.24941666666666668
2 0.5290859375 0.06970833333333333 0.11117187499999996 0.13941666666666666
17 0.5919531250000001 0.028534722222222225 0.04896875000000005 0.05706944444444445
0 0.30521093749999995 0.4419930555555555 0.08421874999999997 0.14034722222222215
3 0.3381015625 0.6879930555555556 0.05823437499999997 0.11337500000000007
4 0.56074609375 0.7861180555555556 0.07464843749999997 0.14965277777777777
12 0.6357421875 0.8022569444444444 0.07306249999999999 0.12990277777777773
19 0.12076171875 0.2946736111111111 0.1258203125 0.5893472222222222