3 0.80234375 0.8684027777777777 0.12982812499999996 0.19413888888888886
19 0.52559765625 0.9059930555555556 0.18813281249999997 0.18801388888888873
8 0.6337421875 0.8374375000000001 0.154296875 0.2772083333333333
19 0.367 0.8855277777777777 0.04242187499999996 0.22894444444444434
19 0.4551523437499999 0.8931111111111111 0.07077343749999994 0.11983333333333329
19 0.51766015625 0.8058819444444445 0.06316406249999992 0.08362500000000005
7 0.29777343749999996 0.6166874999999999 0.16460937500000003 0.3866805555555557
17 0.51658984375 0.7126805555555555 0.0749921875 0.1183333333333334
19 0.53483984375 0.6065 0.05938281249999999 0.21191666666666673
16 0.42898437500000003 0.5865416666666666 0.07753125000000001 0.15269444444444452
19 0.48902734375 0.48952777777777773 0.16778906249999997 0.34319444444444447
17 0.7046875 0.4998472222222222 0.07414062500000007 0.13036111111111112
19 0.64969921875 0.34850000000000003 0.07017968749999995 0.16005555555555556
19 0.384546875 0.49788888888888894 0.09028124999999995 0.15788888888888897
19 0.3986328125 0.30620138888888887 0.15210937500000005 0.24731944444444443
19 0.5687265625 0.26102777777777775 0.07765625000000007 0.18038888888888888
16 0.7027421875 0.26431944444444444 0.101953125 0.19386111111111118
19 0.50370703125 0.19429166666666664 0.09319531249999997 0.16302777777777777
2 0.704984375 0.07984027777777777 0.09949999999999992 0.15968055555555555
17 0.59988671875 0.06974305555555556 0.08117968750000007 0.13948611111111112
2 0.5347265625 0.04427777777777778 0.10532812499999995 0.08855555555555555
19 0.39145312499999996 0.08997916666666667 0.07401562499999996 0.17995833333333333
17 0.2967734375 0.05229166666666667 0.07510937499999999 0.09208333333333332
0 0.24251171874999997 0.04109722222222222 0.07580468749999998 0.08219444444444444