19 0.64088671875 0.9812847222222222 0.05619531250000005 0.03743055555555562
17 0.56584765625 0.9625555555555555 0.05047656249999992 0.0703055555555554
19 0.28233203125 0.8988402777777778 0.04825781249999998 0.059347222222222246
19 0.422265625 0.9729166666666667 0.0546875 0.05416666666666667
19 0.41206250000000005 0.8187638888888888 0.05587499999999999 0.1377500000000001
19 0.46992578125 0.8007569444444446 0.053695312500000016 0.08004166666666682
17 0.5867656250000001 0.8826736111111111 0.08159375000000005 0.09043055555555542
8 0.5895859375 0.7665 0.13475 0.20602777777777775
19 0.38003906249999997 0.7453749999999999 0.021375000000000012 0.09330555555555564
19 0.36378125000000006 0.8779027777777778 0.018031250000000033 0.02900000000000015
19 0.29630859375 0.7230972222222222 0.04430468750000003 0.03333333333333333
19 0.5480234374999999 0.6807986111111111 0.04635937499999994 0.11537499999999991
12 0.4438750000000001 0.6507083333333333 0.12178125000000004 0.23183333333333336
17 0.23037890625 0.6175694444444445 0.08346093750000001 0.13552777777777783
17 0.5204921874999999 0.6247638888888889 0.04245312499999994 0.07119444444444444
17 0.57773046875 0.5649861111111112 0.09024218749999999 0.16233333333333333
19 0.18550390625 0.5989027777777778 0.02027343749999999 0.045583333333333406
19 0.52953125 0.4310972222222222 0.08664062500000007 0.2359166666666667
17 0.49176171875 0.556875 0.054695312499999996 0.11683333333333334
17 0.19203515625 0.38230555555555557 0.06796093750000001 0.1516666666666667
10 0.2474609375 0.2894791666666667 0.05804687499999996 0.3170138888888889
19 0.40144140625 0.2602847222222222 0.04955468750000001 0.07693055555555553
19 0.489921875 0.24288888888888888 0.06078124999999997 0.08058333333333331
19 0.66947265625 0.26761111111111113 0.05161718749999995 0.09158333333333334
19 0.20075390624999997 0.13881249999999998 0.04838281249999998 0.15265277777777775
19 0.5722031249999999 0.14865277777777777 0.029187499999999922 0.03205555555555553
19 0.436125 0.09447222222222224 0.05923437499999995 0.1098888888888889
19 0.2605703125 0.08455555555555555 0.07557812500000001 0.12058333333333332
19 0.47862499999999997 0.1052361111111111 0.139078125 0.2104722222222222
19 0.5370039062499999 0.02815972222222222 0.07039843749999992 0.05631944444444444
19 0.22836328125 0.04113194444444444 0.10044531250000002 0.08226388888888889