17 0.68687109375 0.9430138888888889 0.058945312500000034 0.11397222222222214
0 0.64669140625 0.9681944444444445 0.06057031249999998 0.06361111111111105
14 0.58203515625 0.9724999999999999 0.07092968749999998 0.054999999999999875
18 0.42744921874999997 0.9294305555555556 0.07060156249999996 0.10727777777777779
19 0.5498671875000001 0.8877152777777777 0.177328125 0.22456944444444452
2 0.20396874999999998 0.9781388888888889 0.047953125 0.043722222222222246
7 0.333984375 0.9520833333333333 0.1140625 0.09583333333333334
19 0.44879296875 0.8204305555555554 0.08489843750000006 0.11780555555555547
14 0.22743750000000001 0.9364236111111112 0.05445312500000003 0.07762500000000014
19 0.20432812500000003 0.8457083333333333 0.12234375000000001 0.16888888888888876
19 0.32321484375 0.8163680555555557 0.14671093749999997 0.19018055555555563
10 0.5131015624999999 0.7721111111111112 0.1247187499999999 0.10261111111111126
17 0.7575000000000001 0.8090625 0.06984375000000007 0.16318055555555558
10 0.6392109375 0.7173958333333333 0.08156250000000007 0.15915277777777775
19 0.7589296875 0.6613611111111112 0.08020312500000007 0.11388888888888897
19 0.5194023437499999 0.7006875 0.04925781249999996 0.06129166666666674
14 0.61507421875 0.5816319444444444 0.07938281249999993 0.16659722222222229
14 0.46042578125 0.6533680555555554 0.12661718749999995 0.20337500000000008
2 0.31103125 0.6596805555555556 0.12198437499999999 0.18675000000000005
19 0.72307421875 0.686625 0.05682031250000001 0.04986111111111116
19 0.4006796875 0.7297291666666667 0.10046874999999997 0.13659722222222218
18 0.40735546874999995 0.5523194444444444 0.09658593750000004 0.2554722222222223
19 0.265625 0.4694027777777777 0.06281249999999998 0.11708333333333328
3 0.29980859375 0.4228263888888889 0.09774218750000001 0.1550972222222222
17 0.4885 0.4299791666666667 0.08715624999999996 0.2019027777777778
19 0.5476445312499999 0.41604861111111113 0.10263281249999992 0.23098611111111114
2 0.7637578125 0.4827777777777778 0.18610937500000002 0.2776388888888889
17 0.7566171875000001 0.4300069444444445 0.08023437500000004 0.16176388888888893
18 0.5749375000000001 0.3114097222222222 0.14621875000000006 0.20143055555555553
19 0.7022499999999999 0.1479861111111111 0.19956249999999995 0.2959722222222222
19 0.4017109375 0.23006944444444447 0.06920312499999999 0.10347222222222222
19 0.450921875 0.1946736111111111 0.08762500000000006 0.12268055555555553
14 0.37578515625 0.14715277777777777 0.0788984375 0.13930555555555557
19 0.5609375 0.1371527777777778 0.18779687500000009 0.2743055555555556
10 0.4078046875 0.06358333333333334 0.1874375 0.12716666666666668
10 0.21125390624999998 0.23073611111111111 0.09422656250000001 0.1495
19 0.26849609375 0.09600694444444445 0.12766406249999998 0.1920138888888889
2 0.1808671875 0.0825 0.08204687499999999 0.165
19 0.8160117187500001 0.12375694444444443 0.08713281250000007 0.17831944444444442
16 0.81905078125 0.02 0.06889843750000005 0.04