14 0.28367187499999996 0.9735416666666665 0.04671874999999996 0.05291666666666654
8 0.49235937500000004 0.8167638888888888 0.255453125 0.3664722222222223
19 0.6743515625000001 0.8692361111111111 0.09567187500000003 0.23458333333333345
19 0.2291015625 0.7978402777777779 0.12179687499999999 0.28290277777777784
8 0.53544921875 0.5677777777777778 0.2085859375 0.1725833333333333
16 0.27245703125 0.5909513888888889 0.15450781249999998 0.33209722222222215
17 0.18863671875000002 0.4774097222222222 0.1013203125 0.16806944444444444
2 0.37369531250000004 0.5997569444444445 0.07092187500000002 0.22215277777777784
19 0.35303515625 0.4333680555555555 0.11653906250000001 0.20979166666666665
19 0.5833203124999999 0.43076388888888884 0.12403125 0.13613888888888886
19 0.47106249999999994 0.4129166666666667 0.10454687499999996 0.1881666666666667
18 0.7838085937500001 0.34431944444444446 0.09622656250000006 0.18013888888888888
17 0.25934375000000004 0.34573611111111113 0.09118750000000002 0.12158333333333332
12 0.4053359375 0.24360416666666668 0.08214062500000004 0.17081944444444447
19 0.34695703125 0.3045902777777778 0.11397656249999995 0.12501388888888887
17 0.4827031249999999 0.3785833333333333 0.04559374999999992 0.09547222222222224
19 0.55298046875 0.13090277777777778 0.11158593749999994 0.24013888888888885
17 0.64500390625 0.06366666666666668 0.06419531250000006 0.12733333333333335
2 0.82445703125 0.022291666666666668 0.05252343750000001 0.044083333333333335