19 0.7836093749999999 0.8226458333333334 0.12096875000000003 0.26334722222222234
19 0.4291875 0.9088263888888888 0.030015625000000056 0.04109722222222211
19 0.51471484375 0.8523333333333333 0.019429687499999914 0.04077777777777764
2 0.43764453124999997 0.7232430555555556 0.2134609375 0.32901388888888894
19 0.21174218749999998 0.9619374999999999 0.03168749999999998 0.036208333333333245
19 0.20020703125 0.8127430555555555 0.12739843749999996 0.20690277777777782
19 0.604953125 0.8409444444444445 0.01414062499999993 0.03722222222222216
19 0.3063828125 0.6671458333333333 0.029812499999999974 0.10770833333333335
19 0.5676328125 0.6652361111111111 0.14834375000000008 0.18263888888888888
19 0.5578515625 0.5681666666666666 0.015265624999999972 0.02955555555555552
19 0.4829140625 0.5211805555555555 0.12045312500000005 0.12305555555555558
19 0.27971875 0.39474999999999993 0.07818750000000003 0.34674999999999995
3 0.427609375 0.34029166666666666 0.14562500000000003 0.26727777777777784
2 0.5229609375 0.29568055555555556 0.19517187499999994 0.26363888888888887
19 0.8153593750000001 0.33375 0.13509375000000007 0.3216666666666667
18 0.33812109375 0.3173055555555555 0.07594531250000003 0.11149999999999996
3 0.4124140625 0.2305347222222222 0.07501562499999999 0.1567083333333333
11 0.6437109375000001 0.11223611111111112 0.14898437500000003 0.20275
18 0.36252734375 0.08241666666666667 0.10749218750000003 0.16483333333333333
12 0.49444921875 0.17829861111111112 0.08208593749999996 0.08598611111111108
3 0.49591796875 0.11325 0.09283593749999994 0.2265
18 0.11199218749999999 0.13903472222222224 0.10217187500000002 0.2780694444444445