7 0.8339296875000001 0.9542847222222222 0.193765625 0.09143055555555546
7 0.7100312499999999 0.9664652777777778 0.05751562499999992 0.06706944444444439
19 0.42787109375 0.9341319444444445 0.05591406249999995 0.12065277777777762
10 0.177578125 0.9717361111111111 0.09500000000000001 0.05652777777777784
10 0.61362890625 0.9314375 0.10902343749999996 0.13712500000000002
19 0.42903515625 0.8245833333333334 0.19161718749999998 0.2704722222222222
19 0.340921875 0.8233402777777777 0.04532812499999998 0.19562499999999988
19 0.52909765625 0.9283888888888889 0.017289062500000084 0.019083333333333345
19 0.33387109375 0.7187847222222222 0.08735156249999995 0.16784722222222218
19 0.3219765625 0.5671875 0.11754687500000002 0.24806944444444445
19 0.42145312500000004 0.5934930555555555 0.12204687500000003 0.1797083333333333
19 0.6285351562500001 0.5603819444444444 0.07060156249999991 0.07831944444444443
19 0.22579296875 0.6347986111111111 0.029976562500000005 0.06593055555555559
17 0.2680859375 0.44579861111111113 0.05454687499999995 0.09870833333333325
19 0.7962617187500001 0.41870833333333335 0.11438281250000007 0.22155555555555553
19 0.40290234375 0.45273611111111106 0.12602343749999995 0.1424166666666666
19 0.46183984375 0.34941666666666665 0.23564843750000003 0.32236111111111115
19 0.30580078125 0.21743055555555557 0.052382812499999966 0.1515277777777778
19 0.651140625 0.2275347222222222 0.10150000000000006 0.2693749999999999
19 0.24924609374999998 0.11791666666666667 0.12991406249999998 0.13552777777777775
19 0.61244921875 0.05163194444444444 0.12671093750000004 0.10326388888888888
7 0.7849570312499999 0.030569444444444448 0.08252343750000009 0.061138888888888895
2 0.2853046875 0.029090277777777777 0.12167187500000001 0.053125