19 0.70308203125 0.988486111111111 0.028695312500000014 0.02302777777777768
19 0.455859375 0.9770833333333333 0.05546875 0.04583333333333333
19 0.40793749999999995 0.9623819444444446 0.03546875000000003 0.07240277777777793
10 0.19933984375000002 0.9725138888888888 0.05303906250000001 0.054972222222222124
10 0.25741796875 0.9482083333333332 0.04641406249999998 0.10358333333333324
19 0.35339453125000003 0.9356180555555556 0.0750859375 0.12876388888888893
19 0.75049609375 0.8984652777777777 0.022054687500000014 0.05881944444444432
19 0.407765625 0.7861180555555556 0.39821875 0.4277638888888889
2 0.31355859375 0.877201388888889 0.1301640625 0.22029166666666683
13 0.19700390625000003 0.8680555555555556 0.12132031249999997 0.19872222222222213
19 0.80123046875 0.8448125 0.09485156249999997 0.16348611111111117
14 0.17009375 0.7109305555555555 0.084921875 0.14316666666666664
5 0.8195390625 0.6736875000000001 0.05956249999999992 0.12156944444444448
14 0.1643671875 0.5339166666666667 0.03757812500000002 0.21488888888888893
18 0.2592421875 0.5509305555555555 0.16637500000000002 0.2803055555555555
12 0.444875 0.5304027777777778 0.13846875 0.2850000000000001
15 0.5487460937499999 0.6289097222222222 0.06236718749999994 0.2140972222222222
3 0.6575390624999999 0.4684305555555555 0.153515625 0.30180555555555555
19 0.44803906250000003 0.6879166666666667 0.030437500000000027 0.04236111111111111
19 0.5617109375 0.49526388888888884 0.08417187500000001 0.10294444444444445
19 0.20391796874999998 0.5514374999999999 0.047429687500000005 0.04726388888888885
2 0.4824140625 0.3149861111111111 0.18529687500000006 0.6299722222222222
19 0.3103515625 0.31624305555555554 0.035296874999999964 0.07451388888888885
17 0.27450390625 0.29565277777777776 0.05183593750000002 0.09608333333333334
17 0.41843359375 0.21790972222222219 0.05735156250000002 0.07112499999999997
19 0.5384921875 0.11095138888888888 0.09385937500000008 0.14509722222222224
19 0.523109375 0.028999999999999998 0.12904687500000006 0.057999999999999996
19 0.7033828125 0.04232638888888889 0.061875000000000034 0.07843055555555556
2 0.34933984375000005 0.03194444444444444 0.06628906250000002 0.06388888888888888