18 0.4134765625 0.9470069444444444 0.12601562499999996 0.10598611111111103
18 0.3656328125 0.9579097222222221 0.13192187500000005 0.08418055555555541
10 0.764453125 0.9657638888888889 0.08999999999999994 0.06847222222222216
17 0.6499921875 0.9838680555555556 0.04732812499999994 0.03226388888888891
12 0.48749609375 0.9709444444444444 0.05805468749999996 0.058111111111110995
12 0.56780078125 0.9460347222222222 0.0951171875 0.10793055555555561
2 0.232203125 0.9699930555555555 0.06382812500000004 0.060013888888888936
14 0.272671875 0.9460902777777777 0.08093750000000002 0.09968055555555554
2 0.45002343749999996 0.964375 0.03582812499999992 0.07124999999999994
16 0.67496484375 0.9126597222222222 0.10972656250000004 0.16073611111111114
19 0.2611796875 0.7361597222222221 0.15579687499999997 0.2957361111111112
19 0.77598046875 0.8390208333333332 0.10413281250000006 0.2160972222222221
18 0.71531640625 0.7848611111111111 0.07166406250000001 0.16749999999999995
2 0.54016015625 0.6797152777777777 0.11764843749999994 0.15748611111111116
16 0.3619453125 0.5690138888888889 0.10846875000000003 0.19986111111111107
12 0.537890625 0.5180208333333333 0.12395312500000007 0.219125
14 0.3262109375 0.9152916666666666 0.0995 0.07402777777777772
14 0.30159765625 0.46769444444444447 0.06111718750000002 0.1898333333333334
18 0.6118476562499999 0.3623611111111111 0.06411718749999995 0.14277777777777775
3 0.38708984375 0.6459791666666667 0.07078906249999997 0.12581944444444448
18 0.35059375000000004 0.6944444444444444 0.03423437500000004 0.057749999999999975
18 0.29741406249999996 0.141875 0.14976562500000004 0.28375
8 0.42453515625 0.15694444444444444 0.1457734375 0.3138888888888889
2 0.825234375 0.17555555555555558 0.12765625000000008 0.35111111111111115
3 0.51316796875 0.07492361111111111 0.052773437499999964 0.14984722222222221
16 0.58426953125 0.05245138888888889 0.09996093750000004 0.10490277777777778