19 0.16214062499999998 0.5942361111111112 0.15696875000000002 0.8001388888888891
19 0.158984375 0.9548611111111112 0.15703125 0.09027777777777778
19 0.2629296875 0.9584305555555555 0.06804687500000002 0.08313888888888875
19 0.46953125 0.9847222222222223 0.02890625 0.030555555555555555
19 0.6117851562500001 0.9266805555555554 0.1231328125000001 0.1466388888888888
14 0.69093359375 0.9281041666666667 0.1086796875000001 0.14379166666666662
2 0.373265625 0.9057430555555556 0.21176562499999996 0.18851388888888893
0 0.41089453125 0.9076111111111111 0.1283828125 0.18477777777777774
17 0.23309765625 0.8623472222222224 0.07941406249999998 0.12000000000000012
19 0.5058203124999999 0.8887499999999999 0.13226562499999997 0.22250000000000006
19 0.45873828124999994 0.8273611111111112 0.10027343749999992 0.17049999999999998
19 0.31571875 0.7846388888888888 0.06342187500000004 0.11438888888888875
10 0.68409765625 0.6133819444444444 0.16636718750000004 0.163375
19 0.39025781249999997 0.7041388888888889 0.055781250000000025 0.07736111111111117
19 0.34490625 0.6951527777777777 0.026078124999999997 0.043055555555555555
19 0.138359375 0.48418055555555556 0.10182812500000002 0.16444444444444442
17 0.2490859375 0.5973125 0.04437499999999996 0.09834722222222214
19 0.47061328125 0.640701388888889 0.14207031249999996 0.22062500000000004
10 0.53642578125 0.5170833333333332 0.07736718749999998 0.2714166666666666
2 0.46746484375 0.47712499999999997 0.13577343749999998 0.1492222222222223
17 0.41391406249999996 0.3974652777777778 0.06617187500000003 0.1086527777777778
19 0.65826953125 0.4131319444444444 0.06939843749999994 0.139875
19 0.73265625 0.4596805555555556 0.09046874999999996 0.14686111111111114
19 0.35634375 0.28996527777777775 0.05293749999999999 0.13137500000000005
19 0.427484375 0.2948680555555555 0.045218750000000085 0.09412499999999997
19 0.48980078125000004 0.3252638888888889 0.11691406250000007 0.14705555555555555
12 0.61440625 0.31640972222222224 0.11024999999999992 0.16476388888888888
17 0.5228789062500001 0.29783333333333334 0.07939843750000009 0.14711111111111108
17 0.4710585937499999 0.1713125 0.061789062499999936 0.15681944444444446
19 0.4186484375 0.19449999999999998 0.12245312500000001 0.26349999999999996
19 0.5675507812499999 0.13569444444444445 0.10478906250000009 0.2713888888888889
2 0.3138671875 0.11020833333333332 0.17976562499999998 0.22041666666666665
19 0.20374218749999998 0.05335416666666667 0.080765625 0.10670833333333334
17 0.17927734375 0.1678888888888889 0.06882031250000002 0.09883333333333331
17 0.3665546875 0.1172986111111111 0.04632812499999996 0.10118055555555555
17 0.5147890625 0.07847222222222222 0.059562500000000004 0.1270555555555556
10 0.688171875 0.0890625 0.1654375 0.10587500000000002
19 0.7016171875 0.03998611111111111 0.15893750000000004 0.07997222222222222
19 0.48433593750000004 0.034104166666666665 0.09717187500000009 0.06820833333333333