3 0.47658984374999996 0.9421527777777778 0.08005468750000003 0.11569444444444438
18 0.54450390625 0.9311597222222221 0.08416406250000001 0.1376805555555557
17 0.4115390625 0.9490833333333332 0.05414062499999996 0.10183333333333325
2 0.6483554687499999 0.9197569444444444 0.13174218750000008 0.16048611111111105
11 0.820453125 0.9900416666666666 0.04815624999999999 0.01991666666666655
13 0.74838671875 0.8545138888888889 0.1793046875000001 0.29097222222222224
19 0.297921875 0.7982083333333334 0.16325000000000003 0.3449722222222223
11 0.44728124999999996 0.8183888888888889 0.14012500000000006 0.1676111111111112
12 0.5762070312500001 0.7711944444444444 0.07319531250000004 0.12186111111111113
17 0.43452343750000005 0.6993611111111111 0.10060937499999997 0.12758333333333335
19 0.4995976562499999 0.5745694444444445 0.1149296875000001 0.3279166666666667
19 0.5943359375 0.6399930555555555 0.123046875 0.17723611111111112
2 0.7313281249999999 0.47051388888888884 0.2504687499999999 0.5749166666666667
3 0.79308203125 0.5234652777777777 0.1037109375 0.24531944444444445
19 0.33563671875 0.6688541666666667 0.08003906250000004 0.13509722222222229
19 0.20392968749999998 0.42459027777777775 0.10640625000000001 0.44931944444444444
2 0.13466406250000001 0.4252638888888889 0.0700625 0.1693333333333333
2 0.5412109375 0.5648611111111111 0.08409375000000008 0.07744444444444443
11 0.27701953125 0.3918611111111111 0.08425781250000001 0.31361111111111106
19 0.40628906249999996 0.5961111111111111 0.08679687499999997 0.15124999999999997
19 0.3684609375 0.5171319444444444 0.15501562500000002 0.1675138888888889
10 0.78684765625 0.24038888888888887 0.07511718749999999 0.17444444444444446
18 0.5565390625 0.3270138888888889 0.07514062500000004 0.11408333333333331
19 0.30656249999999996 0.1367847222222222 0.134375 0.2735694444444444
18 0.41798828125 0.25549999999999995 0.08949218749999996 0.1940555555555556
14 0.3564375 0.1872361111111111 0.07818750000000003 0.16552777777777777
3 0.498046875 0.2576111111111111 0.15437499999999993 0.2991111111111111
2 0.49534374999999997 0.23686805555555557 0.10739062500000003 0.19812499999999997
19 0.4188515625 0.08601388888888889 0.09017187500000001 0.17202777777777778
1 0.4836953125 0.08646527777777777 0.05775000000000006 0.10987500000000001
14 0.59566015625 0.10811111111111112 0.10539843750000007 0.21427777777777782
11 0.72583984375 0.11572916666666667 0.06991406250000001 0.23145833333333335
11 0.6665703125 0.10492361111111112 0.04862500000000001 0.20984722222222224
10 0.5530976562500001 0.020270833333333335 0.0810546875 0.04054166666666667
18 0.18460937500000002 0.043951388888888894 0.0203125 0.05679166666666667