3 0.60737109375 0.9546180555555556 0.08088281249999998 0.08326388888888896
3 0.70914453125 0.8975069444444443 0.13435156250000002 0.204986111111111
2 0.37572265624999995 0.8691458333333333 0.09588281249999997 0.21662500000000004
19 0.41233593749999997 0.9370624999999999 0.058812499999999976 0.11704166666666664
8 0.50919140625 0.9646041666666666 0.08075781249999991 0.07079166666666671
1 0.56812109375 0.9700624999999999 0.05705468749999998 0.05987499999999986
17 0.2593359375 0.9645416666666667 0.07757812499999997 0.07091666666666659
16 0.40087890625 0.8980694444444445 0.04242968749999996 0.07152777777777777
3 0.46611328125 0.9116805555555555 0.06292968749999997 0.14438888888888893
19 0.5442421875000001 0.8913263888888889 0.11631250000000008 0.09604166666666679
19 0.5764375 0.7966736111111111 0.05798437500000002 0.09229166666666673
3 0.5085 0.8192569444444444 0.08631250000000001 0.0986805555555555
19 0.43207421875000007 0.7868263888888889 0.06847656250000003 0.18270833333333328
18 0.35975390625000003 0.7868333333333333 0.08107031249999999 0.1688611111111111
3 0.23140624999999998 0.8326388888888889 0.11628125000000003 0.16236111111111123
15 0.81549609375 0.7957222222222223 0.11372656250000004 0.20816666666666675
15 0.76868359375 0.7086250000000001 0.07096093749999995 0.12094444444444442
3 0.73509765625 0.6170625 0.07858593749999994 0.11184722222222218
8 0.6248671875 0.7076527777777778 0.10460937500000007 0.14825000000000002
10 0.6573945312499999 0.6246041666666667 0.07783593750000009 0.22154166666666672
5 0.2961875 0.7213194444444445 0.07815624999999997 0.18097222222222215
14 0.3634453125 0.6648958333333332 0.06846875 0.08581944444444439
17 0.51837890625 0.6744166666666667 0.05617968750000006 0.10299999999999995
18 0.58933203125 0.5801527777777779 0.05969531250000006 0.10497222222222227
2 0.5116640625000001 0.6997569444444445 0.1149531249999999 0.20754166666666676
5 0.17731249999999998 0.6928402777777778 0.051078124999999974 0.08176388888888882
14 0.4531171875 0.589375 0.14325000000000004 0.22650000000000006
14 0.28332812500000004 0.5639166666666666 0.10534375000000003 0.18333333333333332
19 0.36108203125 0.5775625 0.04022656250000001 0.08126388888888887
16 0.1752421875 0.9448888888888888 0.08542187500000002 0.11022222222222208
2 0.83933984375 0.33625000000000005 0.28928906249999997 0.4813888888888889
19 0.3351796875 0.5150833333333333 0.07285937499999999 0.1217222222222222
19 0.5607109374999999 0.4074097222222222 0.10082812499999996 0.23251388888888885
18 0.27474609375000003 0.36864583333333334 0.18527343749999997 0.2097916666666667
16 0.47711718750000004 0.3016597222222222 0.195765625 0.34115277777777775
19 0.63540234375 0.15194444444444447 0.11424218750000001 0.30388888888888893
2 0.6405859375 0.4013125 0.07420312500000001 0.15656944444444448
19 0.24095703125 0.5 0.031601562500000034 0.07022222222222214
17 0.41451953125 0.31950694444444444 0.10849218749999996 0.14231944444444447
2 0.24982421875 0.2603333333333333 0.11175781249999998 0.10486111111111111
19 0.74016796875 0.17887499999999998 0.1381015625 0.2303333333333333
7 0.736 0.050576388888888886 0.18221875 0.10115277777777777
18 0.28887109375 0.10581944444444444 0.08303906249999997 0.21163888888888888
18 0.36621875 0.19478472222222223 0.09574999999999996 0.101125
19 0.5126406250000001 0.11520138888888888 0.20109375000000007 0.23034722222222226
0 0.3851796875 0.04589583333333334 0.05782812499999999 0.09179166666666667