19 0.3412109375 0.9888750000000001 0.03960937500000004 0.022249999999999975
17 0.56094921875 0.9204374999999999 0.17017968749999995 0.1591249999999999
0 0.28488671875 0.9622916666666667 0.06008593749999998 0.0754166666666666
19 0.18125 0.9902777777777778 0.0265625 0.019444444444444445
14 0.4015625 0.9041666666666667 0.08828125 0.19166666666666668
18 0.7224140625000001 0.8344652777777777 0.07026562500000004 0.24306944444444442
10 0.54726953125 0.7374166666666666 0.1177734375 0.26297222222222216
2 0.44160937499999997 0.7414305555555556 0.16007812500000002 0.15827777777777782
14 0.45900390625 0.8611041666666667 0.04052343749999991 0.061236111111111
14 0.626859375 0.5371458333333333 0.10785937499999995 0.27687500000000004
18 0.66661328125 0.7659027777777778 0.08005468750000003 0.1634722222222223
10 0.7126874999999999 0.6305416666666667 0.06278124999999993 0.1638888888888889
19 0.48255078124999995 0.5754166666666667 0.10841406249999999 0.20341666666666672
19 0.82465625 0.5642152777777778 0.07699999999999996 0.12456944444444452
19 0.75875 0.5592847222222223 0.06385937500000001 0.0689027777777778
19 0.8152851562500001 0.42241666666666666 0.08228906249999994 0.22641666666666665
19 0.39594921874999994 0.4833888888888888 0.0800390625 0.14588888888888885
19 0.73341015625 0.2524722222222222 0.12239843750000005 0.19577777777777775
19 0.2926796875 0.25774305555555554 0.13089062499999998 0.194375
3 0.40119531249999996 0.2847638888888889 0.09964062499999997 0.24841666666666673
19 0.42523437500000005 0.20598611111111112 0.04640625000000007 0.07275
17 0.5109296875 0.16094444444444445 0.06751562500000005 0.1537777777777778
19 0.52192578125 0.2858888888888889 0.030398437500000063 0.04202777777777777
2 0.29598828125 0.15004166666666666 0.08189843750000003 0.20863888888888885
17 0.606484375 0.024763888888888887 0.049609375 0.049527777777777775