12 0.27937500000000004 0.9843055555555554 0.06578125000000004 0.031388888888888765
17 0.39872265625000003 0.9712152777777777 0.05427343750000002 0.057569444444444506
2 0.49596484375000005 0.585486111111111 0.2524453125 0.8290277777777779
18 0.4621640625 0.9403680555555556 0.08576562499999998 0.11926388888888874
17 0.20930468749999998 0.6382569444444444 0.08123437500000001 0.21415277777777786
18 0.3800546875 0.7662361111111112 0.055593749999999977 0.17647222222222214
18 0.42016015625 0.5917222222222224 0.1416171875 0.2413333333333334
18 0.65274609375 0.523888888888889 0.052054687500000085 0.06588888888888897
0 0.44287890625 0.4420833333333333 0.08492968750000003 0.10980555555555548
19 0.50171484375 0.4000902777777778 0.11996093749999996 0.19595833333333337
19 0.54719140625 0.3332569444444444 0.07464843749999997 0.129875
10 0.782234375 0.24286111111111114 0.07149999999999998 0.27677777777777773
12 0.47174999999999995 0.12290972222222223 0.11435937500000008 0.2400138888888889
19 0.3750234375 0.38718055555555553 0.04129687500000001 0.096
19 0.35183593750000003 0.14831249999999999 0.036531249999999994 0.0705972222222222
7 0.5741875000000001 0.0763125 0.18900000000000006 0.15245833333333333
19 0.37566406249999995 0.05650694444444445 0.10323437499999999 0.1130138888888889
19 0.5678359375 0.1736388888888889 0.06193749999999998 0.059111111111111135
19 0.6299257812500001 0.19246527777777775 0.023742187500000077 0.04159722222222221
19 0.7906796875000001 0.04095138888888889 0.041906250000000075 0.06862499999999999
19 0.20943359374999998 0.2626111111111111 0.04513281249999999 0.09966666666666665
8 0.52459765625 0.7139444444444444 0.16966406250000005 0.29624999999999996
2 0.35636328125 0.027354166666666666 0.062210937499999994 0.05470833333333333