19 0.27662890625 0.9647013888888888 0.012523437499999979 0.07059722222222212
19 0.73296875 0.9623055555555555 0.11156249999999997 0.07538888888888885
19 0.62890625 0.9965277777777778 0.0171875 0.006944444444444444
17 0.342640625 0.9780972222222223 0.066203125 0.04380555555555551
17 0.55455859375 0.9465625 0.06849218750000005 0.10687500000000007
7 0.47403125 0.8720902777777777 0.21859374999999998 0.25581944444444454
19 0.17253515625 0.9494027777777777 0.045960937499999986 0.0830555555555555
19 0.351515625 0.8839930555555556 0.05054687500000003 0.10212499999999997
19 0.28046484375 0.7015 0.10983593750000002 0.21755555555555553
19 0.23332421875000003 0.4885277777777778 0.16744531250000003 0.20972222222222223
19 0.47252343750000003 0.6754861111111111 0.12867187500000005 0.18138888888888885
19 0.44144921875000004 0.6911736111111111 0.05422656250000006 0.08987499999999997
19 0.70601953125 0.6793541666666667 0.05247656250000006 0.11437499999999995
19 0.5671875 0.6429166666666666 0.07628125000000008 0.1919444444444445
7 0.6425390624999999 0.5897013888888889 0.11878124999999998 0.16426388888888888
19 0.52565625 0.5802916666666667 0.08690625 0.18613888888888885
19 0.47196875 0.5988194444444445 0.030140624999999942 0.048222222222222264
7 0.76075 0.2642361111111111 0.09865625000000007 0.36736111111111114
15 0.67183984375 0.3680486111111111 0.15914843750000002 0.2942638888888889
2 0.46428515625 0.42456944444444444 0.22610156250000008 0.3138888888888889
2 0.34316015625 0.3531458333333333 0.12569531250000004 0.2965694444444444
18 0.434546875 0.19874305555555555 0.24800000000000005 0.3974861111111111
19 0.6785078125 0.1508888888888889 0.09279687499999997 0.18413888888888888
19 0.29751953125 0.0973888888888889 0.02867968750000003 0.19300000000000006
19 0.61671484375 0.18911805555555555 0.06891406250000003 0.1462083333333333
19 0.5903007812500001 0.07295833333333333 0.18391406250000006 0.14558333333333331