19 0.32814453125000004 0.9809930555555555 0.07292968750000002 0.038013888888888736
17 0.4811640625 0.8994097222222223 0.06781249999999997 0.16801388888888893
7 0.77518359375 0.7871527777777778 0.10969531250000006 0.27094444444444443
19 0.33023046875000006 0.7350763888888889 0.09546093750000004 0.14509722222222227
19 0.5280507812499999 0.9300625 0.07419531250000003 0.13987500000000005
19 0.41882031249999996 0.6756736111111111 0.08993749999999996 0.11668055555555554
19 0.41562890625 0.5614583333333333 0.09505468750000001 0.12002777777777772
19 0.5009062500000001 0.5699513888888889 0.056968750000000054 0.07879166666666669
19 0.5685078125 0.6104930555555556 0.12440625000000001 0.1685972222222222
19 0.48770312500000007 0.6156944444444444 0.014750000000000086 0.03111111111111108
17 0.22669531250000002 0.5532638888888889 0.08373437499999999 0.1087777777777777
19 0.21365234375000003 0.4354444444444444 0.10219531249999998 0.15891666666666662
19 0.2584453125 0.35195138888888894 0.10095312500000002 0.1794583333333334
19 0.430171875 0.36610416666666673 0.05301562499999992 0.0939583333333333
19 0.557265625 0.32746527777777773 0.08289062499999993 0.24048611111111107
19 0.68255078125 0.4237430555555556 0.11474218749999991 0.19748611111111114
19 0.3851171875 0.5266319444444444 0.03320312500000004 0.04520833333333327
12 0.27324609375 0.19940277777777776 0.12225781250000001 0.22619444444444448
19 0.3934921875 0.2592569444444444 0.09067187499999996 0.19537500000000002
7 0.44796484375 0.14902083333333332 0.17561718749999997 0.29804166666666665
10 0.58956640625 0.12329861111111112 0.09422656249999992 0.24659722222222225
19 0.77195703125 0.09087500000000001 0.11655468750000005 0.18175000000000002
3 0.29333984375 0.09073611111111111 0.07622656249999996 0.12594444444444444
18 0.11199218749999999 0.13903472222222224 0.10217187500000002 0.2780694444444445