19 0.381640625 0.9763888888888889 0.03359375 0.04722222222222222
7 0.52620703125 0.9756666666666667 0.08071093749999995 0.048666666666666615
8 0.721140625 0.9221805555555556 0.12271874999999995 0.15563888888888883
19 0.4597421875 0.9888055555555555 0.022859374999999994 0.022388888888888736
19 0.45227343750000004 0.869625 0.1765625 0.23500000000000007
10 0.57365234375 0.8652500000000001 0.15257031249999997 0.14869444444444438
5 0.33529296875000003 0.8747777777777779 0.05330468750000002 0.09966666666666665
17 0.78837109375 0.8679027777777778 0.11213281250000007 0.2641944444444445
19 0.4947617187500001 0.7466458333333333 0.15441406250000006 0.13598611111111114
19 0.5931093749999999 0.7702986111111111 0.037687500000000006 0.05584722222222227
7 0.5821835937500001 0.5708055555555556 0.11932031250000001 0.38086111111111115
12 0.68517578125 0.6042569444444444 0.07808593750000004 0.12462500000000003
19 0.46333984375000004 0.5679861111111111 0.0498046875 0.07877777777777782
17 0.3565390625 0.44564583333333335 0.07270312499999995 0.15195833333333328
0 0.4828125 0.5109999999999999 0.08087499999999999 0.14052777777777786
10 0.81277734375 0.48050000000000004 0.06892968750000002 0.15358333333333338
19 0.74434375 0.38600694444444444 0.13793749999999996 0.23062500000000005
19 0.3040390625 0.33804166666666663 0.05085937500000002 0.3400277777777777
19 0.3935234375 0.35308333333333336 0.17148437500000005 0.25611111111111107
19 0.49381640625 0.40345833333333336 0.07014843749999997 0.13147222222222218
19 0.33039453124999996 0.33605555555555555 0.03860156249999998 0.06863888888888892
19 0.7337265625 0.2777986111111111 0.2003906250000001 0.2642083333333334
19 0.62190234375 0.2581736111111111 0.01746093749999993 0.034319444444444416
17 0.34294921875 0.23666666666666666 0.0662109375 0.11388888888888889
17 0.56669140625 0.1712986111111111 0.06849218750000005 0.14379166666666668
7 0.4803125 0.12402777777777778 0.21859374999999998 0.24527777777777776
19 0.17639453125 0.16367361111111112 0.045960937499999986 0.08306944444444445
19 0.35485546875 0.1078402777777778 0.05055468750000003 0.10212500000000001
19 0.304015625 0.01165277777777778 0.029250000000000043 0.02116666666666667