18 0.21283593750000002 0.14159722222222224 0.03854687500000002 0.13458333333333333
2 0.224734375 0.04584722222222222 0.10110937499999997 0.09169444444444444
12 0.41131640625 0.07868750000000001 0.031695312499999996 0.07945833333333334
19 0.43549218749999996 0.021284722222222222 0.07517187500000003 0.042569444444444444
19 0.5960078125 0.008909722222222222 0.035890625000000044 0.017819444444444443
17 0.65234375 0.9756944444444444 0.05546875 0.04861111111111111
12 0.53874609375 0.9613125 0.10971093750000005 0.07737500000000005
19 0.428203125 0.9535069444444444 0.09156250000000003 0.09298611111111117
17 0.35595703125 0.7969652777777778 0.08308593750000001 0.1266250000000001
19 0.61402734375 0.8956180555555556 0.08039843750000006 0.2009583333333334
8 0.7069687499999999 0.8612500000000001 0.10606249999999999 0.2774999999999999
3 0.455671875 0.8797638888888888 0.09224999999999994 0.10286111111111104
12 0.43953125000000004 0.7751180555555556 0.06875 0.1149583333333333
19 0.6124453125 0.7152222222222223 0.12807812500000004 0.14905555555555547
2 0.35909375 0.682861111111111 0.08165624999999999 0.10961111111111113
19 0.4814843750000001 0.5806250000000001 0.10578125000000008 0.16097222222222218
18 0.539234375 0.6832847222222221 0.031593750000000045 0.04815277777777772
8 0.601359375 0.47256944444444443 0.11443750000000001 0.30791666666666667
10 0.7261992187499999 0.4867361111111111 0.07775781249999998 0.27569444444444446
17 0.4254921875 0.4265555555555556 0.06973437499999999 0.1691111111111111
19 0.49926171874999997 0.42331250000000004 0.10397656249999994 0.17190277777777777
10 0.63580859375 0.3449305555555555 0.13119531250000005 0.12794444444444442
17 0.46980078125 0.26464583333333336 0.07724218749999992 0.12690277777777778
17 0.54550390625 0.27868750000000003 0.09186718749999993 0.09881944444444442
10 0.3857421875 0.290625 0.048046875 0.19819444444444448
10 0.34442578125 0.11701388888888889 0.10619531250000006 0.23402777777777778
18 0.5987070312499999 0.20271527777777776 0.15632031249999995 0.19070833333333334
12 0.7153750000000001 0.15840277777777775 0.16362500000000005 0.26902777777777775
19 0.5293359375 0.8831180555555554 0.03304687499999996 0.06401388888888877
19 0.28954296875 0.8452847222222223 0.016914062499999983 0.037125000000000026
19 0.365125 0.9615555555555555 0.051687499999999977 0.07688888888888876
19 0.43547656250000005 0.9595347222222222 0.12157812499999995 0.08093055555555553
18 0.11199218749999999 0.13903472222222224 0.10217187500000002 0.2780694444444445
19 0.61378125 0.6512013888888889 0.08192187499999992 0.0979583333333333
19 0.41632421875 0.2631875 0.02072656249999998 0.11776388888888892