9 0.34190234375 0.9352638888888889 0.20353906249999998 0.12947222222222227
19 0.708984375 0.9916666666666667 0.02578125 0.016666666666666666
12 0.52589453125 0.9379513888888888 0.08522656249999994 0.1240972222222221
17 0.25564453125000003 0.8289583333333334 0.07172656249999995 0.1489722222222222
14 0.47459765624999994 0.8342083333333333 0.09794531249999991 0.13199999999999995
7 0.56526171875 0.8597152777777778 0.07014843749999997 0.178236111111111
19 0.46290624999999996 0.9367708333333333 0.05293749999999999 0.12645833333333328
19 0.35908984374999997 0.8032847222222222 0.14146093749999994 0.14773611111111096
12 0.48296874999999995 0.7272361111111111 0.08210937499999993 0.16419444444444448
19 0.22061328125 0.65775 0.08205468749999997 0.14294444444444437
19 0.40039453125 0.6294166666666666 0.11514843750000003 0.21452777777777776
13 0.55687890625 0.5631527777777778 0.21377343750000008 0.22316666666666676
8 0.5122890625000001 0.5703333333333334 0.11137499999999996 0.22544444444444436
17 0.32700390625 0.50075 0.11139843750000003 0.18038888888888888
17 0.4477734375 0.49193055555555554 0.05073437500000004 0.11961111111111111
19 0.42186328125 0.4340833333333334 0.0341796875 0.0705833333333334
19 0.53681640625 0.39842361111111113 0.14058593750000004 0.16940277777777782
19 0.8474687500000002 0.43097222222222226 0.02285937500000017 0.04513888888888889
19 0.52498046875 0.2815416666666667 0.07169531249999998 0.10980555555555556
16 0.35402734375 0.26774305555555555 0.12242968749999998 0.24326388888888895
19 0.43889843750000007 0.18531944444444445 0.04312500000000004 0.07463888888888891
17 0.62534765625 0.24175 0.09816406250000007 0.10311111111111113
17 0.7554765625 0.160375 0.05407812500000002 0.1403611111111111
10 0.70084765625 0.2064236111111111 0.053054687500000065 0.19715277777777776
17 0.40696875 0.10467361111111112 0.09595312499999994 0.09804166666666667
19 0.29116015625 0.1331041666666667 0.047429687500000026 0.07645833333333335
19 0.49696875 0.06879166666666667 0.07279687500000005 0.12352777777777778
8 0.7901835937499999 0.07292361111111112 0.035398437499999956 0.14584722222222224
12 0.67112109375 0.09351388888888888 0.2095546875 0.18702777777777777
12 0.2933671875 0.017416666666666667 0.06948437500000004 0.03333333333333333
19 0.398140625 0.034083333333333334 0.08271874999999995 0.06666666666666667
19 0.5480859375 0.02684722222222222 0.05635937500000008 0.05369444444444444