19 0.4962890625 0.9785416666666666 0.041640624999999966 0.04208333333333327
19 0.738921875 0.9465555555555555 0.11096874999999998 0.10688888888888894
19 0.36801562499999996 0.9513333333333333 0.10884374999999995 0.09733333333333323
0 0.4501953125 0.9071805555555555 0.05226562500000007 0.11844444444444441
0 0.4257734375 0.7803611111111112 0.08460937499999996 0.08794444444444435
18 0.246296875 0.5731319444444444 0.15712500000000001 0.28790277777777773
19 0.3448046875 0.7004375 0.06507812499999996 0.11865277777777787
19 0.4204609375 0.6091736111111111 0.189265625 0.31223611111111105
19 0.56674609375 0.5580277777777778 0.07369531249999994 0.08916666666666673
11 0.6081875 0.6042708333333332 0.13160937500000003 0.2555416666666666
19 0.68116796875 0.5774236111111111 0.10610156249999995 0.14873611111111115
19 0.24807031249999997 0.35291666666666666 0.129015625 0.23444444444444446
3 0.31328125 0.17904166666666665 0.12781250000000002 0.23141666666666666
19 0.4000390625 0.2708541666666667 0.09195312500000004 0.16345833333333332
19 0.4682226562499999 0.26727083333333335 0.10589843749999997 0.15929166666666666
19 0.64757421875 0.2690694444444444 0.02086718750000003 0.05819444444444441
19 0.33956250000000004 0.08847916666666666 0.09576562500000003 0.17373611111111112
19 0.4731953125 0.12539583333333332 0.07964062500000005 0.18501388888888887
18 0.11199218749999999 0.13903472222222224 0.10217187500000002 0.2780694444444445