19 0.19765625 0.9840277777777777 0.04140625 0.03194444444444444
19 0.34783203125 0.9061597222222222 0.10407031250000003 0.1876805555555557
19 0.46695703125000004 0.9164097222222223 0.16702343749999998 0.16718055555555542
2 0.28446875 0.7329513888888889 0.16687500000000002 0.296875
19 0.38576171875 0.7721527777777778 0.1164140625 0.16861111111111116
19 0.45495312499999996 0.8043263888888889 0.030906249999999958 0.0421249999999999
19 0.8442539062500002 0.838875 0.022664062500000172 0.04966666666666665
19 0.35568359374999997 0.6256527777777777 0.028851562499999962 0.056777777777777774
19 0.44219921875 0.6490277777777778 0.09488281250000004 0.19522222222222216
19 0.38844921875000005 0.6640625 0.032960937500000044 0.0512916666666666
19 0.6549335937499999 0.7015555555555556 0.04533593749999998 0.058611111111111176
19 0.68754296875 0.5011597222222223 0.1230390625 0.404125
3 0.5899960937500001 0.54325 0.1257578125 0.17938888888888885
19 0.19513281249999997 0.5472291666666667 0.022140625000000004 0.033736111111111064
19 0.49673828125 0.5264583333333334 0.07511718750000007 0.13736111111111107
19 0.5873632812499999 0.35050694444444447 0.14850781249999995 0.2870972222222223
17 0.40072656249999994 0.5534166666666667 0.07368749999999995 0.1551666666666667
12 0.34928515625 0.4566319444444445 0.06867968749999998 0.11573611111111116
19 0.37250781250000004 0.31211805555555555 0.18457812500000004 0.09004166666666664
19 0.3910390625 0.22084722222222222 0.093953125 0.09005555555555558
19 0.44746484375 0.15459722222222222 0.09477343749999996 0.3055833333333333
19 0.5328085937500001 0.16055555555555553 0.2012578125000001 0.32111111111111107
8 0.64865234375 0.18229166666666666 0.08422656249999996 0.1751388888888889
19 0.37240624999999994 0.10765972222222223 0.08962499999999998 0.12454166666666665
19 0.6726640625 0.020833333333333332 0.09693749999999994 0.041666666666666664
14 0.8637734374999999 0.10511111111111113 0.18039062500000008 0.21022222222222225