12 0.26123046875 0.9678472222222223 0.1344140625 0.06430555555555549
17 0.47874218749999997 0.8850555555555556 0.07796874999999996 0.12227777777777772
17 0.41703124999999996 0.929 0.05771875000000004 0.14200000000000002
19 0.48359375 0.9604166666666667 0.09296875 0.07916666666666666
17 0.56729296875 0.869263888888889 0.08747656250000002 0.12963888888888878
19 0.78425390625 0.9552986111111111 0.08042968749999994 0.08940277777777762
2 0.7081523437499999 0.8234930555555555 0.0708984375 0.23956944444444445
17 0.2774921875 0.8177430555555557 0.09226562500000002 0.14987500000000012
19 0.2075703125 0.839909722222222 0.07790625000000002 0.2130416666666665
19 0.430671875 0.7662361111111112 0.09100000000000001 0.1671944444444445
12 0.642875 0.753125 0.11078124999999997 0.17041666666666672
19 0.35923046875000003 0.7914305555555556 0.09546093750000004 0.21133333333333337
19 0.5328710937500001 0.7158680555555557 0.03861718750000005 0.07240277777777784
10 0.7109921875 0.6462638888888889 0.12145312500000002 0.12124999999999994
17 0.2828828125 0.6915138888888889 0.08932812500000002 0.1333055555555556
19 0.3550859375 0.6295277777777778 0.08426562500000001 0.18374999999999994
19 0.514859375 0.5202083333333333 0.09670312499999997 0.2549166666666666
19 0.25285156249999996 0.523986111111111 0.129125 0.32313888888888886
16 0.42736718749999997 0.5359305555555556 0.09356249999999999 0.16999999999999996
19 0.6131484375 0.5622569444444444 0.07165625000000002 0.11090277777777781
19 0.656078125 0.4946736111111111 0.06726562499999993 0.136013888888889
19 0.599046875 0.42583333333333334 0.08706250000000004 0.18733333333333332
19 0.7769921875 0.22819444444444445 0.4252343749999999 0.4563888888888889
19 0.41258203125000004 0.3647291666666667 0.13611718750000001 0.18501388888888895
19 0.31359765624999997 0.3441527777777778 0.0895546875 0.20572222222222228
19 0.5313046875 0.29056944444444444 0.11125000000000007 0.24475000000000005
19 0.24377343749999997 0.1878611111111111 0.12035937499999998 0.29288888888888887
8 0.4755859375 0.131875 0.266015625 0.26375