10 0.42234375 0.9709722222222222 0.06109375000000004 0.05805555555555549
3 0.690625 0.88125 0.15859375 0.2375
19 0.5035078125 0.9861111111111112 0.04439062499999995 0.027777777777777776
19 0.2741796875 0.9901388888888889 0.017890624999999983 0.019722222222222287
12 0.1663046875 0.9411111111111111 0.10234375 0.11777777777777772
19 0.3240703125 0.9617569444444444 0.08259375000000002 0.07648611111111102
17 0.46034375 0.9324166666666667 0.07079687499999991 0.12288888888888891
19 0.341671875 0.9119097222222221 0.09859375000000004 0.17618055555555542
12 0.27926953125000004 0.8855694444444444 0.07078906250000001 0.15436111111111125
8 0.222125 0.8465902777777777 0.06885937499999999 0.12568055555555557
19 0.3929296875 0.8853194444444445 0.09346874999999999 0.16972222222222227
19 0.35675 0.7650555555555556 0.072265625 0.19177777777777777
19 0.62701953125 0.7920555555555555 0.15580468750000004 0.31891666666666657
13 0.498546875 0.7864027777777778 0.20046875000000006 0.3367777777777778
0 0.28618359375 0.7172499999999999 0.07241406250000004 0.1617222222222223
19 0.7357031249999999 0.6681041666666666 0.10140624999999996 0.1606527777777778
19 0.62315234375 0.5680277777777778 0.10414843749999995 0.09863888888888886
2 0.46178906249999996 0.5133263888888889 0.201390625 0.2644861111111112
3 0.30968359375 0.5504791666666667 0.17964843750000004 0.2517361111111111
19 0.5780078124999999 0.7170972222222222 0.07842187500000009 0.16227777777777774
2 0.2903828125 0.3370625 0.10592187500000003 0.24023611111111115
17 0.6177109375000001 0.4732708333333333 0.10012500000000006 0.10787499999999994
19 0.70616015625 0.5451944444444444 0.10817968750000002 0.17616666666666672
7 0.7402148437499999 0.4833263888888889 0.15592968750000002 0.16495833333333332
18 0.566671875 0.4143611111111112 0.15775000000000006 0.2678888888888889
3 0.34293359375 0.5753263888888889 0.06036718749999999 0.16498611111111106
12 0.26468749999999996 0.2621388888888889 0.1353125 0.21872222222222223
19 0.3907421875 0.32464583333333336 0.080078125 0.11231944444444444
19 0.45885546875000005 0.32716666666666666 0.08258593750000003 0.14383333333333337
12 0.52569921875 0.21308333333333332 0.1590703125000001 0.2750555555555556
19 0.6104765624999999 0.27249305555555553 0.07498437500000002 0.14520833333333336
19 0.6488710937500001 0.19839583333333333 0.06866406250000008 0.15929166666666666
10 0.70393359375 0.18756944444444446 0.12385156249999998 0.30625
12 0.7855273437499999 0.29986111111111113 0.10955468749999993 0.1726388888888889
17 0.78471484375 0.1909236111111111 0.06838281250000007 0.10129166666666668
19 0.2662578125 0.13414583333333335 0.07684375000000002 0.0844861111111111
19 0.21823046875 0.027979166666666666 0.07380468750000002 0.05595833333333333
19 0.4251171875 0.14573611111111112 0.06320312500000003 0.13230555555555554
19 0.4162734375 0.18953472222222223 0.044937499999999984 0.06990277777777776
19 0.7062812500000001 0.03461111111111111 0.06656250000000004 0.06922222222222223
19 0.62286328125 0.03911111111111111 0.08510156250000005 0.07822222222222222
19 0.60796484375 0.11002777777777778 0.06319531250000007 0.11858333333333333
17 0.5458203125 0.0457361111111111 0.05687499999999997 0.0898888888888889
12 0.81191015625 0.010131944444444445 0.042898437499999977 0.02026388888888889
19 0.4513789062500001 0.0768125 0.07021093749999992 0.101125
19 0.38324218749999994 0.09427083333333333 0.06601562499999995 0.18854166666666666