19 0.28926562499999997 0.8852083333333334 0.13656249999999998 0.22958333333333328
19 0.42021484375 0.9550000000000001 0.08074218749999998 0.08999999999999994
1 0.47525390625 0.9892013888888889 0.039179687500000074 0.02159722222222216
11 0.70703125 0.9756944444444444 0.06171875 0.04861111111111111
11 0.65508203125 0.9319722222222222 0.0486328125 0.1360555555555556
10 0.5610703125 0.9346805555555556 0.139453125 0.1306388888888888
0 0.40412890625 0.8027638888888889 0.10317968749999995 0.15238888888888893
16 0.48076171875 0.8446874999999999 0.05910156250000007 0.09756944444444444
17 0.53859765625 0.8267222222222222 0.060507812500000036 0.05694444444444444
17 0.5984882812500001 0.8198541666666667 0.05810156249999991 0.08418055555555541
17 0.41498046874999994 0.5816180555555556 0.056085937499999974 0.12154166666666666
17 0.4308203125 0.6867708333333333 0.08023437500000004 0.11784722222222217
17 0.483296875 0.6918958333333333 0.06189062500000002 0.16462499999999997
11 0.53215234375 0.6613888888888889 0.031257812499999996 0.12158333333333336
14 0.50160546875 0.7668611111111111 0.03461718749999996 0.08325000000000007
19 0.5809101562500001 0.7559444444444444 0.1135859374999999 0.08855555555555554
17 0.44960156249999994 0.4835694444444444 0.048140624999999916 0.1290833333333334
11 0.6378203124999999 0.49268055555555557 0.11273437499999997 0.13941666666666666
2 0.5192343749999999 0.4289236111111111 0.08524999999999991 0.13581944444444438
19 0.22063671875000002 0.4723125 0.06502343750000002 0.06904166666666672
17 0.28588671875 0.45319444444444446 0.06989843750000002 0.13730555555555557
19 0.33737109375 0.45321527777777776 0.08260156250000002 0.14726388888888886
18 0.562203125 0.5714791666666666 0.022281249999999985 0.029180555555555543
18 0.269921875 0.25997916666666665 0.15390625 0.30968055555555557
19 0.37060546875 0.2929236111111111 0.054570312500000016 0.13362499999999997
19 0.4242265625 0.24538194444444447 0.07270312499999995 0.13351388888888888
2 0.5373554687500001 0.22234722222222222 0.1577265624999999 0.1949722222222222
19 0.57609375 0.3094861111111111 0.03693749999999998 0.10341666666666668
19 0.6627734375 0.18 0.09382812499999993 0.19194444444444442
14 0.7248046875 0.1729305555555556 0.06804687499999992 0.16275000000000003
16 0.39780859375 0.3935138888888889 0.08527343749999998 0.1260833333333333
17 0.23063671875000002 0.17361805555555554 0.07852343749999999 0.10056944444444442
14 0.3484140625 0.043777777777777784 0.069234375 0.08405555555555555
7 0.45564453125000004 0.0699236111111111 0.15028906250000004 0.1398472222222222
19 0.57512890625 0.08358333333333333 0.09369531250000004 0.1005
19 0.5822890624999999 0.03327083333333333 0.06923437499999992 0.06604166666666667