14 0.50538671875 0.8328958333333333 0.10935156250000003 0.20801388888888886
19 0.35254296875 0.9633958333333333 0.09585156250000004 0.07320833333333339
19 0.29543359375 0.9651458333333333 0.06335156250000003 0.06970833333333341
18 0.5695859375 0.9340347222222222 0.12584374999999995 0.13193055555555558
18 0.6852031249999999 0.9522222222222223 0.11118749999999995 0.09555555555555549
3 0.4044765625 0.8923680555555555 0.09946874999999995 0.1456805555555557
2 0.5815078124999999 0.81475 0.12703124999999993 0.11844444444444441
3 0.494140625 0.8648888888888888 0.04632812499999996 0.07477777777777767
14 0.487125 0.8230208333333334 0.07074999999999995 0.12676388888888887
17 0.39536328125 0.8134305555555557 0.0848515625 0.1265555555555554
18 0.25725 0.8658194444444445 0.18531250000000002 0.26836111111111116
19 0.7007890625 0.8707499999999999 0.03365624999999994 0.0573888888888888
19 0.66588671875 0.863111111111111 0.029257812500000036 0.04947222222222207
16 0.66183203125 0.7562430555555556 0.05960156249999997 0.11795833333333341
14 0.545390625 0.6547708333333333 0.07375000000000007 0.15543055555555552
3 0.46936718749999995 0.7122986111111111 0.08534375000000001 0.14087500000000008
3 0.71687109375 0.7462847222222223 0.07610156250000007 0.09520833333333327
14 0.40903124999999996 0.6973263888888889 0.11443750000000001 0.17340277777777782
19 0.72518359375 0.6004722222222223 0.1155390624999999 0.37425
19 0.26852734375000004 0.7410625 0.09294531250000002 0.11712499999999998
19 0.32543359375 0.6487222222222223 0.13094531250000002 0.12077777777777783
17 0.28530078124999997 0.6138611111111112 0.08374218750000004 0.09608333333333342
3 0.5676640625 0.4046458333333333 0.10354687499999997 0.3274027777777778
7 0.7731874999999999 0.4581319444444445 0.11584374999999998 0.2530416666666667
19 0.6618359375 0.38435416666666666 0.059562500000000004 0.10923611111111108
0 0.47285937499999997 0.4009652777777778 0.06659375000000001 0.12690277777777778
3 0.37192968749999994 0.4995833333333333 0.09918749999999998 0.14669444444444446
15 0.41385937500000003 0.4566944444444445 0.08275000000000002 0.1632777777777777
18 0.35431640625 0.46336805555555555 0.044570312499999966 0.10451388888888889
14 0.70646484375 0.2340138888888889 0.044804687499999926 0.07775000000000003
14 0.52592578125 0.21052777777777779 0.03294531250000006 0.04652777777777778
17 0.43417578125 0.3076875 0.08997656250000001 0.12093055555555554
3 0.4902265625 0.26256250000000003 0.10679687500000004 0.1456527777777778
14 0.34769531249999996 0.3109375 0.049453124999999966 0.0734027777777778
19 0.8031015625 0.1522916666666667 0.14381249999999995 0.29833333333333334
14 0.38824609375 0.1435 0.18710156250000004 0.2682777777777777
19 0.6902734375 0.09222222222222223 0.09898437500000004 0.18444444444444447
16 0.5328125 0.0875625 0.13589062500000004 0.175125
19 0.42115625 0.038875 0.09585937500000004 0.07775