19 0.23203125 0.9868055555555556 0.02421875 0.02638888888888889
19 0.38706640624999994 0.9216736111111111 0.09472656249999996 0.15479166666666672
19 0.501171875 0.9576388888888889 0.1796875 0.08472222222222223
19 0.6164921874999999 0.9340833333333333 0.051078125000000085 0.0926666666666667
19 0.44157421875 0.7641597222222223 0.032851562499999966 0.05762500000000001
19 0.5361328125 0.7668611111111111 0.109765625 0.1962222222222222
11 0.61772265625 0.7203680555555555 0.05658593750000005 0.19537500000000002
12 0.30966015625 0.7134861111111112 0.13960156250000005 0.18105555555555566
19 0.45796484375 0.7084375 0.07686718750000007 0.1329861111111112
12 0.3924609375 0.517 0.127734375 0.22458333333333338
19 0.6705859375000001 0.5414513888888889 0.08898437500000007 0.1409861111111111
19 0.18332421875000002 0.6826458333333333 0.0337109375 0.04379166666666663
19 0.27102343749999996 0.5178680555555556 0.03829687499999999 0.053513888888888854
19 0.27584765624999996 0.4327916666666667 0.08391406249999997 0.1315555555555556
19 0.53956640625 0.2997222222222222 0.30492968749999994 0.5275000000000001
19 0.6916757812500001 0.3887361111111111 0.07521093749999999 0.10694444444444444
19 0.6995234375 0.4346944444444445 0.07126562500000003 0.10105555555555554
19 0.32387109374999995 0.2176875 0.15664843749999996 0.38434722222222223
19 0.5019921875 0.8809374999999999 0.05867187499999993 0.09993055555555562
19 0.29286328125 0.027819444444444445 0.10132031250000004 0.05563888888888889
19 0.82645703125 0.010798611111111111 0.02149218750000017 0.021597222222222223
19 0.428390625 0.024215277777777777 0.05912500000000005 0.04843055555555555
19 0.4967968750000001 0.043666666666666666 0.04543750000000006 0.023444444444444438
18 0.5014335937500001 0.009451388888888888 0.022476562499999984 0.018902777777777775
18 0.11199218749999999 0.13903472222222224 0.10217187500000002 0.2780694444444445