17 0.338796875 0.9665277777777778 0.09209375 0.0669444444444445
17 0.35768359375000003 0.9100277777777778 0.08775781249999999 0.1388333333333334
10 0.42125 0.6270416666666667 0.13499999999999995 0.20213888888888892
18 0.6688359375 0.4343888888888889 0.11814062500000003 0.1529166666666667
19 0.583125 0.4722430555555555 0.037968749999999926 0.06337499999999999
10 0.8432421874999999 0.28018055555555554 0.062890625 0.2646388888888889
7 0.706953125 0.15881944444444443 0.24390625000000005 0.31763888888888886
19 0.19992578125 0.9777777777777777 0.03808593749999998 0.044444444444444446
12 0.424515625 0.08511111111111111 0.19631249999999997 0.17022222222222222
16 0.39473437499999997 0.3571597222222222 0.11937499999999997 0.2171527777777778
12 0.5611718750000001 0.35909722222222223 0.06481250000000002 0.09925
19 0.12076171875 0.2946736111111111 0.1258203125 0.5893472222222222