19 0.4388828125 0.9857013888888888 0.09532812499999999 0.028597222222222107
19 0.54765625 0.95 0.1171875 0.1
19 0.67333984375 0.8436805555555554 0.22366406249999998 0.31263888888888886
19 0.5202265625 0.8076458333333333 0.09995312500000005 0.17143055555555564
17 0.42384374999999996 0.9076111111111111 0.08492187500000004 0.11569444444444438
19 0.39096875 0.7414097222222223 0.13118749999999996 0.29448611111111106
19 0.47317187499999996 0.6937291666666667 0.11696875000000002 0.21951388888888881
19 0.21042187499999998 0.6212638888888888 0.06087499999999999 0.10108333333333329
8 0.6032890625 0.6731597222222222 0.10853125000000005 0.16434722222222228
17 0.28859375 0.6743263888888889 0.06351562499999996 0.14395833333333338
12 0.2018203125 0.5048680555555556 0.08271875 0.15293055555555557
19 0.58674609375 0.4889861111111111 0.09596093749999994 0.2058888888888889
12 0.5301640625 0.5156527777777777 0.07720312499999996 0.1745
12 0.44187890625000004 0.5293749999999999 0.05746093749999996 0.11961111111111111
8 0.30415625 0.44317361111111114 0.10614062500000002 0.32248611111111114
8 0.76862890625 0.3177291666666667 0.12660156250000004 0.37268055555555546
11 0.52048046875 0.3245972222222222 0.15882031249999998 0.1529444444444444
17 0.4516796875 0.21114583333333334 0.07679687499999996 0.13993055555555556
17 0.33848828124999997 0.22343055555555555 0.09396093749999998 0.18591666666666667
19 0.21473828125 0.16289583333333332 0.15619531250000002 0.22226388888888893
12 0.5297421875 0.1640347222222222 0.09000000000000004 0.17276388888888888
8 0.725 0.11229166666666666 0.19984375000000004 0.22458333333333333
2 0.57209765625 0.07465277777777778 0.11117968749999996 0.14930555555555555
19 0.3828359375 0.07518749999999999 0.021171875000000017 0.04470833333333332
19 0.46224609375 0.024479166666666666 0.03441406249999997 0.04729166666666666
10 0.566078125 0.8146875 0.13884375000000002 0.15687500000000007