19 0.33477343750000005 0.8658680555555555 0.09771875000000003 0.17579166666666657
19 0.47825000000000006 0.8185555555555554 0.06828125000000007 0.18941666666666682
17 0.5151679687499999 0.7764583333333335 0.05747656249999995 0.13855555555555554
0 0.24456640625 0.6829027777777777 0.08825781250000002 0.17077777777777775
17 0.345703125 0.5374652777777779 0.08499999999999996 0.16415277777777784
19 0.42544531249999995 0.7084236111111112 0.09537499999999999 0.12456944444444452
17 0.38993359375000003 0.42544444444444446 0.07505468749999995 0.15213888888888888
18 0.43289062500000003 0.3699722222222222 0.03371875000000006 0.06088888888888893
19 0.330671875 0.1419375 0.05021874999999998 0.12309722222222222
19 0.31823828125 0.08819444444444445 0.0731484375 0.09188888888888888
19 0.5503984375 0.004402777777777778 0.03510937500000004 0.008805555555555556
19 0.60459765625 0.9067083333333332 0.1884609375 0.1865833333333332
19 0.4123203125 0.8248541666666667 0.07971874999999998 0.18943055555555538
19 0.6149296875 0.7792986111111111 0.08279687500000002 0.12501388888888887
19 0.2218203125 0.8186805555555554 0.05417187500000002 0.0820833333333332
8 0.76944140625 0.6093819444444445 0.07867968750000003 0.20759722222222227
18 0.54993359375 0.38822916666666674 0.07107031250000002 0.13309722222222223
0 0.76279296875 0.4551875 0.07475781250000005 0.12234722222222226
19 0.40754296874999996 0.7190555555555556 0.03863281250000004 0.04083333333333338
19 0.5969921874999999 0.1446527777777778 0.11570312499999993 0.2893055555555556
8 0.5064726562499999 0.06519444444444444 0.09710156249999997 0.1303888888888889
19 0.45584765625 0.022305555555555554 0.05325781250000006 0.04461111111111111
18 0.11199218749999999 0.13903472222222224 0.10217187500000002 0.2780694444444445