19 0.5979257812500001 0.9850902777777778 0.04961718749999999 0.02981944444444448
19 0.52571875 0.9600833333333333 0.06996874999999995 0.07983333333333335
19 0.44262890624999995 0.8926666666666667 0.10630468749999995 0.20386111111111108
17 0.39097265625000005 0.9390138888888888 0.06313281249999995 0.12197222222222213
15 0.32699609375 0.9440277777777777 0.07946093750000002 0.11194444444444432
18 0.2620625 0.9492499999999999 0.06589062500000002 0.1014999999999999
14 0.50916796875 0.8888819444444445 0.07563281249999995 0.08443055555555551
17 0.45785546874999994 0.7793749999999999 0.0929765625 0.15424999999999991
2 0.631765625 0.8208263888888887 0.08992187499999993 0.20190277777777763
16 0.361328125 0.6731527777777779 0.09474999999999997 0.1663333333333334
19 0.47071484375 0.7129097222222222 0.07599218749999999 0.14087500000000008
17 0.7762343749999999 0.5807916666666667 0.06749999999999998 0.18052777777777781
19 0.21453124999999998 0.6388402777777777 0.07440625000000001 0.10451388888888889
18 0.24071484375000002 0.628548611111111 0.15580468750000004 0.2576527777777777
13 0.4814843750000001 0.5374513888888889 0.16329687499999998 0.36473611111111104
11 0.38328515625000004 0.4615486111111111 0.06788281250000003 0.2001527777777778
10 0.6249296875 0.4254722222222222 0.06687499999999993 0.29197222222222224
3 0.30179687499999996 0.5214722222222222 0.10131250000000006 0.17011111111111113
3 0.39062109375 0.6155347222222223 0.056289062499999966 0.1350972222222222
14 0.25320703125 0.45904861111111117 0.08861718750000006 0.14126388888888894
7 0.50573046875 0.27518055555555554 0.1806484375 0.16491666666666668
19 0.61926953125 0.17941666666666667 0.04474218749999999 0.08505555555555556
19 0.65996484375 0.31500694444444444 0.03630468750000002 0.07504166666666663
19 0.51267578125 0.0998402777777778 0.13130468749999996 0.19712500000000002
11 0.22890234375000001 0.10438888888888888 0.13860156249999997 0.20877777777777776