19 0.40467578125000003 0.9395833333333333 0.08138281250000001 0.12083333333333333
12 0.490625 0.9354166666666667 0.1046875 0.12916666666666668
19 0.36375 0.8787569444444445 0.08868750000000003 0.16306944444444454
19 0.30601953125000003 0.8614999999999999 0.07633593750000003 0.11538888888888879
19 0.35778906250000003 0.7639166666666667 0.08046875 0.11108333333333335
14 0.2055078125 0.7167708333333334 0.06593749999999998 0.23568055555555564
19 0.7284296875 0.8018958333333334 0.09806249999999998 0.1635138888888889
7 0.5856679687499999 0.7165138888888889 0.08953906249999992 0.15550000000000005
19 0.54398046875 0.9231180555555555 0.011304687500000021 0.034347222222222244
19 0.43159765625 0.728763888888889 0.0937578125 0.16416666666666674
19 0.3570703125 0.6427430555555556 0.07335937499999998 0.14659722222222216
19 0.42344140625 0.6124444444444445 0.08028906249999998 0.11072222222222226
19 0.5266796874999999 0.6308541666666667 0.13051562499999997 0.11315277777777781
19 0.50615234375 0.6618125 0.10299218749999994 0.09245833333333324
8 0.31040625000000005 0.5974305555555556 0.06695312500000003 0.13666666666666663
12 0.7272968750000001 0.6630069444444444 0.12671875000000005 0.16904166666666673
19 0.808953125 0.7638541666666667 0.014312500000000127 0.02437499999999994
19 0.41528515624999995 0.4723125 0.11385156250000002 0.20037499999999997
19 0.28291015625 0.36576388888888894 0.09786718749999998 0.2654166666666667
19 0.57852734375 0.5036527777777777 0.07383593749999999 0.14174999999999993
19 0.5460429687499999 0.5450208333333334 0.05236718749999998 0.04731944444444451
19 0.4980546875 0.4654027777777777 0.06170312500000001 0.1098888888888889
19 0.81376171875 0.4501388888888889 0.055804687499999964 0.08241666666666671
17 0.49682421875000005 0.5612986111111111 0.05150781250000005 0.09920833333333343
19 0.60423046875 0.4123472222222222 0.17528906249999993 0.2786388888888889
19 0.26345703125000003 0.7360694444444444 0.03708593750000002 0.06813888888888882
19 0.20998046874999998 0.22149305555555554 0.06294531249999998 0.11229166666666664
19 0.609671875 0.26984027777777775 0.139078125 0.1860694444444444
19 0.51609375 0.20100694444444447 0.031937500000000084 0.11965277777777776
19 0.49847265625000003 0.31130555555555556 0.05367968750000003 0.18150000000000002
19 0.42541406249999997 0.30668055555555557 0.11299999999999995 0.2266666666666666
18 0.32496093750000005 0.28865277777777776 0.19664062500000004 0.2924166666666666
19 0.639296875 0.137375 0.11328125 0.19586111111111115
19 0.7676015625 0.11717361111111112 0.130859375 0.22159722222222225
19 0.77163671875 0.10388888888888889 0.10632031250000003 0.1846111111111111
19 0.45330078125 0.12916666666666668 0.12980468750000002 0.14286111111111113
19 0.5367460937499999 0.1269722222222222 0.06428906249999997 0.0901111111111111
19 0.34265625 0.10139583333333332 0.12362500000000001 0.20279166666666665
14 0.24498828125 0.08711111111111111 0.10632031250000003 0.17422222222222222
19 0.3655234375 0.016777777777777777 0.040796875000000024 0.033555555555555554
19 0.48853515625000005 0.033263888888888885 0.1087890625 0.06652777777777777
19 0.571984375 0.057437499999999996 0.07293749999999992 0.11487499999999999
19 0.6585664062500001 0.04677777777777778 0.12963281250000006 0.08713888888888888