19 0.41152734375 0.917875 0.11225781250000004 0.16424999999999998
19 0.43499999999999994 0.9645694444444445 0.07859374999999998 0.07086111111111108
7 0.6706875 0.9112222222222222 0.09484375000000007 0.17755555555555544
19 0.841796875 0.9881944444444445 0.028125 0.02361111111111111
2 0.5129921875 0.8788125 0.14015625000000007 0.24237499999999998
17 0.58203125 0.9763888888888889 0.01640625 0.04722222222222222
19 0.38844921875000005 0.8168472222222224 0.06838281250000003 0.11613888888888874
19 0.28127734374999996 0.7943888888888889 0.15325781249999998 0.15144444444444438
19 0.32662890624999996 0.7400347222222223 0.09803906250000001 0.11301388888888882
19 0.36411328125 0.6446944444444445 0.13102343749999998 0.1876944444444444
19 0.5021249999999999 0.5668333333333333 0.06453124999999993 0.1051111111111112
19 0.26928125 0.5242986111111111 0.059562500000000004 0.1082361111111112
19 0.3375234375 0.4531875 0.05779687500000001 0.06823611111111111
19 0.77763671875 0.549125 0.04910156249999993 0.11999999999999997
5 0.5580429687499999 0.46561111111111114 0.06842968749999993 0.11122222222222228
17 0.37479687500000003 0.5257291666666666 0.07014062499999998 0.09412499999999997
19 0.392078125 0.41597222222222224 0.09264062499999999 0.15133333333333335
19 0.46711328124999996 0.40311111111111103 0.030445312500000023 0.03999999999999994
19 0.44929687500000004 0.32358333333333333 0.082421875 0.14902777777777776
19 0.33799609375 0.3164513888888889 0.062210937499999994 0.1152916666666667
19 0.5391718750000001 0.28684027777777776 0.04367187500000007 0.09412499999999997
17 0.45730468750000003 0.23275694444444445 0.15101562499999996 0.15523611111111107
12 0.815390625 0.1492638888888889 0.12453125000000007 0.20536111111111113
5 0.48704296874999997 0.07786111111111112 0.12775781249999998 0.15572222222222223
19 0.42592187499999995 0.12115972222222222 0.056984375000000045 0.24231944444444445
2 0.597796875 0.09910416666666667 0.125 0.19820833333333335
17 0.6878671875 0.08790277777777779 0.053312500000000006 0.0931388888888889