8 0.403921875 0.9624583333333334 0.17159374999999993 0.07508333333333325
8 0.2870703125 0.7994791666666666 0.19679687499999998 0.1727083333333332
19 0.3265625 0.8388611111111112 0.013593749999999983 0.03327777777777783
19 0.35308203125000004 0.6225555555555555 0.10883593749999995 0.17183333333333337
8 0.43962890625 0.5655833333333333 0.08667968750000003 0.1768888888888889
19 0.5111484374999999 0.7134861111111112 0.04682812500000004 0.09469444444444454
17 0.30250390625 0.5456944444444444 0.0926640625 0.1
19 0.672953125 0.535701388888889 0.04471875000000001 0.08637500000000008
19 0.6892343750000001 0.41609027777777774 0.16340625000000006 0.37226388888888884
10 0.5623359375 0.36722222222222217 0.12685937500000008 0.20833333333333334
10 0.4021875 0.29691666666666666 0.10171875000000004 0.2706111111111111
19 0.44422265625 0.15072222222222223 0.044679687500000044 0.163
19 0.5135624999999999 0.16722222222222222 0.09209375000000009 0.19666666666666663
19 0.244 0.051944444444444446 0.057687500000000023 0.10388888888888889
18 0.39801562500000004 0.07786805555555555 0.05689062499999995 0.1557361111111111
19 0.5248632812499999 0.04295138888888889 0.10666406249999998 0.08590277777777779
19 0.64995703125 0.12591666666666665 0.03960156250000004 0.036277777777777784
19 0.83956640625 0.1052013888888889 0.07314843750000008 0.1560416666666667
18 0.43357812500000004 0.614638888888889 0.06050000000000004 0.0694166666666667
19 0.20953515625 0.09679166666666666 0.0189453125 0.035416666666666666
18 0.11199218749999999 0.13903472222222224 0.10217187500000002 0.2780694444444445