19 0.6776328125 0.8980277777777779 0.10617187500000007 0.18127777777777776
19 0.30451171875 0.9258263888888889 0.11988281250000003 0.14834722222222216
7 0.806640625 0.93125 0.084375 0.1375
18 0.19230078125 0.9546875 0.0838359375 0.090625
17 0.42926171875 0.948763888888889 0.08146093749999998 0.10247222222222219
19 0.44342187499999997 0.8502708333333332 0.09873437500000004 0.15109722222222216
14 0.5365703125000001 0.8899583333333333 0.10817187500000003 0.1541388888888889
12 0.489359375 0.7345902777777777 0.11504687499999999 0.17798611111111115
19 0.385578125 0.5635902777777779 0.11568750000000003 0.38229166666666675
19 0.4306875 0.6032916666666667 0.06456250000000004 0.11374999999999996
19 0.39985546875 0.49556944444444445 0.1280078125 0.14347222222222217
19 0.4540703125 0.3365416666666667 0.021468750000000016 0.053416666666666675
19 0.37719140624999997 0.23961111111111108 0.07563281249999995 0.23505555555555552
19 0.5133203125 0.10305555555555555 0.12445312499999997 0.2061111111111111
19 0.6184921875 0.23809722222222224 0.14770312499999996 0.17702777777777776
0 0.37375390625 0.29914583333333333 0.14260156249999997 0.18620833333333328
19 0.6013437500000001 0.12097916666666665 0.018484375000000063 0.04662499999999999
19 0.743328125 0.021944444444444447 0.032140625000000075 0.043888888888888894