19 0.6796875 0.9645833333333333 0.05625 0.07083333333333333
10 0.7223320312499999 0.8984027777777778 0.05982031249999995 0.20319444444444437
19 0.5607578125 0.9855486111111111 0.03535937499999999 0.0289027777777777
19 0.43336328124999995 0.9345833333333333 0.10421093749999995 0.13083333333333338
17 0.31394140625 0.7026736111111112 0.09350781250000004 0.1942638888888889
17 0.45315625 0.7976319444444445 0.14267187499999995 0.16137500000000007
2 0.57987890625 0.7268194444444446 0.1078984375000001 0.16338888888888894
17 0.6068125 0.8358888888888889 0.05867187499999993 0.15488888888888885
17 0.64912890625 0.8518125 0.08596093749999997 0.15084722222222208
17 0.49625781249999995 0.7132083333333333 0.04537499999999994 0.0830555555555555
19 0.4208593749999999 0.6458958333333333 0.09334375000000002 0.17793055555555556
18 0.493140625 0.5815416666666666 0.1444218750000001 0.19363888888888883
19 0.30153125 0.4895416666666667 0.06506249999999998 0.23208333333333336
19 0.694046875 0.6125 0.03762500000000006 0.05819444444444441
19 0.40913671874999996 0.5149166666666667 0.04342968749999998 0.10677777777777778
19 0.64562890625 0.4410902777777778 0.03421093749999997 0.043375000000000025
19 0.825578125 0.3796388888888889 0.050234375000000143 0.09194444444444447
19 0.79787109375 0.08443055555555555 0.11608593749999993 0.1688611111111111
19 0.43830468749999996 0.14694444444444446 0.03089062499999997 0.04416666666666668
19 0.51981640625 0.09445138888888888 0.03833593749999995 0.04584722222222221
2 0.44876171875 0.052972222222222226 0.17589843750000003 0.10594444444444445
19 0.21727734375000002 0.1875486111111111 0.03169531250000004 0.03620833333333332
19 0.20543750000000002 0.058395833333333334 0.12996875000000002 0.11679166666666667
19 0.6214453124999999 0.09752777777777778 0.02351562499999993 0.06605555555555556
18 0.11199218749999999 0.13903472222222224 0.10217187500000002 0.2780694444444445