7 0.1968828125 0.9706736111111111 0.09578125000000001 0.058652777777777804
2 0.47331640625000004 0.8192847222222223 0.15133593750000002 0.3592083333333334
19 0.6146015625 0.9050555555555555 0.090828125 0.18549999999999991
19 0.5458203125000001 0.9750277777777777 0.03292187500000008 0.04994444444444449
16 0.7094414062500001 0.9059027777777777 0.10736718750000004 0.18819444444444444
18 0.38673437499999996 0.8503819444444444 0.24612499999999998 0.29923611111111115
19 0.59488671875 0.9880555555555556 0.04960156250000001 0.023888888888888953
19 0.25003515625 0.9646597222222222 0.02664843750000001 0.06679166666666655
19 0.34320703124999996 0.7831666666666667 0.18539843749999996 0.24911111111111106
18 0.31721093749999996 0.6776388888888889 0.24671874999999996 0.31791666666666674
10 0.74487890625 0.6976805555555554 0.13461718749999996 0.1163055555555555
17 0.66222265625 0.6533194444444445 0.05758593750000003 0.1508611111111112
12 0.49651953125 0.5995833333333334 0.05805468749999996 0.07305555555555558
12 0.5085546875 0.6928125 0.06842187499999994 0.11312500000000006
19 0.5986679687500001 0.6710624999999999 0.062257812500000044 0.1329583333333333
12 0.57857421875 0.5758333333333334 0.0951171875 0.1125
14 0.76619140625 0.5915138888888889 0.09964843749999996 0.10775000000000005
2 0.2369921875 0.6018888888888888 0.06382812500000004 0.11013888888888883
14 0.28304687500000003 0.5639097222222222 0.08093750000000002 0.09968055555555554
2 0.45387890624999994 0.6053541666666666 0.035835937499999915 0.10765277777777776
16 0.6860039062500001 0.5296458333333334 0.10972656250000004 0.16073611111111114
19 0.26450390625 0.32495833333333335 0.1558671875 0.2604166666666667
19 0.7821835937499999 0.4531944444444444 0.1020390625000001 0.2141666666666667
18 0.7239375 0.4182361111111111 0.05975000000000001 0.18480555555555553
2 0.548078125 0.29554166666666665 0.11837499999999998 0.17302777777777775
16 0.37037109375 0.1978472222222222 0.10847656250000001 0.19986111111111107
12 0.5447109375 0.1290763888888889 0.12395312500000007 0.219125
14 0.334390625 0.5314583333333333 0.0995 0.07402777777777772
14 0.30369921875 0.0912361111111111 0.058992187499999994 0.1824722222222222
18 0.6226796875 0.024583333333333332 0.05417187499999994 0.049166666666666664
3 0.39341015625 0.26208333333333333 0.07078906250000001 0.12583333333333335
18 0.35481250000000003 0.31990972222222225 0.03423437500000004 0.0577361111111111