17 0.53627734375 0.9901458333333333 0.04411718750000002 0.019708333333333408
19 0.75889453125 0.7600416666666667 0.24330468749999995 0.4799166666666666
19 0.576171875 0.9510416666666667 0.10609374999999996 0.09791666666666667
19 0.42887109374999993 0.9683402777777776 0.03382031249999997 0.06331944444444433
19 0.45989062500000005 0.905513888888889 0.07318750000000004 0.1695277777777777
19 0.1858359375 0.8757708333333334 0.11370312499999997 0.24845833333333317
17 0.31762109374999997 0.8265555555555556 0.04867968749999996 0.09422222222222211
19 0.383296875 0.9086805555555556 0.07842187499999995 0.18263888888888888
19 0.363328125 0.68625 0.1721875 0.3023611111111112
19 0.428734375 0.7616875 0.09637499999999996 0.15109722222222216
19 0.51375 0.8535486111111112 0.06174999999999997 0.12004166666666675
19 0.560984375 0.7747013888888888 0.10671874999999993 0.2944027777777778
19 0.46623828125000005 0.7067083333333334 0.06400781250000005 0.1511388888888888
18 0.217296875 0.557861111111111 0.07281250000000002 0.11586111111111105
19 0.6625546875 0.6171805555555555 0.14039062500000005 0.28541666666666665
18 0.27685546875 0.4494097222222223 0.07477343750000003 0.09751388888888894
19 0.4496875 0.3072638888888889 0.13220312500000003 0.25749999999999995
19 0.53900390625 0.28141666666666665 0.08513281250000002 0.27811111111111114
19 0.5755898437500001 0.43823611111111105 0.1344609375000001 0.22047222222222224
19 0.672234375 0.44043055555555555 0.06575000000000006 0.10919444444444446
18 0.694765625 0.2573680555555556 0.05364062500000007 0.13026388888888893
19 0.49221875 0.20647916666666666 0.06664062499999997 0.15098611111111107
19 0.4982539062500001 0.09379166666666666 0.07236718750000008 0.10402777777777779
17 0.27618359375 0.029194444444444443 0.0743203125 0.058388888888888886
19 0.33915234375000003 0.09525 0.06433593750000002 0.15049999999999997
19 0.27622265625 0.14365972222222223 0.014679687499999972 0.03159722222222222
18 0.11199218749999999 0.13903472222222224 0.10217187500000002 0.2780694444444445