17 0.364359375 0.939361111111111 0.06507812499999996 0.12127777777777769
19 0.53604296875 0.8918333333333334 0.25591406249999993 0.21633333333333332
19 0.60148828125 0.6672916666666667 0.08713281249999998 0.1372499999999999
19 0.692453125 0.9459166666666666 0.05618750000000006 0.10816666666666681
12 0.73308984375 0.9154791666666668 0.07644531249999993 0.11859722222222237
17 0.6869765625 0.8087986111111112 0.12245312500000001 0.18037499999999984
19 0.42152734375000006 0.8600902777777778 0.06507031249999998 0.08823611111111107
19 0.33568359375 0.8470416666666667 0.02867968750000003 0.08630555555555569
17 0.5417109375 0.7240208333333332 0.06948437500000004 0.11765277777777783
19 0.24534375000000003 0.6356875000000001 0.07087500000000002 0.13445833333333326
19 0.45954296875 0.728923611111111 0.060664062500000074 0.10587500000000002
19 0.5827031249999999 0.6985347222222221 0.029781249999999915 0.045097222222222184
19 0.50163671875 0.6165902777777778 0.050742187500000036 0.07565277777777782
19 0.5128359375 0.49822222222222223 0.062890625 0.1294444444444445
19 0.6622890625 0.6034999999999999 0.07501562499999999 0.13055555555555556
19 0.396859375 0.7536597222222222 0.04323437499999998 0.08809722222222223
17 0.5503203125 0.5843263888888889 0.049718750000000075 0.09545833333333335
19 0.2817109375 0.4826805555555556 0.15165625 0.13072222222222224
19 0.45468359375 0.5086597222222221 0.05974218750000002 0.13234722222222217
8 0.8249921875 0.296375 0.10235937499999999 0.26724999999999993
10 0.7880898437500001 0.39753472222222225 0.15063281250000005 0.2617361111111111
18 0.472375 0.4257361111111111 0.06726562499999993 0.1335555555555555
19 0.5950546875 0.3602361111111111 0.15685937499999997 0.33486111111111116
19 0.4395390625 0.32616666666666666 0.11935937499999998 0.20391666666666666
6 0.23440625 0.23504166666666665 0.056343750000000005 0.1293611111111111
12 0.42197265625 0.19993055555555553 0.08714843749999997 0.11347222222222221
2 0.635375 0.21456944444444445 0.26909375 0.3508055555555556
18 0.39108593750000004 0.2556527777777778 0.04742187500000004 0.1
18 0.43575390625 0.04596527777777778 0.059554687500000016 0.09193055555555556
19 0.41479687500000006 0.06851388888888889 0.12132812499999997 0.13702777777777778
19 0.48538671874999995 0.16938194444444443 0.10808593749999992 0.131375
19 0.5548710937499999 0.07145138888888888 0.1764765624999999 0.14290277777777777
19 0.6518750000000001 0.036159722222222225 0.03760937500000008 0.07231944444444445