2 0.6221875 0.9046944444444445 0.29437499999999994 0.19061111111111112
19 0.383375 0.9107777777777778 0.09918750000000003 0.17844444444444446
19 0.286328125 0.9659722222222222 0.10703125 0.06805555555555555
19 0.42845703124999995 0.8864861111111111 0.09519531249999998 0.18241666666666656
14 0.23616015624999998 0.8817152777777777 0.13611718750000001 0.2097916666666666
19 0.46741406249999995 0.8287500000000001 0.1064375 0.18777777777777785
19 0.61082421875 0.7929305555555555 0.11880468749999995 0.08133333333333326
19 0.219046875 0.7228472222222221 0.0841875 0.12358333333333336
19 0.20925781250000003 0.5915555555555556 0.074328125 0.11791666666666664
19 0.40435546875000006 0.5922361111111111 0.06067968750000001 0.24833333333333327
19 0.53973828125 0.7079583333333334 0.20905468749999995 0.17808333333333337
8 0.70360546875 0.7314166666666667 0.13228906249999994 0.19783333333333342
18 0.78988671875 0.6225069444444443 0.12872656250000009 0.25379166666666664
19 0.4752109375 0.6334791666666666 0.089640625 0.1153194444444444
15 0.5529843750000001 0.5402291666666666 0.16812500000000002 0.22418055555555552
18 0.6638359374999999 0.37615277777777784 0.20768749999999994 0.40300000000000014
19 0.68114453125 0.6152916666666667 0.11125781250000007 0.10336111111111106
8 0.5773203125 0.3170138888888889 0.19359374999999995 0.22597222222222224
19 0.26064453125 0.37318055555555557 0.08069531249999998 0.16774999999999995
19 0.3512265625 0.47390972222222216 0.07268749999999997 0.1002083333333333
19 0.46645703125000004 0.3703125 0.054007812500000085 0.10881944444444448
19 0.3240390625 0.16986805555555556 0.10931249999999997 0.24304166666666668
17 0.41917968750000006 0.2834861111111111 0.07726562500000003 0.13736111111111107
17 0.48687109375000004 0.2006388888888889 0.06594531250000006 0.10683333333333335
17 0.70797265625 0.05510416666666667 0.07541406249999998 0.10109722222222223
19 0.40570312500000005 0.03861805555555556 0.032140625000000034 0.06812499999999999
12 0.29066796874999995 0.08806944444444445 0.11880468749999995 0.16702777777777778
19 0.5472578125 0.17047916666666668 0.10260937499999993 0.13406944444444444
19 0.5162851562499999 0.06051388888888889 0.07800781249999993 0.12102777777777778
19 0.4625703125 0.051798611111111115 0.042031249999999964 0.046152777777777765
19 0.6344140625000001 0.11883333333333333 0.16071875000000002 0.18461111111111106
15 0.6244609375 0.03641666666666667 0.09160937499999999 0.07252777777777777