17 0.61177734375 0.9515277777777779 0.06846093750000008 0.09694444444444437
11 0.700390625 0.9097222222222222 0.11875 0.18055555555555555
19 0.473046875 0.9645833333333333 0.09296875 0.07083333333333333
19 0.38599609374999994 0.9477152777777778 0.03278906249999998 0.06773611111111108
12 0.6042109375 0.7807430555555556 0.07165625000000002 0.1285416666666666
16 0.5085859375 0.7467013888888889 0.13178125000000004 0.2339583333333334
19 0.41118359375 0.8611111111111112 0.08564843750000004 0.17311111111111124
19 0.4770468749999999 0.8797777777777777 0.09853124999999992 0.09699999999999989
19 0.393375 0.6764930555555555 0.107421875 0.20623611111111104
19 0.460078125 0.5717083333333334 0.07995312499999993 0.14325
2 0.5546796875 0.39230555555555563 0.06598437500000003 0.12716666666666662
18 0.555484375 0.5427291666666666 0.07949999999999999 0.18387499999999998
3 0.415109375 0.4272708333333333 0.12131249999999998 0.38926388888888885
19 0.50074609375 0.4420208333333333 0.06261718750000007 0.21768055555555557
16 0.23830078125000004 0.41765277777777776 0.07527343750000001 0.15386111111111106
19 0.7367968749999999 0.3013472222222222 0.04812499999999993 0.09455555555555553
19 0.567109375 0.21788194444444445 0.11734375000000004 0.24048611111111107
17 0.7140195312500001 0.15557638888888886 0.08024218750000003 0.11301388888888887
16 0.31506640625 0.2743333333333333 0.08442968749999995 0.1305833333333333
19 0.48603125 0.24634722222222222 0.10893750000000005 0.15352777777777782
18 0.28889062499999996 0.14956944444444445 0.12326562499999998 0.19397222222222218
16 0.18293359374999998 0.13474305555555555 0.0861171875 0.1485972222222222
12 0.48012890625000004 0.09345833333333332 0.08780468750000008 0.13808333333333336
19 0.3935859375 0.11127083333333333 0.08696874999999996 0.22254166666666667
18 0.34039843750000004 0.03772222222222222 0.07007812500000003 0.07544444444444444
19 0.6983828125 0.24205555555555555 0.039687499999999966 0.08705555555555557
19 0.49406250000000007 0.040729166666666664 0.11904687500000008 0.08145833333333333