19 0.30064062500000005 0.8855 0.18060937500000004 0.22900000000000015
2 0.7554257812499999 0.9304166666666667 0.06430468749999996 0.13916666666666672
17 0.42533984374999995 0.9837777777777776 0.06874218750000001 0.032444444444444304
2 0.5119648437500001 0.9692152777777777 0.11341406250000005 0.06156944444444434
19 0.80276171875 0.984673611111111 0.025882812500000085 0.03065277777777769
5 0.82961328125 0.9111527777777777 0.09385156250000008 0.16666666666666666
19 0.41905859375 0.9151736111111112 0.05985156249999997 0.09890277777777783
19 0.40857421875 0.8339166666666666 0.031335937499999966 0.054944444444444365
19 0.699375 0.8660763888888888 0.06489062499999995 0.2472916666666666
19 0.6361953125 0.8087361111111112 0.08457812499999999 0.1363611111111112
19 0.61313671875 0.9235347222222221 0.10591406249999995 0.1529305555555554
8 0.480171875 0.8051875000000001 0.16328125 0.3112916666666666
17 0.19998046875000003 0.7321388888888889 0.08035156250000001 0.1856944444444445
19 0.35678125 0.9451736111111111 0.07293750000000002 0.10965277777777784
19 0.33689843750000004 0.8276527777777777 0.105078125 0.10550000000000005
18 0.14838281250000002 0.7244097222222223 0.0285625 0.13187500000000008
18 0.5613906249999999 0.6731944444444445 0.08406249999999993 0.13847222222222227
19 0.5486171874999999 0.7482222222222222 0.08035937499999993 0.13186111111111118
19 0.25959374999999996 0.6795972222222223 0.04818749999999996 0.17680555555555558
19 0.33216796875 0.6750277777777778 0.11744531250000004 0.20658333333333334
19 0.48444140625000004 0.5577916666666667 0.11127343750000004 0.1945277777777777
19 0.39288671875 0.5625138888888889 0.10000781249999999 0.2
19 0.347515625 0.5610416666666667 0.029671875000000014 0.03955555555555558
19 0.2790078125 0.5410208333333334 0.053156249999999974 0.11648611111111112
19 0.690171875 0.5183125 0.029671875000000014 0.05715277777777775
18 0.18323828125000002 0.442 0.09408593749999998 0.17191666666666663
19 0.5016132812499999 0.43196527777777777 0.1418203125 0.17834722222222218
19 0.5740429687499999 0.4716111111111111 0.025960937500000014 0.035166666666666735
19 0.6154648437500001 0.3444513888888889 0.062414062500000075 0.17506944444444442
17 0.6596875 0.3806527777777778 0.06356249999999992 0.1651944444444444
7 0.40591796875 0.3581597222222222 0.10497656249999995 0.17381944444444442
19 0.43969531250000005 0.2817152777777778 0.058375000000000024 0.09309722222222218
19 0.69051953125 0.2159652777777778 0.10385156250000005 0.17501388888888889
19 0.7567539062499999 0.26500694444444445 0.020601562499999913 0.03815277777777781
8 0.340609375 0.2275902777777778 0.1073125 0.1826805555555555
19 0.4881171875 0.12575694444444444 0.01470312499999995 0.02595833333333333
12 0.42372265625 0.1280486111111111 0.07821093749999997 0.12820833333333334
19 0.1863828125 0.07692361111111111 0.027468749999999976 0.07784722222222222
19 0.5336523437499999 0.03807638888888889 0.05064843749999994 0.07615277777777778
19 0.4971640625 0.008319444444444445 0.017171875000000014 0.01663888888888889
19 0.61731640625 0.20522222222222222 0.05160156249999996 0.06849999999999999
10 0.5374921875 0.1548263888888889 0.10829687499999992 0.1692361111111111
19 0.5816874999999999 0.09607638888888889 0.07306249999999999 0.19215277777777778
19 0.34825781250000004 0.06227083333333334 0.05417187500000002 0.12454166666666668