8 0.31484375 0.9868055555555556 0.0296875 0.02638888888888889
13 0.48466796875 0.8708055555555556 0.17644531249999998 0.25838888888888883
18 0.582421875 0.9402777777777778 0.04296875 0.11944444444444445
7 0.63349609375 0.9669444444444444 0.06128906250000003 0.06611111111111098
7 0.32909765625 0.9048819444444445 0.0741171875 0.19023611111111116
10 0.2653203125 0.8711458333333334 0.07110937499999999 0.25770833333333326
18 0.38346484375 0.9619583333333334 0.03417968750000004 0.0760833333333333
19 0.5566484375 0.7570555555555556 0.12062500000000007 0.1612222222222222
18 0.39129296875 0.7403680555555555 0.09977343750000003 0.14265277777777782
2 0.4130859375 0.6249791666666666 0.0810625 0.11584722222222218
3 0.5390234375 0.5588055555555556 0.325546875 0.4361111111111111
17 0.29199609375 0.5924027777777778 0.07305468749999999 0.1581388888888889
12 0.245796875 0.3886805555555556 0.10168749999999997 0.19958333333333336
8 0.31656640625 0.31690972222222225 0.10588281249999998 0.22118055555555555
19 0.5117343750000001 0.25635416666666666 0.22121875000000008 0.27743055555555557
10 0.5066796874999999 0.2822152777777778 0.07523437499999996 0.19276388888888885
17 0.5662734375 0.09377083333333333 0.07676562499999999 0.12706944444444443
2 0.5060546875 0.1243611111111111 0.10985937499999991 0.1270555555555556
2 0.6879765625 0.17729861111111112 0.08748437500000002 0.10587500000000002
18 0.61246484375 0.04690972222222222 0.05717968750000004 0.09381944444444444
19 0.8260859374999999 0.0864375 0.08417187499999992 0.172875
18 0.44411328125000005 0.428375 0.13658593749999998 0.17794444444444446