18 0.270421875 0.97675 0.07228124999999999 0.04650000000000003
19 0.546546875 0.9755138888888889 0.1051874999999999 0.04897222222222221
16 0.415234375 0.8493055555555555 0.19140625 0.3013888888888889
18 0.32117578125 0.8379652777777779 0.09686718750000001 0.18698611111111127
19 0.24912109375 0.9091805555555555 0.14575781249999997 0.18163888888888885
15 0.62399609375 0.7642222222222222 0.1659140624999999 0.33644444444444443
17 0.2540703125 0.6503958333333333 0.11624999999999999 0.17231944444444436
19 0.52216015625 0.688326388888889 0.07724218749999992 0.1859305555555555
8 0.46997265625000006 0.5845416666666666 0.11305468750000003 0.2304444444444444
19 0.6817968750000001 0.4045347222222222 0.13046875 0.23712500000000003
18 0.33342578125 0.21703472222222225 0.06403906250000002 0.07037500000000002
17 0.37842578125 0.31195138888888885 0.07607031249999996 0.13315277777777773
17 0.440609375 0.24322222222222223 0.06740624999999997 0.17183333333333334
10 0.5090273437499999 0.08996527777777778 0.12975781249999993 0.17993055555555557
12 0.6227109375 0.07641666666666667 0.09479687499999993 0.15283333333333335
19 0.30770703125 0.050333333333333334 0.0772421875 0.10066666666666667
18 0.11199218749999999 0.13903472222222224 0.10217187500000002 0.2780694444444445