12 0.385921875 0.9671597222222222 0.11628124999999997 0.0656805555555555
2 0.60301953125 0.9513194444444444 0.2514765624999999 0.09736111111111098
19 0.18907812499999999 0.8515902777777777 0.12618749999999998 0.29681944444444447
18 0.22587109375 0.8354305555555556 0.2043984375 0.3291388888888889
17 0.49211718750000005 0.9506597222222223 0.061812499999999916 0.0986805555555555
19 0.810296875 0.8885347222222222 0.18132812499999992 0.22293055555555555
19 0.45966015625 0.8773958333333334 0.11950781250000002 0.14834722222222216
19 0.57675390625 0.8947430555555554 0.10405468750000005 0.09523611111111102
19 0.58075390625 0.7265555555555555 0.12708593750000005 0.23186111111111118
12 0.41528125000000005 0.7175416666666666 0.09054687500000003 0.22250000000000006
10 0.71440234375 0.7421666666666666 0.19010156249999993 0.3484722222222223
7 0.6750859374999999 0.6296111111111111 0.06082812499999992 0.10266666666666661
19 0.25380078125 0.6006666666666667 0.12810156250000002 0.22744444444444442
19 0.4928906250000001 0.5221111111111111 0.13156250000000008 0.1459444444444445
19 0.2055703125 0.5176041666666666 0.11395312500000002 0.12526388888888895
19 0.34894921875000007 0.5111458333333334 0.11757031250000005 0.18901388888888893
17 0.6607070312500001 0.44160416666666663 0.08272656250000007 0.136625
19 0.6760703125 0.5174791666666666 0.04115625000000005 0.0689027777777778
19 0.54597265625 0.3819375 0.12550781250000007 0.11712500000000002
19 0.7494453125 0.3807777777777777 0.10660937500000003 0.18377777777777773
19 0.825609375 0.36088888888888887 0.05618750000000006 0.3078611111111111
2 0.38576171875 0.24463888888888888 0.1912109375 0.3648333333333334
19 0.6459921875 0.3215486111111111 0.07046875000000004 0.2461527777777778
3 0.5444140625 0.20915277777777777 0.131046875 0.2496944444444445
19 0.62846875 0.13458333333333333 0.06912500000000002 0.10622222222222225
19 0.5764921875000001 0.07004166666666667 0.09271875000000004 0.14008333333333334
19 0.50746875 0.0453125 0.07829687500000002 0.090625
19 0.39980859375 0.0453125 0.0710859375 0.090625
19 0.4229375 0.03249305555555555 0.09076562500000004 0.0649861111111111
19 0.30503125 0.016013888888888887 0.04635937500000002 0.03202777777777777
17 0.2375 0.02791666666666667 0.05779687500000001 0.05583333333333334