7 0.7088125 0.8835833333333334 0.19635937500000003 0.23283333333333317
19 0.33729296875000003 0.9466458333333332 0.0666953125 0.10670833333333324
2 0.26823828125000004 0.8917361111111112 0.1927890625 0.21000000000000008
19 0.4174375 0.8342986111111111 0.049249999999999974 0.08770833333333346
17 0.41927343750000007 0.9287361111111112 0.07198437500000003 0.07802777777777786
3 0.5303984374999999 0.8697916666666666 0.08778124999999992 0.23452777777777795
11 0.5878554687499999 0.8483680555555556 0.054929687499999956 0.21440277777777764
17 0.4669765625 0.7573263888888888 0.06692187500000006 0.13354166666666673
19 0.49106250000000007 0.9107777777777778 0.06462500000000002 0.15461111111111103
18 0.180328125 0.7739722222222222 0.07923437500000001 0.12736111111111117
8 0.41304296875 0.7203402777777778 0.08936718750000003 0.1318194444444445
18 0.27598828124999997 0.6453472222222222 0.06967968750000005 0.10616666666666674
17 0.52071875 0.6722569444444444 0.08265624999999996 0.12484722222222228
17 0.60874609375 0.6902569444444444 0.07022656250000008 0.15084722222222216
17 0.71919921875 0.632263888888889 0.08058593750000007 0.14583333333333334
18 0.41506640624999996 0.6033194444444445 0.10944531249999997 0.14541666666666672
17 0.50755078125 0.5302777777777778 0.08427343749999991 0.1591666666666667
17 0.57206640625 0.5522777777777778 0.07461718749999999 0.09674999999999996
19 0.65176953125 0.45016666666666666 0.14802343750000002 0.28811111111111115
14 0.27235156250000003 0.1314722222222222 0.07362500000000001 0.11313888888888886
17 0.32024609375 0.21230555555555553 0.06236718750000003 0.14377777777777775
16 0.51122265625 0.4090694444444445 0.08603906250000008 0.16175
0 0.5609375 0.38869444444444445 0.08067187499999999 0.1654166666666667
16 0.41930859375 0.3844930555555555 0.10007031249999998 0.16543055555555558
11 0.41148046875000005 0.29268055555555555 0.13869531249999997 0.11080555555555552
18 0.46418359374999996 0.26263888888888887 0.03335156250000004 0.04680555555555554
11 0.22151953124999996 0.2861111111111111 0.1605546875 0.2388888888888889
19 0.29953515625000005 0.4490902777777777 0.17702343750000002 0.15765277777777775
19 0.314171875 0.3353541666666666 0.07306249999999999 0.09404166666666668
17 0.7183203125 0.21315277777777777 0.07992187499999996 0.14425000000000002
17 0.40551171875 0.5156041666666666 0.06278906249999996 0.12895833333333337
17 0.37020703125 0.1118125 0.06902343749999998 0.12820833333333334
10 0.52330859375 0.07853472222222223 0.1651484374999999 0.08645833333333333
14 0.7700078124999999 0.1532777777777778 0.06279687500000009 0.10988888888888891
19 0.5998046875 0.11906944444444444 0.08307812499999993 0.15669444444444444
19 0.538 0.05188194444444444 0.11753125000000005 0.10376388888888888
19 0.7877460937499999 0.023958333333333335 0.06180468749999992 0.04791666666666667