17 0.5323125 0.9786111111111111 0.04943749999999998 0.04277777777777771
19 0.492 0.9732638888888889 0.060875000000000054 0.05347222222222222
7 0.3246953125 0.8603194444444445 0.2 0.27936111111111095
19 0.4638671875 0.8395972222222222 0.09195312500000004 0.10361111111111099
19 0.59775390625 0.8503263888888889 0.05402343750000007 0.08926388888888886
0 0.5806289062500001 0.764888888888889 0.0455078125 0.07075000000000008
12 0.64559375 0.6535555555555554 0.12914062499999995 0.23541666666666658
19 0.7631015624999999 0.6255 0.08198437500000004 0.16324999999999995
19 0.45876953125000003 0.7145555555555556 0.08021093750000005 0.17413888888888895
19 0.52187890625 0.6695416666666667 0.07944531250000005 0.12608333333333338
19 0.5363515624999999 0.5398055555555555 0.07934374999999996 0.1573888888888888
0 0.319921875 0.5184861111111111 0.08940625000000005 0.16638888888888884
19 0.4074375 0.44199305555555557 0.04728124999999998 0.09456944444444448
10 0.55695703125 0.22614583333333332 0.13530468750000005 0.20923611111111107
17 0.6726328125 0.4298680555555556 0.08560937499999995 0.1104027777777778
16 0.666984375 0.26384027777777774 0.12462499999999999 0.2275972222222222
19 0.616546875 0.5182569444444444 0.10346875000000004 0.11734722222222224
19 0.41462890625000004 0.3400625 0.09324218749999998 0.08465277777777776
19 0.548140625 0.4001111111111111 0.10737500000000004 0.14577777777777778
14 0.46708984375 0.24424999999999997 0.07697656249999998 0.09366666666666666
2 0.27052343749999996 0.12392361111111111 0.14792187500000004 0.24784722222222222
19 0.43566796874999997 0.12806944444444446 0.17628906250000004 0.12788888888888886
19 0.5187460937499999 0.09600694444444445 0.1702109374999999 0.1920138888888889
19 0.64337109375 0.06538888888888889 0.09321093749999995 0.13077777777777777
19 0.16423046875 0.013888888888888888 0.0395546875 0.027777777777777776