19 0.7184804687499999 0.9250069444444444 0.11872656250000002 0.14998611111111113
19 0.40843359375 0.9606180555555556 0.08344531249999995 0.07876388888888894
19 0.291984375 0.925298611111111 0.09217187500000001 0.1494027777777777
19 0.33977734375 0.9634097222222222 0.050742187500000036 0.07126388888888881
19 0.5006875 0.9783472222222221 0.02009375000000002 0.032944444444444484
12 0.53672265625 0.847201388888889 0.11761718749999997 0.23690277777777768
19 0.37141796875 0.7546666666666667 0.12711718749999998 0.2503888888888888
17 0.66422265625 0.82725 0.08805468750000003 0.125111111111111
7 0.26636718750000005 0.7431458333333333 0.09703125000000004 0.1844861111111111
19 0.2223203125 0.8607152777777778 0.06534374999999999 0.09962500000000002
15 0.4579765625 0.6086527777777778 0.19064062499999998 0.37066666666666676
8 0.594328125 0.5901180555555555 0.1432500000000001 0.2880694444444445
19 0.65458984375 0.6003472222222223 0.040664062499999966 0.05480555555555561
19 0.37000390624999996 0.5199930555555556 0.11183593749999998 0.21298611111111115
19 0.17894921875 0.7601875 0.034710937500000004 0.08679166666666668
18 0.2682734375 0.39895138888888887 0.055781249999999984 0.15576388888888887
19 0.6834765625 0.3849930555555555 0.13239062500000004 0.11687499999999997
19 0.37353515625 0.3721736111111111 0.07392968750000004 0.0872916666666667
18 0.38686328125 0.28625 0.09791406250000004 0.13294444444444448
19 0.48615234375000005 0.3747361111111111 0.05949218750000007 0.08755555555555554
12 0.46965234375 0.21913888888888888 0.08772656249999997 0.16358333333333336
19 0.60837890625 0.12180555555555556 0.0689453125 0.2436111111111111
19 0.3736328125 0.17981944444444445 0.06290624999999998 0.08408333333333334
17 0.4099609375 0.10006944444444445 0.08971874999999999 0.1499722222222222
19 0.4665156250000001 0.06238888888888889 0.06728124999999992 0.12477777777777778
17 0.54624609375 0.15338888888888888 0.04144531249999996 0.07975000000000002
18 0.20302343750000001 0.14008333333333337 0.09889062500000001 0.12483333333333335
3 0.37526562500000005 0.4619166666666667 0.08496875000000004 0.08238888888888896
2 0.530890625 0.04790972222222222 0.06582812499999999 0.09581944444444444
19 0.251125 0.5354375 0.028640624999999975 0.07073611111111104
18 0.11199218749999999 0.13903472222222224 0.10217187500000002 0.2780694444444445