16 0.3844609375 0.9515486111111111 0.125 0.09690277777777775
4 0.505765625 0.7602013888888889 0.19903125 0.4795972222222221
8 0.42958984375 0.9132152777777779 0.10041406249999998 0.14845833333333347
17 0.5315703125 0.4454652777777778 0.058984375 0.09454166666666658
3 0.35902343750000004 0.5694791666666668 0.13107812500000002 0.23243055555555558
8 0.21212109375 0.5915208333333334 0.08250781250000001 0.21140277777777783
19 0.3388984375 0.12347222222222223 0.181859375 0.24694444444444447
17 0.3258203125 0.3573194444444444 0.07245312500000001 0.15686111111111115
3 0.23321874999999997 0.28755555555555556 0.10279687500000004 0.1721111111111111
3 0.5537343750000001 0.2905833333333333 0.10110937500000006 0.18772222222222218
3 0.42605468750000003 0.2750555555555556 0.101953125 0.1662777777777778
12 0.43586328124999996 0.4849652777777777 0.13832031249999996 0.2804027777777778
19 0.63560546875 0.8829930555555557 0.11483593750000001 0.18418055555555574
19 0.53590625 0.41827777777777775 0.13903125000000002 0.10458333333333326
19 0.4422499999999999 0.1273125 0.08465624999999996 0.12045833333333336
19 0.1995546875 0.13325 0.17471874999999998 0.2665
19 0.554296875 0.10277777777777777 0.14812499999999992 0.20555555555555555
19 0.38033203125000004 0.8057777777777779 0.05055468750000003 0.07488888888888899
19 0.2209375 0.9515277777777779 0.07000000000000002 0.09694444444444437
19 0.7341796875 0.14500000000000002 0.25476562499999994 0.29000000000000004
19 0.47995703125 0.03404166666666667 0.09689843749999998 0.06808333333333334
17 0.55644921875 0.06027777777777778 0.09553906249999997 0.12055555555555555
17 0.41398437499999996 0.059034722222222225 0.06656250000000004 0.11806944444444445