3 0.42209375 0.7285416666666666 0.09604687500000005 0.13480555555555548
17 0.54471875 0.6754722222222223 0.07750000000000004 0.19491666666666663
0 0.41560546875000004 0.5102083333333334 0.15405468750000004 0.3266666666666667
3 0.4416640625 0.4055069444444444 0.22906250000000003 0.3390972222222222
6 0.6755625000000001 0.43149999999999994 0.08900000000000005 0.09208333333333327
17 0.6275000000000001 0.331875 0.07734375 0.12486111111111108
10 0.49739843749999996 0.08577083333333334 0.06976562499999997 0.17154166666666668
19 0.24505468749999998 0.8449930555555555 0.06760937499999997 0.15779166666666652
19 0.5281875 0.8316944444444445 0.09100000000000001 0.13738888888888898
19 0.45571484374999993 0.6209166666666667 0.13103906250000003 0.12258333333333332
19 0.5430078125 0.3773611111111111 0.058984375 0.1388888888888889
12 0.70407421875 0.3006597222222222 0.05810156249999991 0.11084722222222222
2 0.2518359375 0.6118680555555556 0.08587499999999997 0.14998611111111113
19 0.28428125 0.48397916666666674 0.07865625000000005 0.1914305555555556
19 0.24162890624999997 0.1284236111111111 0.07338281250000005 0.16804166666666667
19 0.19922265625 0.9024930555555555 0.0775390625 0.18120833333333336
19 0.7385859375 0.7876458333333332 0.03207812499999996 0.08381944444444432
17 0.40843749999999995 0.17319444444444446 0.07578125 0.16972222222222225
19 0.6114921874999999 0.19275 0.059812499999999956 0.11227777777777777
19 0.40094921875 0.03774305555555556 0.0907578125 0.07548611111111111
19 0.6820703125 0.13534722222222223 0.17789062500000002 0.27069444444444446
19 0.59430859375 0.04065972222222222 0.049148437500000065 0.08131944444444444
19 0.54147265625 0.28628472222222223 0.03932031249999994 0.05493055555555557
19 0.30329296875 0.9096527777777776 0.13314843750000005 0.18069444444444432
19 0.5246171875 0.960111111111111 0.13903125000000002 0.07977777777777785
19 0.671703125 0.8381944444444445 0.22893749999999996 0.3236111111111111
19 0.432734375 0.8867291666666666 0.14945312499999996 0.22654166666666684
17 0.5535234375 0.9600486111111112 0.07107812500000002 0.07990277777777774
17 0.39237109375 0.9689444444444444 0.06657031250000003 0.06211111111111115