19 0.5968359375000001 0.9834722222222223 0.056015625000000034 0.03305555555555549
3 0.49710546874999995 0.9636805555555555 0.06608593749999994 0.07263888888888882
19 0.7780625000000001 0.9819722222222222 0.04460937500000002 0.036055555555555605
19 0.35132812500000005 0.8711458333333334 0.21585937499999996 0.25770833333333326
19 0.5280546875 0.7093194444444444 0.140625 0.21999999999999997
14 0.3052734375 0.7060833333333333 0.0381875 0.05855555555555559
18 0.37584765625000005 0.6319097222222222 0.09591406250000004 0.12381944444444441
0 0.28809375 0.6367013888888889 0.05864062499999996 0.09820833333333338
19 0.5706171875 0.47118055555555555 0.13248437499999993 0.3040555555555555
15 0.71414453125 0.5809652777777778 0.07875781249999995 0.2238194444444444
19 0.6519179687500001 0.5236458333333334 0.06946093750000007 0.16279166666666672
0 0.36003515624999993 0.4810416666666667 0.10430468749999995 0.1745833333333334
0 0.29953906249999995 0.5525486111111111 0.038484374999999994 0.09243055555555549
19 0.48282421875 0.43838194444444445 0.14783593750000001 0.14562500000000003
19 0.7686484375 0.35075694444444444 0.17682812499999995 0.3542916666666667
12 0.2814921875 0.2717986111111111 0.12287499999999998 0.13629166666666667
18 0.27008203124999997 0.27958333333333335 0.0661171875 0.12483333333333332
2 0.3501796875 0.13999999999999999 0.23448437499999994 0.27999999999999997
19 0.47835546875000007 0.11432638888888888 0.10014843750000005 0.22865277777777776
0 0.58017578125 0.16258333333333333 0.05988281250000007 0.16705555555555554
7 0.25652734375 0.023243055555555555 0.06108593750000004 0.04648611111111111
17 0.37941015624999996 0.018250000000000002 0.04844531249999999 0.036500000000000005
19 0.5307265624999999 0.07269444444444445 0.08285937499999996 0.14480555555555555
19 0.28482421874999997 0.5026111111111111 0.05792968749999998 0.06552777777777771
19 0.69600390625 0.1685486111111111 0.04672656249999996 0.05923611111111112
18 0.11199218749999999 0.13903472222222224 0.10217187500000002 0.2780694444444445