2 0.61750390625 0.909673611111111 0.26841406249999994 0.1806527777777777
16 0.28151953125 0.9152986111111111 0.13617968749999995 0.16940277777777782
17 0.536921875 0.8821319444444444 0.08696874999999996 0.1365972222222221
10 0.64302734375 0.9380069444444444 0.08274218750000006 0.12398611111111109
12 0.78955859375 0.8380833333333334 0.12172656249999995 0.218638888888889
17 0.31835156249999996 0.7606597222222221 0.05999999999999996 0.1653749999999999
2 0.44904296875000005 0.7155277777777779 0.24372656250000002 0.514388888888889
2 0.2330625 0.8364583333333333 0.07779687500000002 0.12755555555555545
14 0.6241171875 0.7072222222222223 0.08000000000000007 0.14402777777777784
19 0.2516875 0.6682708333333334 0.1286875 0.19629166666666673
2 0.86318359375 0.32811805555555557 0.2410859375 0.46595833333333336
19 0.27512109375 0.5651527777777778 0.05227343749999998 0.07563888888888894
12 0.6241601562500001 0.5021388888888889 0.10385156250000005 0.16661111111111115
7 0.5197265625 0.45368749999999997 0.09410937500000002 0.2028472222222222
17 0.6434843750000001 0.3870347222222222 0.09232812500000005 0.13645833333333332
19 0.7006640625 0.5410625 0.08612500000000001 0.18612499999999998
2 0.7631249999999999 0.5558611111111111 0.09828125000000006 0.28638888888888897
17 0.5464101562500001 0.28165972222222224 0.06282031250000006 0.1909305555555556
19 0.47970703124999997 0.2624444444444444 0.09117968750000002 0.16211111111111115
19 0.40125781250000003 0.3447222222222222 0.04106249999999996 0.06788888888888889
18 0.45640234375000005 0.38943055555555556 0.036476562500000045 0.08286111111111107
14 0.29323046875 0.23153472222222224 0.06380468749999997 0.13890277777777776
3 0.371484375 0.19757638888888887 0.09156250000000003 0.17901388888888886
19 0.20426171875 0.4771458333333334 0.03546093749999999 0.0828472222222222
18 0.7254140625000001 0.13400694444444447 0.10129687500000006 0.15615277777777778
19 0.82333984375 0.08895138888888889 0.07599218749999999 0.10506944444444445
3 0.5096796875 0.09926388888888889 0.23218750000000005 0.19852777777777778
2 0.21586328125 0.082 0.12917968750000003 0.164
19 0.39147656249999996 0.05273611111111111 0.066703125 0.10547222222222222