0 0.40153906250000004 0.31548611111111113 0.061921874999999994 0.09263888888888887
2 0.30948046875 0.12445833333333335 0.09244531250000003 0.15858333333333335
19 0.6778046874999999 0.7390833333333333 0.2832968749999999 0.33927777777777773
12 0.585609375 0.8938194444444445 0.05764062499999998 0.09438888888888894
0 0.46044921875 0.8056319444444445 0.1400546875 0.2524583333333333
12 0.29651953124999997 0.7089791666666667 0.22321093750000004 0.42906944444444456
19 0.8516796874999999 0.5675416666666666 0.048578124999999875 0.0790555555555555
19 0.5774062499999999 0.5679583333333333 0.09143749999999998 0.17036111111111107
19 0.44829687500000004 0.5288541666666667 0.06437500000000007 0.2509861111111112
8 0.54502734375 0.35273611111111114 0.09047656249999995 0.24716666666666673
3 0.34023046875 0.33297916666666666 0.18369531249999996 0.3154027777777778
3 0.22292968749999997 0.5764305555555556 0.06468749999999998 0.3231944444444445
19 0.21576562500000002 0.2230763888888889 0.08595312499999999 0.2813472222222222
8 0.67668359375 0.9569236111111111 0.10710156249999994 0.08495833333333344
18 0.4578515625 0.9734722222222222 0.09320312499999997 0.05305555555555562
0 0.35231640625000005 0.8155972222222221 0.08250781250000001 0.2046388888888888
2 0.3256171875 0.9634027777777777 0.14850000000000002 0.0731944444444445
10 0.63485546875 0.06465277777777777 0.07496093750000003 0.12930555555555553
19 0.24386328124999998 0.017763888888888888 0.04258593749999999 0.035527777777777776
10 0.6155468749999999 0.2812222222222222 0.06859374999999997 0.30700000000000005
18 0.121234375 0.21416666666666664 0.10284374999999998 0.4283333333333333