19 0.1860703125 0.8424722222222223 0.13292187500000002 0.31505555555555553
19 0.25429296875 0.9639027777777778 0.07282031250000003 0.07219444444444446
14 0.493359375 0.9023958333333334 0.13375000000000004 0.19520833333333326
19 0.5429375 0.9453125 0.07584374999999995 0.109375
19 0.7263203124999998 0.8730902777777778 0.2507968749999999 0.25381944444444443
17 0.25882421874999995 0.8832986111111112 0.06088281250000005 0.12087499999999997
17 0.27292578125 0.7794444444444444 0.0680703125 0.10741666666666655
17 0.3995703125 0.8228125 0.09065625000000002 0.11681944444444431
15 0.59647265625 0.8477638888888889 0.09782031250000003 0.2111111111111111
10 0.36051171875000004 0.8820069444444444 0.14611718750000002 0.13262500000000002
19 0.45746093749999994 0.7633958333333333 0.119140625 0.12206944444444451
19 0.46116015624999995 0.8935555555555555 0.0505859375 0.08608333333333336
19 0.30250781250000003 0.6071805555555555 0.24407812500000006 0.4238888888888889
19 0.48361328124999997 0.5965416666666666 0.1988203125 0.32738888888888895
12 0.69965625 0.6201527777777778 0.21634374999999997 0.354361111111111
11 0.7545195312499999 0.36281944444444447 0.09653906249999995 0.36230555555555555
17 0.60242578125 0.4431944444444445 0.08028906249999998 0.11177777777777781
17 0.215 0.3897361111111111 0.078328125 0.13127777777777774
19 0.5828828125 0.5225833333333333 0.06942187499999992 0.1533333333333333
17 0.42388281250000004 0.3201805555555556 0.08859375000000003 0.07508333333333334
17 0.5777265625 0.37420833333333337 0.04635937499999994 0.11355555555555555
17 0.543390625 0.30122916666666666 0.050484374999999915 0.08856944444444442
18 0.25744140625 0.20108333333333334 0.18803906250000002 0.29838888888888887
19 0.39603515625 0.31264583333333335 0.14092968749999998 0.22198611111111116
19 0.50426953125 0.19322916666666667 0.14088281249999995 0.2552083333333333
8 0.66117578125 0.19141666666666665 0.1687578125 0.22411111111111112
10 0.776015625 0.05532638888888889 0.04807812499999997 0.11065277777777778
19 0.6678398437499999 0.07211805555555555 0.16139843749999994 0.1442361111111111
19 0.52360546875 0.1388888888888889 0.18028906249999999 0.26708333333333334
19 0.34761328125 0.06181249999999999 0.1528203125 0.11904166666666664
19 0.46651953125 0.019458333333333334 0.10388281250000002 0.03891666666666667
19 0.55022265625 0.034722222222222224 0.06696093750000003 0.06944444444444445