10 0.5848828125000001 0.9235624999999998 0.07335937500000007 0.1528749999999999
17 0.355859375 0.9611111111111111 0.0578125 0.07777777777777778
19 0.31680078125 0.7780624999999999 0.07541406249999998 0.09248611111111099
19 0.53703125 0.9061111111111111 0.059218749999999966 0.18777777777777785
11 0.79782421875 0.9163541666666666 0.062101562500000006 0.16729166666666673
19 0.28358593749999994 0.9150833333333334 0.06468749999999997 0.1544444444444445
19 0.7030390625 0.8498819444444444 0.12454687500000006 0.29690277777777774
19 0.58028515625 0.8531180555555555 0.09608593750000001 0.14331944444444453
2 0.43491796874999994 0.9650694444444444 0.056085937499999974 0.06986111111111105
19 0.47351953125 0.9107083333333333 0.07941406250000008 0.1680277777777778
19 0.29594531249999995 0.7512152777777777 0.12281250000000003 0.28601388888888896
17 0.6485898437500001 0.8971111111111111 0.06208593750000002 0.1393055555555555
12 0.41891015625000005 0.8160694444444445 0.05289843750000003 0.25111111111111106
12 0.3146484375 0.6066388888888888 0.051484374999999985 0.12349999999999994
14 0.37639453125 0.6060486111111112 0.07177343750000001 0.1537916666666667
16 0.20312890625 0.7364444444444445 0.0626640625 0.1776666666666667
19 0.48323828125000007 0.7555208333333334 0.10224218749999991 0.14818055555555562
17 0.7722265625 0.7630902777777777 0.06078124999999997 0.12809722222222225
19 0.8068085937499999 0.7483958333333334 0.024070312499999958 0.09523611111111102
18 0.5151484375 0.5775069444444444 0.11850000000000005 0.2638194444444445
2 0.64337109375 0.567048611111111 0.12708593750000005 0.30929166666666674
19 0.66903515625 0.7003819444444445 0.056085937499999974 0.0910416666666666
14 0.37497265625 0.7717986111111111 0.04202343749999997 0.1653749999999999
16 0.43373046875 0.3365763888888889 0.07849218750000002 0.14818055555555557
19 0.5543359375 0.32615277777777774 0.06934375 0.22938888888888884
16 0.7749921875 0.5803541666666667 0.12795312500000006 0.26348611111111114
16 0.4641796875 0.4554236111111111 0.11023437499999993 0.15918055555555558
18 0.57312109375 0.4366388888888889 0.09919531250000002 0.10299999999999995
16 0.21875 0.529236111111111 0.04564062499999999 0.06397222222222215
19 0.26045703124999997 0.5058333333333334 0.10267968750000005 0.16072222222222227
16 0.317203125 0.4618333333333333 0.057515625 0.11822222222222223
19 0.26021875 0.3922083333333333 0.05159374999999997 0.08163888888888884
19 0.62051171875 0.2708263888888889 0.05939843749999998 0.10429166666666671
10 0.5671484375 0.20425694444444445 0.114453125 0.13518055555555553
19 0.48558984375 0.2361111111111111 0.036429687500000085 0.04847222222222219
2 0.342578125 0.23722222222222225 0.08109374999999996 0.19777777777777775
3 0.40244140625 0.17499305555555555 0.0794921875 0.1402638888888889
18 0.63225 0.1035902777777778 0.3170624999999999 0.196625
2 0.7527539062499999 0.1204375 0.08005468750000003 0.13295833333333335
2 0.29001953125 0.0821875 0.14214843750000003 0.16048611111111108
19 0.457515625 0.07880555555555556 0.179953125 0.15761111111111112