19 0.99477734375 0.01670138888888889 0.010445312499999915 0.03340277777777778
19 0.33172265625 0.9770833333333333 0.06514843749999999 0.04583333333333333
19 0.28496484375 0.9280972222222222 0.09899218750000002 0.1438055555555555
18 0.396875 0.9909722222222223 0.03671875 0.018055555555555554
19 0.18583203125 0.8928958333333333 0.04063281249999999 0.078013888888889
19 0.643578125 0.89225 0.10804687499999996 0.20013888888888876
17 0.2573828125 0.7992083333333334 0.09481250000000001 0.1474722222222223
19 0.307375 0.7723402777777778 0.07089062500000001 0.18276388888888886
19 0.38330859375 0.6543402777777778 0.11958593749999995 0.4234583333333332
19 0.563609375 0.7092083333333333 0.07756249999999998 0.1429722222222223
17 0.6347265624999999 0.684048611111111 0.07996874999999992 0.1898472222222223
18 0.2376484375 0.6945555555555555 0.11957812500000002 0.15641666666666668
19 0.180265625 0.7758680555555556 0.012140625000000016 0.02759722222222207
19 0.46784374999999995 0.5591458333333333 0.08874999999999993 0.19937499999999994
19 0.454015625 0.3648680555555555 0.06512499999999992 0.14473611111111112
19 0.5252265625 0.2802708333333333 0.08953124999999992 0.16643055555555553
8 0.46218750000000003 0.20490277777777777 0.09406250000000008 0.1786944444444445
19 0.294078125 0.10149305555555554 0.08778125 0.15812500000000002
19 0.35012890625 0.12490972222222223 0.02317968749999997 0.05926388888888891
19 0.44006640625 0.12802083333333336 0.09303906249999998 0.1029861111111111
8 0.46698046875 0.05282638888888888 0.1339921875 0.10565277777777776
19 0.58342578125 0.06738888888888889 0.10474218749999994 0.13477777777777777
0 0.65539453125 0.13218055555555555 0.05558593750000007 0.1196388888888889
19 0.34553125 0.012986111111111111 0.028781250000000026 0.025972222222222223
19 0.38406640625 0.07571527777777778 0.031210937500000036 0.047680555555555566
18 0.11199218749999999 0.13903472222222224 0.10217187500000002 0.2780694444444445