19 0.8323007812500001 0.9416944444444444 0.1078984375000001 0.11661111111111117
19 0.7546875 0.9868055555555556 0.0390625 0.02638888888888889
19 0.46858203125 0.9752777777777777 0.055335937499999946 0.04944444444444432
19 0.47875000000000006 0.8614097222222221 0.12535937500000002 0.2771805555555555
12 0.344890625 0.8836111111111111 0.13892187499999994 0.22388888888888894
19 0.39947656249999997 0.9428333333333334 0.060250000000000005 0.09569444444444457
17 0.60476953125 0.9730625 0.04124218749999997 0.05387499999999995
7 0.71721875 0.9044583333333333 0.05942187499999996 0.19108333333333324
19 0.5310625 0.7583472222222222 0.08032812499999994 0.1561944444444445
19 0.70756640625 0.6968472222222223 0.038304687499999976 0.06769444444444446
19 0.4615937499999999 0.6987430555555556 0.04635937499999994 0.06959722222222216
19 0.40537109375 0.613986111111111 0.12755468749999999 0.21041666666666659
19 0.553109375 0.570861111111111 0.157625 0.2502777777777778
19 0.6929453125 0.5742222222222222 0.021781250000000085 0.047111111111111055
19 0.25245703124999996 0.6462777777777777 0.01241406249999999 0.022083333333333302
19 0.72626171875 0.5554305555555555 0.04214843750000004 0.05775000000000006
19 0.67728515625 0.5025972222222223 0.03949218749999996 0.1114166666666667
19 0.514859375 0.5793402777777777 0.04642187500000006 0.11290277777777773
17 0.4388515625 0.49600694444444443 0.049453124999999966 0.07326388888888889
19 0.35949609375 0.4802430555555555 0.0916953125 0.07326388888888889
19 0.37923437499999996 0.4753472222222222 0.10679687500000004 0.28041666666666665
8 0.77552734375 0.4407430555555556 0.17410156249999992 0.1924583333333333
19 0.43659375 0.3784861111111111 0.10610937499999995 0.10097222222222224
19 0.55267578125 0.39820833333333333 0.05033593750000005 0.09925
19 0.2990546875 0.3532638888888888 0.03296875000000003 0.07324999999999997
19 0.38713671875 0.30472916666666666 0.0731484375 0.07143055555555557
8 0.48964453125 0.2745069444444444 0.08653906249999999 0.1538472222222222
19 0.513859375 0.12715277777777778 0.08756249999999995 0.25430555555555556
19 0.21128125 0.06407638888888889 0.043265624999999995 0.0677638888888889
3 0.26485156249999997 0.0796388888888889 0.06593749999999998 0.14652777777777778
14 0.6084296874999999 0.0938472222222222 0.09168749999999992 0.1876944444444444
19 0.68621484375 0.04841666666666666 0.02472656250000007 0.09541666666666669