19 0.28021875 0.9770972222222222 0.060968749999999974 0.04580555555555558
19 0.3198515625 0.9076041666666667 0.09429687500000003 0.17143055555555564
17 0.56276171875 0.9477638888888889 0.09866406249999997 0.10447222222222226
10 0.19591406249999999 0.8950416666666666 0.07812499999999997 0.13277777777777766
10 0.61466015625 0.7629583333333334 0.09182031249999997 0.2759166666666667
2 0.561796875 0.8388333333333332 0.09581250000000008 0.16191666666666657
13 0.25225390625 0.7507499999999999 0.10330468750000002 0.2144444444444445
19 0.34969140625 0.8214027777777777 0.0505859375 0.09511111111111113
19 0.3361796875 0.6938541666666668 0.14581249999999998 0.20312500000000008
19 0.55798046875 0.6694652777777778 0.05866406249999993 0.13615277777777773
19 0.3688046875 0.5897430555555556 0.12703125 0.28143055555555563
12 0.43793359374999996 0.536326388888889 0.07641406249999996 0.22965277777777782
19 0.50008984375 0.5552708333333333 0.060945312499999994 0.12579166666666658
11 0.57230859375 0.31769444444444445 0.1667890625 0.2873888888888888
19 0.5486796875000001 0.3362291666666667 0.06009375000000006 0.2777638888888889
18 0.5013710937500001 0.30677777777777776 0.09872656249999992 0.18466666666666673
17 0.41603515625 0.3136458333333333 0.08327343749999998 0.1556805555555556
7 0.6466015625 0.13027777777777777 0.226171875 0.26055555555555554
19 0.574046875 0.11805555555555555 0.08559374999999995 0.2361111111111111
19 0.43140624999999994 0.2058888888888889 0.030906249999999958 0.030527777777777803
19 0.52616796875 0.09806250000000001 0.0392578125 0.19612500000000002
19 0.50561328125 0.12561111111111112 0.032960937500000044 0.06044444444444446
19 0.43607421874999996 0.08888888888888889 0.13702343749999996 0.17777777777777778
2 0.24754296875 0.08979166666666667 0.16174218749999997 0.17958333333333334