19 0.39831249999999996 0.9245833333333332 0.10049999999999999 0.1508333333333332
11 0.6386640625 0.9756249999999999 0.09407812500000005 0.04874999999999988
19 0.269859375 0.8993194444444444 0.06875 0.1133333333333332
19 0.332984375 0.8697638888888889 0.07232812500000003 0.1960277777777776
10 0.5044062500000001 0.9093472222222221 0.11435937500000008 0.13658333333333322
19 0.5346835937500001 0.7734722222222222 0.22297656250000006 0.33111111111111113
19 0.19584765625 0.9680277777777778 0.08350781249999999 0.06394444444444439
16 0.3805390625 0.7705625 0.08735937499999995 0.11862500000000012
19 0.30031640625 0.6634652777777776 0.08375781250000003 0.1732083333333333
19 0.24455468749999998 0.6943611111111111 0.055984374999999975 0.0915555555555555
19 0.47962109374999995 0.5119791666666667 0.08553906250000001 0.23493055555555553
19 0.37865234375 0.48343749999999996 0.04283593750000003 0.07245833333333328
19 0.419796875 0.5289722222222223 0.057578125000000036 0.08238888888888896
19 0.2792578125 0.44845138888888886 0.017812499999999964 0.042736111111111086
19 0.404765625 0.4008819444444444 0.04140625 0.0744861111111111
19 0.5971171875 0.4247638888888889 0.13445312499999992 0.11999999999999997
14 0.6783984375000001 0.32250694444444444 0.11578125000000003 0.1730416666666667
19 0.55769921875 0.2961319444444444 0.2672578124999999 0.35920833333333335
19 0.30233984375 0.27110416666666665 0.09719531249999998 0.16473611111111114
19 0.24347656250000002 0.21411805555555555 0.08492187500000004 0.1557361111111111
14 0.6900546875 0.07731944444444444 0.1264531250000001 0.15463888888888888
19 0.5775390625 0.02779861111111111 0.07820312499999993 0.05559722222222222
17 0.4977265625 0.04670138888888889 0.08826562500000001 0.09340277777777778
17 0.298546875 0.04517361111111111 0.11796875 0.09034722222222222
16 0.32803515625 0.09984722222222223 0.21233593749999996 0.19969444444444445
19 0.44132421875 0.09933333333333333 0.05485156250000003 0.12283333333333334