19 0.3375 0.9298611111111111 0.075 0.14027777777777778
17 0.4601875000000001 0.9773749999999999 0.05131250000000005 0.0452499999999999
17 0.6218359375 0.9331875 0.04351562500000004 0.13362500000000005
16 0.690625 0.9270833333333334 0.0734375 0.14583333333333334
0 0.48528125 0.8531736111111111 0.10721875 0.2936527777777779
17 0.7633203125 0.7682569444444444 0.057703124999999925 0.14659722222222216
2 0.26840234374999994 0.8115000000000001 0.04897656250000004 0.13908333333333348
19 0.23131640625 0.8269861111111112 0.058242187499999966 0.10269444444444452
16 0.41454296875 0.7882083333333333 0.04338281249999998 0.09294444444444455
19 0.44333203125000004 0.8907083333333332 0.03341406249999999 0.07922222222222217
17 0.45503515624999996 0.6870763888888889 0.08583593749999992 0.09631944444444447
16 0.72667578125 0.6763472222222222 0.13102343750000003 0.25658333333333333
11 0.24782421875000002 0.6291805555555555 0.11361718750000002 0.2450277777777778
19 0.43902343749999995 0.6037986111111111 0.09978125000000002 0.11384722222222227
19 0.8088515624999999 0.5162916666666667 0.12360937499999994 0.22263888888888883
0 0.720359375 0.4711666666666667 0.06182812500000008 0.1386388888888888
19 0.61045703125 0.4917291666666666 0.05471093749999998 0.10651388888888896
19 0.5307382812499999 0.48313888888888884 0.06511718749999992 0.1254166666666666
17 0.6730859375 0.39142361111111107 0.06078124999999997 0.12173611111111107
11 0.49743750000000003 0.4224027777777778 0.1348749999999999 0.1326944444444444
19 0.577328125 0.3563263888888889 0.10337499999999995 0.15231944444444442
14 0.27538671875 0.2779375 0.0486328125 0.1440972222222222
19 0.46042578125 0.2623888888888889 0.10132031250000004 0.17672222222222222
3 0.6119375 0.29483333333333334 0.07903125000000007 0.1315
13 0.7200078125 0.04888888888888889 0.12282812500000002 0.09777777777777778
19 0.6458867187499999 0.24909027777777779 0.057914062500000085 0.08595833333333332
11 0.711046875 0.17829166666666668 0.12123437500000005 0.11041666666666666
12 0.8270546874999999 0.31485416666666666 0.06382812499999994 0.1440972222222222
11 0.2095703125 0.1299236111111111 0.10132812500000002 0.2345694444444444
3 0.61198046875 0.13421527777777775 0.10272656250000001 0.19137499999999996
17 0.7928046875 0.07742361111111111 0.09146874999999995 0.15484722222222222
15 0.48165234375 0.08545833333333333 0.12749218750000005 0.17091666666666666
15 0.37104687499999994 0.06444444444444444 0.12242187500000004 0.1288888888888889