19 0.16767578125 0.9383402777777778 0.07839843750000001 0.11940277777777782
19 0.26191015625 0.8807569444444444 0.11367968749999999 0.23848611111111115
19 0.469515625 0.8967430555555556 0.18531250000000005 0.20651388888888897
17 0.5569140625 0.9675694444444444 0.027578124999999964 0.06486111111111117
15 0.3581796875 0.8952847222222222 0.057375000000000044 0.1921249999999999
12 0.19948046874999997 0.8033541666666668 0.05607031249999998 0.09987500000000012
15 0.6072734375000001 0.8259583333333335 0.11814062500000003 0.18355555555555567
19 0.51476171875 0.765701388888889 0.08974218749999992 0.16651388888888896
19 0.4425703125 0.6984375 0.061765624999999956 0.19412499999999996
14 0.68073828125 0.6285555555555555 0.10699218750000003 0.11130555555555553
8 0.47650781249999996 0.6740486111111111 0.060765624999999976 0.1274583333333334
5 0.31276953124999995 0.5614097222222222 0.08380468749999999 0.17504166666666662
19 0.218734375 0.5257430555555556 0.05362499999999999 0.0931805555555556
17 0.7809765625 0.27722222222222226 0.07279687500000005 0.1607777777777778
13 0.7605703125000001 0.22783333333333336 0.045218750000000085 0.08702777777777773
19 0.59071875 0.34977083333333336 0.04301562499999996 0.08234722222222225
19 0.535578125 0.2102013888888889 0.21509374999999994 0.25570833333333337
19 0.39825390625 0.3164375 0.11471093750000003 0.23920833333333336
19 0.22841015624999997 0.19974305555555555 0.041929687499999965 0.1352361111111111
8 0.33925 0.14741666666666667 0.08493750000000003 0.1693333333333333
12 0.31277343750000003 0.219 0.06948437500000004 0.11644444444444448
0 0.46691015625 0.09036111111111111 0.04753906249999993 0.04705555555555555
19 0.61580859375 0.10311111111111113 0.02547656249999992 0.03333333333333333
19 0.31751953125 0.19329861111111113 0.09044531249999999 0.15490277777777775
19 0.50501953125 0.03733333333333333 0.25147656249999994 0.07466666666666666
19 0.47523828124999995 0.021631944444444447 0.039710937499999946 0.03940277777777778
19 0.44209765624999997 0.012826388888888889 0.030992187500000056 0.025652777777777778
19 0.34950000000000003 0.017729166666666667 0.0375 0.035458333333333335
16 0.50088671875 0.4355625 0.09275781250000001 0.15112499999999993