17 0.55955078125 0.6540069444444444 0.09041406250000002 0.1466805555555555
18 0.5667304687500001 0.41520138888888897 0.05792968750000007 0.0917638888888888
6 0.73706640625 0.3075277777777778 0.13692968749999998 0.0973888888888889
10 0.5614648437499999 0.059472222222222225 0.10533593749999995 0.11894444444444445
12 0.21812890624999998 0.21177777777777776 0.06374218750000002 0.13244444444444448
3 0.39431249999999995 0.8956458333333331 0.051468749999999994 0.08487499999999987
2 0.6763085937500001 0.9249375000000001 0.02907031250000003 0.051680555555555605
12 0.38098828124999995 0.4716666666666666 0.06400781250000005 0.15713888888888888
10 0.4555625 0.27316666666666667 0.18201562500000001 0.4589444444444444
19 0.43067968749999996 0.589548611111111 0.150578125 0.17312499999999997
18 0.27385156250000003 0.31024305555555554 0.025281250000000012 0.03820833333333332
18 0.30635546875 0.07100694444444444 0.030726562500000033 0.07334722222222223
2 0.3768125 0.6202708333333333 0.14421875 0.17112500000000005
3 0.23969140625000002 0.6435486111111112 0.11800781250000003 0.18209722222222233
7 0.45377734375 0.7352847222222222 0.09332031250000003 0.15218055555555546
18 0.3538203125 0.77275 0.09021875000000001 0.1755277777777777
2 0.25365234374999995 0.7548611111111111 0.12183593750000002 0.2516666666666667
14 0.3122421875 0.7048125000000001 0.039796875000000044 0.12009722222222226
19 0.39090624999999996 0.03281944444444444 0.08606249999999997 0.06563888888888889
17 0.44180859375 0.020479166666666666 0.034242187499999945 0.04095833333333333
18 0.13070703125 0.20913194444444444 0.12178906249999999 0.4182638888888889
14 0.5645117187500001 0.9399722222222223 0.014664062499999986 0.032888888888888974