7 0.5435898437500001 0.9378888888888889 0.15500781250000006 0.1242222222222223
19 0.28828906249999997 0.967798611111111 0.04001562500000002 0.06440277777777763
19 0.5603984375 0.7715416666666667 0.17431249999999993 0.2988888888888889
19 0.46362890625000003 0.7709027777777777 0.08047656249999999 0.19775000000000006
19 0.38814453125000004 0.6265763888888889 0.08653906250000003 0.19115277777777784
14 0.3169375 0.6333888888888889 0.08328125000000001 0.23211111111111113
19 0.197453125 0.59875 0.052046875000000006 0.08383333333333336
19 0.4921679687499999 0.6285555555555555 0.11510156249999995 0.14355555555555558
17 0.774703125 0.5708749999999999 0.083 0.13097222222222216
10 0.67969140625 0.6594722222222222 0.08777343749999993 0.16286111111111118
19 0.7078984375 0.5135833333333333 0.050453124999999946 0.10438888888888885
19 0.602234375 0.5582083333333333 0.053671875000000036 0.13736111111111107
19 0.36225781250000005 0.47670833333333335 0.08457812500000003 0.1025555555555556
19 0.4658515625 0.40961111111111104 0.24717187500000004 0.3061666666666667
19 0.600515625 0.4310416666666667 0.08870312499999997 0.1419444444444445
17 0.5497265625 0.5601041666666666 0.07428124999999994 0.12087499999999997
10 0.6526132812500001 0.548625 0.06088281250000005 0.17583333333333337
19 0.22244140625000003 0.2924305555555555 0.03433593750000004 0.05341666666666664
19 0.39821093750000003 0.18627083333333336 0.06393749999999998 0.174125
19 0.4432890625 0.0792361111111111 0.15607812499999998 0.1584722222222222
19 0.47056640624999996 0.21388194444444444 0.08542968749999993 0.15059722222222224
10 0.5883046875 0.21069444444444443 0.10426562500000003 0.24694444444444447
19 0.83765625 0.11152777777777777 0.14656249999999993 0.22305555555555553
10 0.548 0.11465972222222223 0.18667187500000004 0.22637500000000002
19 0.25432421875 0.036631944444444446 0.08913281250000002 0.06154166666666667
19 0.30562890625000005 0.08059722222222222 0.03844531250000003 0.03955555555555555
19 0.5794609375 0.026749999999999996 0.03721875000000008 0.05055555555555554
14 0.7835078125000001 0.024909722222222222 0.061812499999999916 0.049819444444444444
17 0.62087890625 0.02894444444444445 0.05822656249999998 0.05494444444444445