18 0.36734765625 0.8214861111111111 0.10516406250000002 0.16630555555555557
18 0.67062109375 0.5678333333333334 0.050789062499999996 0.14402777777777784
18 0.69790234375 0.4233263888888889 0.06810156250000006 0.13248611111111108
3 0.64367578125 0.41517361111111106 0.14577343749999994 0.36173611111111115
3 0.33140625 0.6308055555555556 0.16992187500000006 0.21166666666666664
18 0.50528515625 0.6308472222222222 0.07083593750000006 0.21275000000000008
2 0.721296875 0.5586041666666667 0.06987500000000005 0.10693055555555557
2 0.440046875 0.5835277777777778 0.04446875000000006 0.13836111111111113
13 0.53 0.25784722222222217 0.36140625 0.5118055555555555
5 0.79401953125 0.6181388888888889 0.1089765625000001 0.17983333333333335
2 0.5532109374999999 0.4863333333333333 0.14929687499999994 0.1412222222222223
10 0.7862812499999999 0.45699999999999996 0.11117187499999996 0.1412222222222223
3 0.5127421875 0.9588194444444444 0.07085937500000003 0.08236111111111105
17 0.21080859375 0.8785902777777779 0.08283593749999998 0.13529166666666678
12 0.446671875 0.8744791666666667 0.056906249999999936 0.10118055555555543
12 0.2631015625 0.4402013888888889 0.07167187500000001 0.12737500000000004
2 0.7102656250000001 0.2805972222222222 0.06845312499999992 0.1496388888888889
18 0.263125 0.14145833333333332 0.0671875 0.28291666666666665
3 0.2916953125 0.1911111111111111 0.15270312500000002 0.3822222222222222
8 0.22133984375 0.08094444444444444 0.04191406249999998 0.08627777777777779
8 0.31841796875000006 0.0926875 0.05738281250000003 0.1607361111111111
18 0.8352499999999999 0.03261111111111111 0.0337031249999999 0.06522222222222222
19 0.1160703125 0.2946736111111111 0.11643749999999997 0.5893472222222222
17 0.571875 0.9756944444444444 0.040625 0.04861111111111111
19 0.71146484375 0.030006944444444444 0.033085937499999926 0.058819444444444445
4 0.32595312499999995 0.4300694444444444 0.07403124999999999 0.21958333333333335