19 0.55859375 0.9020833333333333 0.1875 0.19583333333333333
19 0.43748046875 0.8884027777777778 0.12521093749999998 0.2231944444444445
19 0.58654296875 0.8258611111111112 0.07582031249999996 0.14869444444444438
19 0.24138671875 0.8340069444444445 0.09753906250000002 0.2463472222222223
17 0.38659375 0.7361527777777778 0.07242187500000004 0.1373055555555555
19 0.25689453125 0.6091597222222223 0.07371093750000002 0.08831944444444449
19 0.32351953125 0.6154375 0.07475781250000005 0.14929166666666668
19 0.3976875 0.676236111111111 0.07978125 0.08319444444444449
19 0.38350390624999997 0.6327013888888888 0.022476562499999984 0.03512499999999995
19 0.454515625 0.7041805555555556 0.08862500000000004 0.15058333333333335
19 0.5166015625 0.6304375 0.086328125 0.12062500000000004
19 0.42828906250000004 0.5524930555555556 0.11892187500000002 0.18554166666666672
19 0.49415234375 0.5417986111111112 0.05060156249999999 0.07804166666666675
18 0.5914296875 0.4527638888888889 0.11976562499999996 0.3411666666666667
7 0.7568710937500001 0.41154861111111113 0.19750781250000005 0.40881944444444446
19 0.8143828124999999 0.6102986111111112 0.08843749999999995 0.10990277777777777
19 0.39334765625 0.5222708333333334 0.0772109375 0.15345833333333334
8 0.24 0.4647361111111111 0.10265624999999998 0.2622499999999999
19 0.2751015625 0.4265416666666667 0.05792187499999999 0.12163888888888895
19 0.3474609375 0.35764583333333333 0.07945312500000004 0.16379166666666672
19 0.4811640625 0.3612986111111111 0.17367187499999998 0.35620833333333335
19 0.37019921875 0.4656666666666666 0.0405234375 0.08680555555555555
19 0.7521718749999999 0.18468750000000003 0.11096874999999998 0.1467361111111111
19 0.29567187500000003 0.30328472222222225 0.08795312500000003 0.15759722222222225
19 0.3799921875 0.23064583333333333 0.11373437500000003 0.21740277777777775
0 0.45834765625000007 0.1434375 0.054039062500000054 0.12159722222222223
0 0.43605859375 0.0295625 0.07974218749999995 0.059125
18 0.11199218749999999 0.13903472222222224 0.10217187500000002 0.2780694444444445