19 0.7130546875 0.9870138888888889 0.12373437500000009 0.025972222222222285
19 0.471484375 0.9895833333333334 0.03828125 0.020833333333333332
19 0.26143359374999997 0.9715138888888889 0.06546093749999997 0.056972222222222195
19 0.49585156250000006 0.8856944444444446 0.1265625 0.196388888888889
19 0.276265625 0.9069999999999999 0.04762500000000003 0.07358333333333336
19 0.44185937499999994 0.7410555555555555 0.12734375 0.254611111111111
17 0.5434140625 0.6491944444444444 0.057609375000000004 0.10338888888888896
17 0.612296875 0.7089861111111111 0.08221875000000001 0.13322222222222216
19 0.77016796875 0.41523611111111114 0.2573203124999999 0.6104722222222222
19 0.58436328125 0.6045486111111111 0.11263281250000005 0.19770833333333337
19 0.4200390625 0.59275 0.06023437499999997 0.0749444444444445
19 0.46315625000000005 0.5218958333333333 0.07640624999999997 0.17601388888888891
19 0.1900390625 0.5001527777777778 0.10867187500000001 0.2805833333333333
19 0.6607109375 0.9772569444444444 0.039046875000000016 0.04034722222222216
17 0.32546875000000003 0.44407638888888884 0.050046874999999956 0.0804305555555555
19 0.3892421875 0.5172916666666667 0.07842187500000004 0.16922222222222227
19 0.3632109375 0.29993055555555553 0.17218750000000002 0.3023611111111111
19 0.43376562500000004 0.3712430555555556 0.10075000000000003 0.15109722222222222
19 0.5184609375 0.47140972222222216 0.06174999999999997 0.12004166666666675
19 0.5659453125 0.38672222222222224 0.10671874999999993 0.28208333333333335
19 0.47141015625000005 0.3254583333333333 0.06400781250000005 0.1511388888888889
18 0.21968749999999998 0.16918055555555556 0.07281250000000002 0.11586111111111114
19 0.6716796875 0.23270833333333335 0.14039062500000005 0.28541666666666665
18 0.27888671875000004 0.05983333333333333 0.07477343750000003 0.09752777777777778
19 0.48023437500000005 0.029375 0.055671874999999996 0.05875
19 0.53281640625 0.010416666666666666 0.012023437500000077 0.020833333333333332
19 0.58437109375 0.08120833333333333 0.13375781250000002 0.16052777777777777
19 0.6792109375 0.05459722222222223 0.06575000000000006 0.10919444444444446
18 0.11199218749999999 0.13903472222222224 0.10217187500000002 0.2780694444444445