2 0.28189453124999997 0.889173611111111 0.1668671875 0.22165277777777767
19 0.38576171875 0.9423611111111111 0.1164140625 0.11527777777777778
19 0.45409765625 0.9862569444444444 0.03091406249999995 0.027486111111111062
19 0.35139062499999996 0.8103333333333335 0.028843749999999967 0.05677777777777793
19 0.44133984374999996 0.8474375 0.09488281250000004 0.19520833333333326
19 0.383296875 0.8609444444444444 0.03296875000000003 0.05127777777777788
19 0.650640625 0.8938611111111112 0.04532812499999998 0.058611111111111176
19 0.68754296875 0.6904166666666667 0.1230390625 0.40411111111111114
3 0.5899960937500001 0.7355555555555556 0.1257578125 0.17938888888888893
19 0.19341406249999998 0.7380069444444445 0.022140625000000004 0.033736111111111064
19 0.49416406250000006 0.7126527777777778 0.07512500000000007 0.13736111111111116
19 0.5822109375 0.5519791666666667 0.14849999999999994 0.2870972222222223
17 0.3990078125 0.74725 0.07368749999999995 0.1551666666666667
12 0.34585546875 0.6489375000000001 0.06867968749999998 0.11573611111111116
19 0.37165234375 0.5051875 0.18458593750000002 0.09462499999999999
19 0.3927578125 0.41468055555555555 0.093953125 0.0900555555555556
19 0.5161718750000001 0.30719444444444444 0.23046875 0.436888888888889
19 0.52765625 0.31698611111111114 0.20984374999999994 0.40508333333333346
8 0.6460781250000001 0.38070833333333337 0.08421874999999997 0.17513888888888893
19 0.36983203124999997 0.31522916666666667 0.08963281250000002 0.12454166666666669
19 0.67096484375 0.1696736111111111 0.09010156249999994 0.14398611111111112
14 0.8568984374999999 0.27834722222222225 0.18039062500000008 0.2666944444444444
19 0.64371484375 0.1782638888888889 0.025757812500000022 0.04577777777777777
19 0.52825390625 0.05998611111111111 0.11416406250000008 0.10836111111111109
19 0.44024609375 0.044875000000000005 0.05150781250000005 0.08975000000000001
19 0.22905078125 0.07371527777777778 0.0532265625 0.14498611111111112
9 0.27798828124999997 0.011291666666666669 0.03605468749999998 0.022583333333333337
11 0.6265468750000001 0.07753472222222221 0.13735937499999995 0.14956944444444445
19 0.7025234375 0.04319444444444444 0.09873437500000008 0.08394444444444445
12 0.49407421874999996 0.027638888888888886 0.05357031249999995 0.05527777777777777