3 0.566328125 0.8425347222222223 0.13953124999999994 0.3094305555555555
2 0.7043203124999999 0.9506249999999999 0.08589062500000004 0.09874999999999988
18 0.587109375 0.9333333333333333 0.21328125 0.13333333333333333
18 0.7342226562499999 0.8695833333333334 0.037351562499999956 0.0683333333333334
19 0.2573359375 0.9092361111111111 0.14612499999999998 0.11572222222222213
19 0.35819140624999996 0.9487777777777778 0.061945312499999974 0.08188888888888894
19 0.2962265625 0.839326388888889 0.11593749999999999 0.1426805555555556
2 0.5887578125 0.7566736111111111 0.11117187499999996 0.13587499999999997
12 0.351015625 0.7174583333333332 0.17468750000000002 0.26769444444444446
18 0.6091562500000001 0.5499583333333333 0.12231249999999996 0.4503611111111111
19 0.6170546875 0.5950694444444444 0.106453125 0.1455555555555555
18 0.516140625 0.5335763888888888 0.07321875000000003 0.2063194444444444
19 0.5852304687500001 0.4617222222222222 0.05257031249999997 0.12988888888888886
7 0.42806640625000003 0.6239166666666667 0.06828906250000003 0.16683333333333333
18 0.427703125 0.3733263888888889 0.0890625 0.1002361111111111
0 0.4954921875 0.2923125 0.06368749999999998 0.15812500000000004
12 0.56934375 0.3078402777777777 0.08115625000000008 0.14965277777777775
19 0.747984375 0.7227847222222222 0.1921875000000001 0.44473611111111117
18 0.46689453125 0.22944444444444442 0.09542968750000007 0.11444444444444443
10 0.328375 0.17984722222222224 0.049093750000000026 0.13947222222222225
18 0.43342578125 0.9291736111111111 0.07830468750000001 0.1416527777777778
12 0.3825 0.052979166666666674 0.10953125000000004 0.10595833333333335
19 0.46706640625 0.08619444444444445 0.05352343749999999 0.1694166666666667
17 0.39668749999999997 0.16446527777777778 0.09148437499999998 0.09487499999999999
19 0.5128515625000001 0.09702083333333333 0.03529687500000005 0.168625
18 0.33196875000000003 0.3038888888888889 0.022062500000000006 0.060777777777777764