7 0.7703164062500001 0.9588194444444444 0.13967968750000007 0.08236111111111105
19 0.1775234375 0.9209236111111112 0.09937499999999999 0.15815277777777761
19 0.387890625 0.8819444444444444 0.17109375 0.2361111111111111
19 0.53087109375 0.9376597222222223 0.1257578125 0.12468055555555553
17 0.6670546875 0.857125 0.08385937499999993 0.13552777777777766
19 0.2617421875 0.8380694444444444 0.05145312500000001 0.1629722222222221
19 0.29457421875 0.761361111111111 0.03049218749999998 0.11936111111111118
19 0.50794921875 0.8215555555555555 0.1376953125 0.1368333333333333
19 0.750125 0.8191458333333332 0.10814062500000006 0.19734722222222212
19 0.37072265625 0.5899236111111111 0.08602343750000001 0.14259722222222215
19 0.4409375 0.6336319444444444 0.06507812499999996 0.08823611111111107
12 0.56297265625 0.6380694444444444 0.0498046875 0.14463888888888887
19 0.79170703125 0.543611111111111 0.1551484375 0.2686666666666667
19 0.4570390625 0.6866458333333333 0.12829687500000003 0.2529583333333334
17 0.47483593749999997 0.5680694444444444 0.059562500000000004 0.12222222222222222
17 0.5090625 0.6927152777777777 0.06728124999999992 0.08234722222222217
17 0.42251953125 0.7330416666666666 0.08713281249999998 0.10391666666666657
17 0.6836562500000001 0.5047083333333333 0.06342187500000004 0.10458333333333326
17 0.61909765625 0.4913402777777778 0.08180468750000003 0.11601388888888885
19 0.44219140625 0.4244861111111111 0.09533593749999998 0.09919444444444439
19 0.5578671875000001 0.4429513888888889 0.12242187500000004 0.2544305555555555
19 0.68878515625 0.2848125 0.22366406249999998 0.3596249999999999
19 0.5241953125000001 0.22803472222222224 0.09995312500000005 0.17143055555555556
17 0.43067968749999996 0.33938194444444447 0.08492187500000004 0.11568055555555555
19 0.38992187500000003 0.15020833333333333 0.12468749999999998 0.30041666666666667
19 0.48109375000000004 0.10641666666666667 0.12046875000000004 0.21283333333333335
19 0.20204296875 0.04542361111111111 0.06088281250000003 0.08729166666666666
8 0.618953125 0.08218055555555556 0.10853125000000005 0.16436111111111112
17 0.2949921875 0.08178472222222223 0.06351562499999996 0.14395833333333335
10 0.5745625000000001 0.24433333333333332 0.13884375000000002 0.15688888888888886