19 0.384375 0.9298611111111111 0.17734375 0.14027777777777778
7 0.70875390625 0.9592291666666667 0.06461718750000003 0.08154166666666672
19 0.20398828125000001 0.9767013888888889 0.01733593750000002 0.03537500000000004
19 0.7281640625 0.9122708333333333 0.04710937499999997 0.08762499999999988
19 0.7895390625 0.9199930555555556 0.09609375000000009 0.12159722222222216
18 0.43520312499999997 0.7616041666666666 0.07137499999999997 0.16231944444444438
19 0.49340625000000005 0.7574722222222222 0.08703125000000007 0.12147222222222227
17 0.646109375 0.7248680555555556 0.07046875000000004 0.17668055555555562
19 0.7219257812500001 0.6906944444444444 0.1671171875 0.2191666666666666
19 0.45111328124999994 0.6465069444444445 0.11042968749999997 0.08468055555555559
18 0.28635937499999997 0.6952916666666666 0.060562499999999984 0.07466666666666666
19 0.2653359375 0.5998819444444444 0.06545312499999997 0.1196805555555555
19 0.49557031249999994 0.50875 0.14245312499999993 0.19638888888888886
19 0.26058203125 0.7904097222222223 0.01592968749999999 0.05545833333333342
19 0.27959765625 0.5290138888888889 0.051742187500000016 0.07358333333333336
19 0.44537499999999997 0.35577083333333337 0.12734375 0.24629166666666671
17 0.5476328125000001 0.2659722222222222 0.05293749999999999 0.10136111111111114
17 0.6210742187499999 0.3172361111111111 0.07939843750000009 0.152
19 0.7673046875 0.1602083333333333 0.23445312499999993 0.3204166666666666
19 0.5884609375000001 0.22552083333333334 0.10912500000000006 0.2122916666666667
19 0.42214843750000003 0.2115138888888889 0.059765625 0.08113888888888891
19 0.46609375000000003 0.13663194444444443 0.07640624999999997 0.18118055555555554
19 0.18749609375 0.11402777777777777 0.09516406249999998 0.22805555555555554
19 0.6636171875000001 0.5975347222222221 0.03664062500000007 0.03318055555555554
17 0.3285625 0.04649999999999999 0.050046874999999956 0.08041666666666665
19 0.3887734375 0.10730555555555558 0.07057812499999998 0.1683055555555556
19 0.35826953125 0.024243055555555552 0.0722734375 0.048486111111111105
19 0.44208203125 0.023041666666666665 0.09263281249999995 0.04608333333333333
19 0.52334375 0.08438194444444444 0.06174999999999997 0.12004166666666667
19 0.565078125 0.06779166666666667 0.08618749999999994 0.13511111111111113
18 0.11199218749999999 0.13903472222222224 0.10217187500000002 0.2780694444444445