19 0.3586015625 0.9389930555555555 0.056703125000000035 0.12201388888888877
19 0.5007304687499999 0.8390555555555556 0.1351640625 0.3002222222222223
19 0.638671875 0.9569444444444445 0.08828125 0.08611111111111111
0 0.3875 0.9881944444444445 0.09375 0.02361111111111111
19 0.58749609375 0.8833472222222222 0.01847656250000007 0.046638888888888785
19 0.7393359374999999 0.8177083333333334 0.011796874999999929 0.025416666666666605
19 0.19601171874999998 0.6575277777777778 0.017257812500000004 0.04877777777777778
19 0.35023828125 0.5857430555555556 0.09899218750000002 0.22379166666666667
19 0.6221796875 0.550875 0.09937500000000003 0.14347222222222217
17 0.4113515625 0.5572083333333333 0.08209375 0.15411111111111117
17 0.3915 0.4339513888888889 0.04635937499999998 0.1267916666666666
19 0.32489453125 0.3796527777777778 0.07177343750000001 0.20302777777777783
19 0.3518359375 0.522375 0.08859374999999999 0.07875000000000007
19 0.52869140625 0.4833055555555556 0.09683593750000004 0.10622222222222225
19 0.643734375 0.41628472222222224 0.08035937499999993 0.13537500000000005
19 0.58070703125 0.4107638888888889 0.05561718750000004 0.1371388888888889
2 0.2501875 0.3603888888888889 0.13084375 0.2543611111111111
7 0.4464453125 0.4120069444444444 0.06387499999999999 0.16834722222222223
19 0.5549609375 0.31540972222222224 0.09271875000000004 0.15201388888888887
19 0.26358203125 0.35357638888888887 0.060789062499999956 0.13004166666666667
19 0.30187109375000004 0.31877777777777777 0.02369531250000003 0.0512777777777778
19 0.4447265625 0.20123611111111114 0.044296875000000034 0.06363888888888888
14 0.3679765625 0.2735625 0.06387499999999999 0.20823611111111112
19 0.40676562499999996 0.22703472222222223 0.021468750000000016 0.05815277777777778
19 0.6349140624999999 0.3334861111111111 0.014906249999999944 0.025444444444444436
19 0.19671484374999998 0.1387638888888889 0.06499218749999999 0.0861388888888889
19 0.27551562500000004 0.06802777777777777 0.10106250000000001 0.13605555555555554
19 0.32759375 0.01857638888888889 0.050484375000000005 0.03715277777777778
19 0.55629296875 0.06792361111111112 0.011335937499999994 0.025652777777777778
19 0.6114921875 0.09109027777777777 0.00929687500000007 0.020347222222222232
19 0.64941015625 0.02813194444444445 0.015023437500000014 0.021625000000000002
17 0.5765546875 0.028534722222222225 0.10014062500000005 0.05706944444444445