14 0.66796875 0.9708333333333333 0.10703125 0.058333333333333334
19 0.56140625 0.9287986111111112 0.08748437500000002 0.14240277777777774
17 0.4812265625 0.9592152777777778 0.08823437500000005 0.08156944444444447
17 0.296875 0.9534722222222223 0.0828125 0.09305555555555556
16 0.317578125 0.8597222222222223 0.19609375 0.28055555555555556
19 0.4867734375 0.8081180555555556 0.10110937500000006 0.17245833333333344
19 0.61641015625 0.7515000000000001 0.08577343749999997 0.13561111111111118
19 0.19420703125000002 0.8837499999999999 0.08282031250000002 0.19249999999999987
19 0.38947656249999996 0.8244097222222223 0.14075000000000001 0.24806944444444454
2 0.22475390625 0.8191458333333332 0.17483593749999998 0.23943055555555562
19 0.33570703125 0.6723958333333333 0.22805468750000008 0.30718055555555557
16 0.4408359375 0.6112638888888889 0.11162500000000004 0.1864166666666667
19 0.44926953124999996 0.6944097222222223 0.07171093749999997 0.09490277777777775
7 0.5796445312499999 0.6624583333333334 0.16274218749999997 0.16052777777777777
8 0.777859375 0.6449583333333333 0.034531250000000034 0.1120833333333334
15 0.73855859375 0.5350763888888889 0.061101562500000026 0.19029166666666666
19 0.76123046875 0.7085277777777778 0.020476562500000028 0.044722222222222205
19 0.27384375 0.4703472222222222 0.06673437499999997 0.09347222222222216
19 0.507640625 0.5297569444444444 0.11425 0.1707083333333333
19 0.6051015625 0.5264097222222222 0.08185937499999998 0.10070833333333332
9 0.64791015625 0.4599097222222222 0.12333593749999991 0.2715138888888889
19 0.41846875 0.43959027777777776 0.10212500000000002 0.22954166666666664
19 0.5506523437499999 0.31679166666666664 0.04833593749999991 0.1546944444444444
19 0.36901953125000003 0.35105555555555557 0.03033593750000003 0.17675
17 0.1155234375 0.10715972222222223 0.08629687499999998 0.1495972222222222
19 0.41716015625 0.5758819444444444 0.06275781249999998 0.0895416666666667
17 0.444453125 0.15888888888888889 0.09484375000000003 0.11416666666666665
19 0.19725390625 0.26479861111111114 0.07778906249999999 0.17154166666666665
19 0.5373046875 0.16013888888888891 0.07242187500000004 0.16138888888888886
19 0.45856640624999995 0.035729166666666666 0.09067968749999995 0.07145833333333333
19 0.326484375 0.013541666666666667 0.03265624999999996 0.027083333333333334
19 0.541203125 0.043618055555555556 0.08256250000000005 0.08723611111111111
12 0.6456640625 0.07275000000000001 0.09710937499999997 0.14550000000000002
19 0.67432421875 0.15745833333333334 0.04921093750000001 0.0863333333333333
19 0.71414453125 0.04778472222222222 0.05383593750000006 0.09556944444444444
7 0.78347265625 0.06965277777777777 0.10241406249999993 0.13930555555555554