17 0.30174609375 0.9828472222222222 0.08713281249999998 0.03430555555555562
18 0.2566015625 0.8499444444444445 0.15390625 0.3001111111111111
19 0.36497265625 0.8676805555555556 0.047554687500000005 0.1326944444444444
19 0.427046875 0.8175902777777777 0.07270312499999995 0.13351388888888904
2 0.5396171875 0.8240972222222223 0.16057812499999996 0.19502777777777788
19 0.5644921875 0.8852638888888889 0.03693749999999998 0.09588888888888884
19 0.64765234375 0.7332569444444446 0.09077343750000004 0.16762500000000008
14 0.7158632812500001 0.7546111111111112 0.06499218750000005 0.14827777777777776
16 0.38448828125 0.9463125 0.08527343750000002 0.10737499999999993
17 0.22537109374999997 0.7629513888888889 0.0692265625 0.10056944444444456
14 0.34227734375 0.612125 0.0692265625 0.08405555555555554
7 0.45134765625 0.6296875 0.15028906250000004 0.21170833333333341
19 0.571296875 0.6820416666666667 0.08053124999999994 0.10047222222222227
19 0.5697421874999999 0.5555833333333333 0.05098437499999999 0.13811111111111118
0 0.27815234375000003 0.48739583333333325 0.08161718750000002 0.14884722222222216
18 0.44409375000000006 0.47372222222222227 0.11337499999999996 0.2110555555555556
14 0.52646875 0.5195694444444444 0.07598437499999999 0.17886111111111108
17 0.560265625 0.4112291666666667 0.09917187500000005 0.14740277777777777
11 0.6650039062499999 0.41588888888888886 0.11253906249999997 0.10472222222222219
17 0.42111328124999997 0.3436458333333334 0.07528906250000005 0.18762500000000004
14 0.2952578125 0.25427777777777777 0.162234375 0.27077777777777784
19 0.27916796875000005 0.39033333333333337 0.04080468750000001 0.06755555555555554
2 0.3509765625 0.4657569444444445 0.07809375000000003 0.15634722222222214
16 0.17090234375 0.16045138888888885 0.14649218749999998 0.28804166666666664
2 0.6367421875 0.31898611111111114 0.21682812499999998 0.2740833333333334
16 0.48859765625000007 0.2538472222222222 0.06341406250000006 0.09341666666666665
19 0.37897265625000004 0.15404166666666666 0.10997656250000003 0.2575277777777778
19 0.45603515625 0.10826388888888891 0.13982031250000002 0.20894444444444443
15 0.29858593750000006 0.1163888888888889 0.11185937500000005 0.20277777777777778
18 0.5933203125 0.12347916666666667 0.13678124999999994 0.24695833333333334
18 0.78784765625 0.06403472222222222 0.09422656250000001 0.12806944444444443
19 0.68298046875 0.03791666666666667 0.12563281249999997 0.07583333333333334