19 0.5446875 0.9841180555555554 0.038124999999999964 0.03176388888888874
19 0.2339765625 0.9763055555555554 0.08126562499999998 0.04738888888888874
19 0.53047265625 0.9124374999999999 0.26411718749999996 0.1751249999999999
18 0.6977343749999999 0.8584513888888889 0.21984375000000006 0.2651527777777779
2 0.48006249999999995 0.9705138888888889 0.09440624999999994 0.05897222222222227
17 0.226953125 0.9340277777777778 0.05859375 0.13194444444444445
2 0.22199609374999998 0.8384513888888889 0.06892968750000002 0.11273611111111122
19 0.34069531249999996 0.7929236111111112 0.06614062499999998 0.11306944444444456
19 0.41539453125000003 0.73875 0.09671093749999997 0.14952777777777781
19 0.5005507812500001 0.8770416666666667 0.09191406250000007 0.1668333333333332
10 0.5836718750000001 0.7505902777777778 0.159375 0.19365277777777787
18 0.7628828125 0.6987569444444445 0.10912499999999996 0.2541527777777778
17 0.5275703125 0.6225347222222223 0.05845312499999995 0.11487500000000005
19 0.40662890625000003 0.5773958333333333 0.12477343750000003 0.2072083333333334
19 0.65928515625 0.5376319444444445 0.19049218749999994 0.2960972222222223
19 0.58342578125 0.5122569444444445 0.06617968750000003 0.11437500000000003
19 0.2317734375 0.46912499999999996 0.06259375 0.1143888888888889
19 0.407703125 0.43630555555555556 0.056984375000000045 0.11275000000000009
19 0.4656874999999999 0.40486805555555555 0.052390624999999955 0.057124999999999995
19 0.221203125 0.33605555555555555 0.07582812499999998 0.15113888888888888
19 0.17333203125000002 0.3115486111111111 0.02297656250000002 0.03404166666666665
19 0.30652734375 0.3862986111111111 0.08578906249999996 0.17020833333333332
19 0.3828125 0.31359027777777776 0.048249999999999994 0.1007638888888889
19 0.45745312500000007 0.2650486111111111 0.10425000000000004 0.167875
19 0.2162265625 0.17743055555555556 0.08426562500000001 0.14708333333333332
19 0.2885546875 0.25344444444444447 0.063671875 0.26188888888888884
19 0.325328125 0.2747847222222222 0.0774375 0.11845833333333336
19 0.58269921875 0.19105555555555556 0.08352343750000006 0.23961111111111108
0 0.38051171875000006 0.2414236111111111 0.057445312500000026 0.06262500000000004
17 0.32150390625 0.17725000000000002 0.045273437500000034 0.09577777777777775
17 0.5425078125 0.25980555555555557 0.08731249999999999 0.11030555555555557
5 0.34678515625 0.11193055555555556 0.06433593750000002 0.11763888888888888
2 0.41387890625 0.11805555555555555 0.13235156250000002 0.2361111111111111
2 0.65606640625 0.11683333333333334 0.10202343749999994 0.14705555555555555
12 0.718578125 0.052708333333333336 0.10199999999999995 0.10541666666666667
19 0.6018359375 0.0678125 0.06342187500000004 0.12418055555555554
19 0.446953125 0.11722222222222223 0.18937500000000002 0.23444444444444446
2 0.6738046875 0.07298611111111111 0.12082812500000006 0.14597222222222223