19 0.267578125 0.9875 0.07265625 0.025
14 0.44813671875 0.9023958333333334 0.09242968749999995 0.1661805555555557
19 0.73659375 0.9641527777777777 0.06165625000000006 0.0716944444444443
9 0.29783203125 0.8934097222222223 0.16089843750000005 0.21318055555555557
19 0.49594531249999996 0.9747986111111111 0.015453124999999979 0.02290277777777779
10 0.799671875 0.8162152777777777 0.07126562500000003 0.2119305555555555
15 0.3548671875 0.73875 0.08881250000000004 0.1196666666666667
19 0.57857421875 0.6682847222222221 0.0826171875 0.28012500000000007
19 0.58020703125 0.7715694444444444 0.05239843749999995 0.12419444444444447
19 0.33843359375 0.6385069444444444 0.10013281249999997 0.13140277777777779
3 0.5212734375 0.512888888888889 0.20414062499999996 0.27911111111111114
17 0.41624609375 0.5772569444444444 0.04875781250000002 0.08390277777777773
16 0.784140625 0.6274027777777778 0.1388593750000001 0.2514166666666666
19 0.855796875 0.7456805555555556 0.010015625000000129 0.02269444444444433
19 0.3420078125 0.4893472222222222 0.03035937500000001 0.060388888888888916
19 0.2591171875 0.4655486111111111 0.11950000000000002 0.22998611111111117
19 0.387984375 0.45243055555555556 0.03399999999999999 0.06411111111111106
0 0.6222187499999999 0.43865277777777784 0.06817187499999999 0.12491666666666675
11 0.4450390625000001 0.22975 0.08976562500000007 0.29466666666666663
12 0.5975937499999999 0.2721736111111111 0.12498437500000001 0.19823611111111114
12 0.5001328125 0.2073402777777778 0.09284374999999993 0.19004166666666672
19 0.36193749999999997 0.2738541666666667 0.03956249999999999 0.046152777777777806
19 0.34781249999999997 0.17156944444444444 0.10984375000000002 0.16730555555555554
19 0.6631171874999999 0.3273333333333333 0.023609375000000023 0.10549999999999997
19 0.6512617187499999 0.24526388888888886 0.04482031249999992 0.07330555555555551
19 0.38724218749999995 0.06361805555555554 0.08345312499999995 0.1192361111111111
19 0.5417734375000001 0.10740277777777778 0.23179687500000004 0.21480555555555556
15 0.700890625 0.053541666666666675 0.103125 0.09541666666666668
19 0.87860546875 0.140625 0.021742187499999944 0.023805555555555538
10 0.3254296875 0.08450694444444444 0.06696875000000002 0.16901388888888888
19 0.29143359375 0.010333333333333333 0.021632812500000043 0.020666666666666667
17 0.63109375 0.16461805555555553 0.043265625000000085 0.10256944444444444
18 0.3296875 0.95625 0.06015625 0.0875