19 0.2286640625 0.9065208333333332 0.17407812500000003 0.1869583333333335
3 0.70815234375 0.87925 0.21207031250000002 0.24150000000000016
19 0.173046875 0.9548611111111112 0.04765625 0.09027777777777778
19 0.4128046875 0.9302291666666667 0.095640625 0.1395416666666667
19 0.5244687499999999 0.9784583333333333 0.03049999999999997 0.04308333333333331
10 0.3318203125 0.8844791666666667 0.05514062500000003 0.22940277777777787
17 0.5496484375 0.8449375 0.07279687500000005 0.13920833333333335
19 0.45112109375000004 0.844576388888889 0.06286718750000002 0.06804166666666668
19 0.46379296875 0.8116527777777778 0.017648437499999937 0.041083333333333236
19 0.39174609374999997 0.8105277777777778 0.06286718749999998 0.0981944444444445
19 0.49765234375 0.7554027777777778 0.09600781250000008 0.12941666666666676
19 0.1651640625 0.6955208333333333 0.06617187499999999 0.1274583333333333
10 0.7201171875 0.5854583333333333 0.2514531250000001 0.25652777777777785
10 0.28870312499999995 0.6301875 0.07612500000000004 0.24515277777777778
11 0.557078125 0.6396388888888889 0.1764687500000001 0.11372222222222221
19 0.22288671875000002 0.5896388888888888 0.07941406249999998 0.1882222222222222
19 0.41240625 0.7112291666666667 0.09375 0.1764305555555555
17 0.388859375 0.6112083333333334 0.07834374999999998 0.11569444444444438
17 0.45579687500000005 0.5423541666666667 0.05851562500000007 0.1605138888888888
19 0.33142187500000003 0.6082708333333333 0.051999999999999956 0.12156944444444441
19 0.38998046875000003 0.47231944444444446 0.09816406249999998 0.1353055555555555
19 0.79906640625 0.4603888888888889 0.08735156250000005 0.18855555555555553
19 0.5940234375 0.43745138888888896 0.13345312499999995 0.2115694444444445
19 0.47471484375 0.43367361111111113 0.07942968750000005 0.18318055555555554
19 0.29806640624999997 0.43977083333333333 0.07500781249999999 0.1298194444444445
19 0.26883593749999996 0.43119444444444444 0.07610937499999997 0.11569444444444438
17 0.68249609375 0.41817361111111107 0.07569531250000008 0.14954166666666666
17 0.6441328125 0.2622708333333333 0.03392187500000006 0.06565277777777775
19 0.6862929687499999 0.18703472222222225 0.09264843749999993 0.344625
19 0.70948828125 0.31006944444444445 0.07278906250000006 0.11999999999999997
19 0.8072070312500002 0.3377847222222222 0.051617187500000036 0.09176388888888892
19 0.5104374999999999 0.26243055555555556 0.08837499999999991 0.16902777777777775
19 0.42107031250000004 0.3437291666666667 0.048968750000000005 0.111625
19 0.5166015625 0.19363194444444443 0.26898437499999994 0.38726388888888885
19 0.24957812499999998 0.31107638888888894 0.024265624999999957 0.0352916666666667
18 0.15915234374999998 0.06986111111111111 0.13763281249999998 0.13194444444444445
18 0.35636328125 0.06559027777777778 0.09528906249999998 0.13118055555555555
17 0.2564375 0.06559027777777778 0.07014062499999998 0.13118055555555555
19 0.37316796874999997 0.3411388888888889 0.014695312499999957 0.024972222222222246
14 0.5051953124999999 0.144375 0.08835937499999993 0.13430555555555557