17 0.45934765625 0.9494444444444444 0.07307031249999998 0.10111111111111105
2 0.53662109375 0.9517013888888889 0.09119531250000001 0.09659722222222215
16 0.6640625 0.9229166666666667 0.15234375 0.15416666666666667
17 0.78182421875 0.9551944444444445 0.08269531249999992 0.08961111111111109
19 0.21569140625 0.8657222222222223 0.07346093749999998 0.11558333333333337
3 0.47246484375 0.7668819444444444 0.20413281249999998 0.31259722222222214
19 0.364015625 0.7175 0.06492187500000002 0.27502777777777776
19 0.733453125 0.8606041666666666 0.0625 0.041597222222222285
19 0.260296875 0.7445555555555556 0.06585937499999997 0.11291666666666661
17 0.5668593749999999 0.5940625 0.17018749999999994 0.2719027777777778
0 0.29838671875 0.6154097222222222 0.06686718750000002 0.15009722222222213
19 0.17787890625 0.6614097222222222 0.0724296875 0.1456527777777778
14 0.403203125 0.5262638888888889 0.08812499999999997 0.20947222222222214
18 0.7241054687499999 0.4457291666666666 0.07196093749999992 0.26104166666666667
10 0.5544296875 0.3583819444444444 0.12364062499999999 0.25554166666666667
2 0.45005468750000005 0.36018055555555556 0.16007812500000002 0.1582777777777778
14 0.46322656250000005 0.4843541666666667 0.04053125000000009 0.06123611111111116
14 0.64246875 0.15740277777777778 0.11040624999999996 0.2828611111111111
18 0.67083203125 0.3808958333333333 0.08005468750000003 0.17098611111111112
10 0.72197265625 0.24027777777777778 0.06277343749999993 0.1638888888888889
19 0.49352343750000005 0.18815972222222221 0.10842187499999997 0.20340277777777777
19 0.82634375 0.17395833333333333 0.07699999999999996 0.12458333333333332
19 0.7688828125 0.16452083333333334 0.06385937500000001 0.0689027777777778
19 0.8266718750000001 0.06520833333333334 0.07973437499999995 0.13041666666666668
19 0.40355078125 0.09313194444444443 0.08003906250000004 0.14590277777777774