12 0.52114453125 0.6536875000000001 0.1589609375 0.2584583333333334
14 0.345640625 0.26429166666666665 0.17699999999999996 0.32636111111111105
14 0.21266796875000002 0.3416666666666667 0.06583593749999998 0.10186111111111115
18 0.16753515625 0.3337847222222222 0.07132031250000001 0.1365416666666667
14 0.70034375 0.19275 0.08353125000000006 0.13894444444444448
14 0.7500195312500001 0.12414583333333332 0.06886718750000007 0.0844861111111111
17 0.21453125 0.1967986111111111 0.07609374999999999 0.08501388888888887
7 0.29980859375 0.10957638888888889 0.07689843750000006 0.15543055555555554
18 0.51590234375 0.10509027777777778 0.1010859374999999 0.15804166666666666
19 0.6445234375 0.12107638888888889 0.07162500000000005 0.168875
19 0.5844296875 0.12915972222222222 0.06067187500000006 0.08195833333333333
18 0.34186328125000004 0.06590277777777778 0.05232031250000002 0.09663888888888891
17 0.45407421875000004 0.06296527777777777 0.05033593750000005 0.09509722222222222
19 0.75233984375 0.048201388888888884 0.053648437500000055 0.09429166666666669
17 0.22583984375 0.10755555555555556 0.07436718749999997 0.1223888888888889
18 0.27272265625 0.034305555555555554 0.08585156249999999 0.06861111111111111
18 0.7682890625 0.30961805555555555 0.07242187500000004 0.07412500000000001
19 0.57403515625 0.041874999999999996 0.12678906249999997 0.08374999999999999
15 0.663953125 0.030493055555555554 0.04937500000000004 0.06098611111111111
1 0.68711328125 0.06586111111111112 0.033523437500000065 0.10077777777777779
16 0.7642070312500001 0.9029166666666667 0.2033046875000001 0.1941666666666666
14 0.48908593749999996 0.9721666666666665 0.10862499999999997 0.055666666666666566
8 0.3086640625 0.9308472222222222 0.22485937499999994 0.13830555555555546
16 0.587328125 0.8628611111111111 0.11168750000000002 0.1969444444444444
14 0.4034765625 0.8495694444444444 0.09507812500000004 0.22188888888888889
2 0.5073203125 0.8087222222222222 0.03989062499999996 0.13194444444444445
19 0.179296875 0.9555555555555556 0.08125 0.08888888888888889
18 0.20484765624999998 0.8074305555555555 0.056757812499999984 0.21722222222222226
19 0.6975820312500001 0.8602847222222222 0.15013281250000005 0.26643055555555545
19 0.58763671875 0.5425208333333333 0.22260156250000004 0.44454166666666656
19 0.2418515625 0.5401388888888888 0.178234375 0.30124999999999996
10 0.7315859375 0.4212083333333333 0.13656249999999998 0.2641944444444445
19 0.44834765625 0.4194097222222223 0.13688281250000003 0.24337500000000004
14 0.60190234375 0.41445833333333326 0.13385156249999994 0.17308333333333334
17 0.4771328125 0.7595555555555555 0.03510937500000004 0.06763888888888896
18 0.4215546875 0.7200902777777778 0.09895312500000002 0.13268055555555552
12 0.53304296875 0.31625000000000003 0.11139843749999993 0.1788888888888889
8 0.66412890625 0.6601805555555554 0.04846093749999998 0.1034444444444444