3 0.30941406250000003 0.9251736111111111 0.128515625 0.14965277777777777
19 0.399609375 0.9875 0.07265625 0.025
19 0.3325234375 0.869173611111111 0.09576562500000003 0.18754166666666663
19 0.46236718750000005 0.9078333333333333 0.07964062500000005 0.18433333333333338
17 0.48820312499999996 0.7105347222222222 0.06781249999999997 0.16801388888888893
7 0.7768710937500001 0.5995277777777778 0.10969531250000006 0.2709444444444445
19 0.33374609375000003 0.543701388888889 0.09546093750000004 0.14509722222222227
19 0.53508984375 0.7439097222222222 0.07419531250000003 0.1828194444444445
19 0.42174999999999996 0.4901319444444444 0.08993749999999996 0.11668055555555554
19 0.41422265625000004 0.37133333333333335 0.09505468750000001 0.12002777777777776
19 0.50251953125 0.3759305555555555 0.058632812499999964 0.08463888888888893
19 0.5690937500000001 0.4113958333333333 0.12440625000000001 0.1685972222222222
19 0.4902265625 0.42386111111111113 0.013843750000000021 0.026055555555555544
17 0.22458203124999998 0.3568888888888889 0.08372656249999999 0.10877777777777772
19 0.21280859375 0.23581944444444444 0.10219531249999998 0.15891666666666668
19 0.259296875 0.1522916666666667 0.10093750000000004 0.19152777777777782
19 0.430171875 0.17240277777777777 0.05301562499999992 0.0939722222222222
19 0.5625390625 0.12525 0.08289062499999993 0.2405
19 0.6853125 0.22472222222222224 0.10984374999999993 0.19916666666666663
19 0.38665234374999996 0.3338611111111111 0.03127343749999998 0.05050000000000002
12 0.27572265625 0.061215277777777785 0.11313281249999996 0.12243055555555557
19 0.39519140625 0.08072916666666667 0.08527343749999998 0.16145833333333334
7 0.47286718750000006 0.052958333333333336 0.11398437500000007 0.10591666666666667
18 0.11199218749999999 0.13903472222222224 0.10217187500000002 0.2780694444444445