19 0.99477734375 0.01670138888888889 0.010445312499999915 0.03340277777777778
19 0.49564062499999995 0.9546597222222223 0.16487499999999997 0.0906805555555555
13 0.32140625 0.8530555555555555 0.17640624999999996 0.29388888888888887
2 0.50111328125 0.7698125 0.24772656249999994 0.41984722222222215
10 0.6212890625 0.8914722222222222 0.07214062499999993 0.21705555555555553
3 0.77575390625 0.8534999999999999 0.1061640624999999 0.12713888888888883
19 0.22069140625 0.9204722222222222 0.01727343750000001 0.05297222222222236
19 0.26901953125 0.7927361111111111 0.06966406249999997 0.12941666666666676
14 0.26230859375 0.7051458333333334 0.06289843749999999 0.09362499999999996
3 0.30605078125 0.6689166666666667 0.11117968749999996 0.1335000000000001
10 0.40648046875000005 0.6245694444444444 0.11602343749999999 0.11994444444444446
12 0.60635546875 0.5530277777777778 0.08333593750000005 0.15138888888888888
19 0.6852031249999999 0.5425277777777778 0.11974999999999998 0.22952777777777778
19 0.73651953125 0.48267361111111107 0.055679687499999984 0.14168055555555553
19 0.55926171875 0.3664583333333334 0.05363281250000007 0.1364166666666667
19 0.40524609375000004 0.5272569444444445 0.06657031250000003 0.12431944444444443
19 0.40282421875 0.4194513888888889 0.06436718750000003 0.13818055555555556
19 0.350859375 0.5267222222222222 0.027656249999999983 0.04658333333333328
19 0.34585546875 0.43163888888888885 0.0697265625 0.13524999999999998
18 0.2998984375 0.3947638888888889 0.08379687499999999 0.1467222222222222
19 0.254203125 0.3636944444444445 0.083875 0.15391666666666662
18 0.193296875 0.4083263888888889 0.04456249999999999 0.09223611111111106
6 0.32632031249999993 0.22929166666666664 0.13345312499999995 0.21586111111111106
19 0.454359375 0.2975833333333333 0.05909375000000008 0.15708333333333335
19 0.51278515625 0.23477777777777778 0.06027343750000007 0.10149999999999998
19 0.62055078125 0.24838194444444445 0.06858593749999997 0.11406944444444443
18 0.71280078125 0.16333333333333333 0.13517968749999998 0.32666666666666666
19 0.8198671875000001 0.1524652777777778 0.10589062499999997 0.20090277777777782
12 0.30312109375 0.04440277777777778 0.08630468750000002 0.08880555555555555
19 0.53108203125 0.08990972222222222 0.12580468749999998 0.17981944444444445
19 0.6339726562499999 0.09424305555555557 0.07607031249999992 0.18848611111111113
10 0.369421875 0.015250000000000001 0.024781250000000022 0.030500000000000003
18 0.11199218749999999 0.13903472222222224 0.10217187500000002 0.2780694444444445