15 0.53933984375 0.8771597222222222 0.06286718750000002 0.17059722222222212
3 0.33876171874999994 0.8102569444444444 0.09388281249999997 0.14995833333333336
12 0.693984375 0.73675 0.10531249999999996 0.17161111111111105
10 0.6011015625 0.34059722222222216 0.06801562499999995 0.2915
19 0.240546875 0.25747916666666665 0.22531249999999997 0.39634722222222224
11 0.37437109375 0.4250347222222222 0.044992187500000023 0.10559722222222219
18 0.671171875 0.2302777777777778 0.10203124999999993 0.3375
19 0.5142187500000001 0.40597916666666667 0.05 0.06804166666666668
18 0.64383203125 0.14577083333333332 0.029117187499999985 0.05645833333333334
11 0.5379531249999999 0.18224305555555556 0.06353124999999996 0.11059722222222222
12 0.72324609375 0.05288888888888889 0.0767578125 0.10577777777777778
12 0.45457421875000004 0.1092986111111111 0.06352343749999996 0.11059722222222222
12 0.377140625 0.09053472222222222 0.13103125000000002 0.18106944444444445
12 0.3359609375 0.5546319444444444 0.11510937500000003 0.2057361111111111
11 0.78483203125 0.02834722222222222 0.045039062500000074 0.05669444444444444
12 0.43100390624999996 0.1854444444444444 0.06064843750000008 0.09244444444444445
19 0.43226562500000004 0.4269236111111111 0.051718750000000036 0.11115277777777774
19 0.12076171875 0.2946736111111111 0.1258203125 0.5893472222222222