19 0.7015625 0.9402777777777778 0.07265625 0.11944444444444445
19 0.574609375 0.9006944444444445 0.1390625 0.1986111111111111
12 0.337890625 0.9840277777777777 0.0578125 0.03194444444444444
19 0.35465234375000004 0.8868541666666668 0.18458593750000002 0.09462500000000015
19 0.38469921875 0.7363402777777778 0.04967968750000003 0.12845833333333334
19 0.5144296875000001 0.6905416666666667 0.23046875 0.4368888888888888
19 0.5169218750000001 0.7163055555555555 0.20984374999999994 0.40508333333333346
8 0.6355156249999999 0.7594166666666666 0.08421874999999997 0.17513888888888884
19 0.34443359375 0.6999166666666666 0.05353906249999998 0.0970833333333333
19 0.6639804687499999 0.5582569444444444 0.09010156249999994 0.14398611111111106
14 0.8476328125 0.6886041666666666 0.18039062500000008 0.2666805555555555
19 0.6349023437500001 0.5894375000000001 0.025757812500000022 0.0457916666666667
19 0.52413671875 0.45999305555555553 0.11416406250000008 0.12609722222222217
19 0.43326562500000004 0.4286736111111111 0.051515625000000044 0.08973611111111113
19 0.23072656250000004 0.3436736111111111 0.05943750000000003 0.392375
9 0.2706484375 0.30647222222222226 0.14624999999999996 0.21305555555555553
11 0.6123632812500001 0.46465972222222224 0.14763281250000002 0.19909722222222226
19 0.69399609375 0.43125 0.09872656249999992 0.11688888888888885
12 0.44910156249999994 0.3748194444444444 0.08759374999999991 0.17616666666666672
10 0.7479179687499999 0.32817361111111115 0.09694531249999994 0.09706944444444446
19 0.8208593750000001 0.12361111111111112 0.16328125 0.24722222222222223
19 0.53615625 0.17930555555555555 0.19606250000000003 0.3586111111111111
19 0.4265390625 0.2121111111111111 0.06799999999999998 0.15450000000000003
19 0.32198828125 0.19292361111111112 0.16352343749999995 0.23831944444444442
19 0.585359375 0.32481944444444444 0.05459375000000009 0.08241666666666671
15 0.66659375 0.24120833333333336 0.14665625000000002 0.3329722222222222
19 0.2446171875 0.057 0.15453124999999998 0.114
19 0.37009765625 0.0644375 0.09889843749999998 0.12109722222222222
19 0.40409765625 0.10960416666666667 0.09024218749999999 0.13187500000000002
19 0.44056640625 0.030625 0.06922656249999992 0.06125
19 0.63404296875 0.022680555555555554 0.03585156250000008 0.04197222222222222
7 0.88053515625 0.020680555555555556 0.0447265625 0.03525