19 0.99477734375 0.01670138888888889 0.010445312499999915 0.03340277777777778
19 0.73053515625 0.9900694444444444 0.023929687500000085 0.019861111111111048
19 0.6437226562499999 0.8338819444444444 0.12019531249999993 0.3322361111111112
19 0.68092578125 0.9585138888888889 0.09357031249999999 0.08297222222222224
19 0.46378906249999996 0.9369375000000001 0.150578125 0.12612499999999993
19 0.3805390625 0.9607222222222223 0.04129687499999997 0.07855555555555548
19 0.5487109375 0.9767013888888889 0.018312500000000044 0.04018055555555564
19 0.29664843750000003 0.9648611111111111 0.12984375000000004 0.07027777777777765
19 0.3710234375 0.8816666666666667 0.03607812499999996 0.08075000000000014
19 0.520609375 0.7331944444444444 0.09251562500000006 0.16052777777777777
19 0.6029726562500001 0.7626944444444445 0.033117187500000075 0.07574999999999996
19 0.38345703125 0.5814999999999999 0.049023437500000044 0.15772222222222215
18 0.34562109375 0.5280416666666666 0.07150781249999998 0.1463611111111111
18 0.50396484375 0.5484791666666666 0.15688281249999997 0.25679166666666664
19 0.7055546875 0.48525 0.09281249999999996 0.23663888888888887
10 0.45491796875000007 0.4098611111111111 0.1461015625 0.24288888888888888
12 0.41614843749999997 0.3411597222222222 0.16500000000000004 0.22637500000000002
19 0.35052734375 0.46047916666666666 0.033320312499999984 0.04912500000000001
19 0.33810937500000005 0.40736111111111106 0.015578125000000043 0.0313055555555555
19 0.3625625 0.28138888888888886 0.07721874999999997 0.14
19 0.4866953124999999 0.19138888888888891 0.07489062499999992 0.16027777777777777
18 0.6002109375000001 0.13780555555555554 0.18489062500000006 0.20700000000000002
18 0.4599609375 0.11015277777777778 0.12289062499999996 0.14225000000000002
19 0.49033203125 0.05944444444444444 0.21800781249999995 0.11888888888888888
18 0.23976953124999997 0.07035416666666666 0.11527343749999999 0.14070833333333332
17 0.8055546875000001 0.05363888888888889 0.08635937499999997 0.10727777777777778
18 0.11199218749999999 0.13903472222222224 0.10217187500000002 0.2780694444444445