19 0.647265625 0.9673611111111111 0.0640625 0.06527777777777778
12 0.49150390625 0.9164513888888889 0.10046093749999993 0.16709722222222215
12 0.5761015625 0.9445902777777778 0.070703125 0.11081944444444439
10 0.4158046875 0.9571388888888889 0.068359375 0.08572222222222226
2 0.20237890624999996 0.9368472222222222 0.1925859375 0.12630555555555564
19 0.27531640625 0.7743055555555556 0.17577343750000002 0.31097222222222226
19 0.42037890625 0.794798611111111 0.09794531249999996 0.21848611111111105
19 0.4930625 0.8716875000000001 0.08748437500000002 0.16729166666666673
10 0.71232421875 0.8480555555555556 0.08616406249999997 0.1478888888888889
13 0.5727578125000001 0.6980138888888889 0.20906249999999993 0.40633333333333327
13 0.7877734375000001 0.735138888888889 0.13031249999999997 0.2790277777777778
19 0.38034765625 0.6515277777777778 0.11435156249999996 0.2785833333333333
19 0.27394140625 0.5861944444444445 0.06597656250000003 0.12902777777777774
19 0.43795703125 0.5374166666666667 0.06286718750000002 0.09802777777777784
17 0.2938046875 0.47428472222222223 0.08603125 0.11765277777777783
19 0.202921875 0.38025 0.14382812500000003 0.33225000000000005
2 0.30599218749999996 0.21909722222222222 0.25864062499999996 0.43819444444444444
12 0.58543359375 0.35538194444444443 0.1358515624999999 0.2637083333333333
19 0.7378125 0.571861111111111 0.027578124999999964 0.04902777777777771
17 0.53861328125 0.2436736111111111 0.08074218749999992 0.12473611111111112
19 0.47308984374999996 0.20714583333333333 0.0714921875 0.16959722222222223
19 0.38700390625000003 0.2671736111111111 0.05042968750000001 0.09648611111111115
19 0.52862109375 0.12835416666666666 0.07689843750000006 0.11529166666666665
8 0.6200351562499999 0.12729166666666666 0.11028906250000006 0.14052777777777778
7 0.6995390625 0.035868055555555556 0.09282812499999996 0.07173611111111111
19 0.590625 0.028354166666666677 0.056984375000000045 0.05081944444444445
19 0.50652734375 0.05122916666666667 0.09099218750000002 0.09656944444444444
19 0.28401953125 0.26125 0.052414062500000025 0.096
19 0.330875 0.18361111111111109 0.04446874999999997 0.08752777777777777
19 0.31500781250000004 0.0890486111111111 0.02545312500000003 0.06218055555555557