19 0.53046875 0.9020833333333333 0.11171875 0.19583333333333333
19 0.60646875 0.9830972222222221 0.046531249999999955 0.03380555555555544
17 0.4744453125 0.9443680555555555 0.06893750000000001 0.11126388888888875
19 0.59005859375 0.8965694444444445 0.03546093750000008 0.0720555555555557
19 0.5616328125 0.7728333333333334 0.03951562499999994 0.1693055555555556
19 0.20797265625 0.8534861111111111 0.024320312499999996 0.03602777777777785
19 0.40078125 0.9923611111111111 0.01875 0.015277777777777777
8 0.6678867187499999 0.7853819444444444 0.21316406249999992 0.2841805555555555
7 0.26394531250000003 0.7426180555555555 0.12210937499999996 0.1272083333333333
17 0.45260937500000004 0.7867569444444444 0.08084375000000002 0.21395833333333328
19 0.35324999999999995 0.7467222222222222 0.051796874999999964 0.07819444444444439
19 0.681921875 0.5118888888888888 0.10617187500000007 0.18127777777777776
19 0.30708984375000004 0.5506388888888889 0.11988281250000003 0.28016666666666673
7 0.8126093749999999 0.6324722222222222 0.10832812499999997 0.3156111111111111
18 0.18455859375 0.6077638888888889 0.10182031250000004 0.18991666666666668
17 0.4318359375 0.5938958333333334 0.08145312499999999 0.1619861111111111
19 0.3499375 0.6430763888888889 0.014906250000000032 0.02826388888888892
19 0.446 0.4656597222222222 0.09873437499999996 0.15109722222222216
14 0.5400078125000001 0.5129791666666667 0.10817187500000003 0.15415277777777778
12 0.4936484375 0.3484513888888889 0.11504687499999999 0.17798611111111107
19 0.38257421875000003 0.174375 0.09766406250000004 0.34875
19 0.4341210937500001 0.20798611111111112 0.06457031250000007 0.11374999999999999
19 0.40500390625 0.11401388888888889 0.12800781249999998 0.14347222222222225