19 0.6485234375 0.9432708333333333 0.142984375 0.11345833333333341
14 0.26617968750000004 0.7152152777777778 0.06576562500000005 0.11043055555555555
17 0.31261328125000004 0.7907361111111112 0.06236718750000003 0.14377777777777775
16 0.48984375 0.9625 0.08515625 0.075
0 0.5453046874999999 0.9423888888888888 0.06551562499999992 0.11522222222222227
16 0.40768359375 0.9405972222222222 0.10007031249999998 0.11880555555555551
11 0.40056250000000004 0.8764930555555556 0.1386875 0.11079166666666664
18 0.45692578125 0.8308125000000001 0.03335156250000004 0.0468194444444445
11 0.21622265624999998 0.8773611111111111 0.1508828125 0.21416666666666673
19 0.279546875 0.9820555555555555 0.16184374999999998 0.035888888888888776
19 0.3007734375 0.9099791666666668 0.07306249999999999 0.09404166666666672
17 0.6948359375 0.7843680555555556 0.07873437499999998 0.16151388888888885
17 0.35887890625 0.6930000000000001 0.0633671875 0.13191666666666668
10 0.51417578125 0.6722708333333333 0.15955468750000001 0.08648611111111108
10 0.67984765625 0.6906527777777778 0.1197265625 0.23313888888888898
14 0.7589140624999999 0.7357152777777778 0.060765624999999976 0.11170833333333342
19 0.5867265625 0.6884374999999999 0.08446874999999991 0.14920833333333341
19 0.52976171875 0.6369583333333334 0.12105468750000004 0.14750000000000008
19 0.77555859375 0.5735902777777778 0.07660156249999997 0.13993055555555556
14 0.56788671875 0.5515347222222222 0.08814843749999994 0.10987500000000001
18 0.6347578125 0.5668472222222222 0.05978124999999999 0.10447222222222226
19 0.68945703125 0.41763194444444446 0.08407031249999992 0.1688194444444444
19 0.24064453125 0.4425833333333333 0.07394531249999999 0.10802777777777774
2 0.83181640625 0.38334722222222223 0.14386718750000008 0.21913888888888886
2 0.44580078125 0.49389583333333337 0.08308593749999993 0.16390277777777776
3 0.40223437500000003 0.4211875 0.08915625000000005 0.21915277777777772
2 0.5618046875 0.39056944444444447 0.19553125 0.27683333333333326
19 0.5157109375 0.41128472222222223 0.06890625000000003 0.1417083333333333
12 0.23962500000000003 0.2820625 0.11449999999999998 0.2053194444444445
17 0.44428125000000007 0.3153611111111111 0.08004687500000003 0.12794444444444444
16 0.72998046875 0.2356111111111111 0.13269531249999994 0.17577777777777778
19 0.5825546875 0.1392638888888889 0.15395312499999997 0.23880555555555555
17 0.418453125 0.1481875 0.07496875000000003 0.17029166666666667
18 0.3237109375 0.28783333333333333 0.07193750000000003 0.20822222222222217
3 0.68845703125 0.09114583333333333 0.09219531249999999 0.180125
7 0.789265625 0.087 0.19656249999999992 0.174
19 0.42503124999999997 0.029361111111111112 0.05978124999999999 0.058722222222222224