3 0.33710546875 0.9415833333333334 0.05094531250000003 0.11683333333333318
19 0.566359375 0.9144027777777778 0.08334375000000005 0.1703611111111112
15 0.6691874999999999 0.916611111111111 0.142 0.16677777777777766
16 0.47682812500000005 0.8898819444444444 0.17268749999999997 0.22023611111111102
14 0.2694296875 0.8990069444444445 0.09376562499999999 0.15790277777777786
16 0.751046875 0.8443819444444444 0.043859375000000075 0.06506944444444432
14 0.80997265625 0.8839722222222223 0.037742187499999955 0.03777777777777784
18 0.6970820312500001 0.7601597222222223 0.11982031249999991 0.17051388888888885
7 0.21864453125 0.6982152777777778 0.1621484375 0.31698611111111114
2 0.197 0.8098124999999999 0.08043749999999998 0.1659861111111111
2 0.624390625 0.758638888888889 0.06904687500000009 0.10105555555555554
19 0.30112890625 0.7081041666666668 0.06691406249999998 0.22051388888888895
19 0.37838671874999996 0.9153402777777779 0.0653203125 0.1273472222222223
0 0.36269921875 0.8073541666666666 0.08427343750000005 0.09737499999999986
2 0.47753125 0.6053194444444445 0.15132812500000004 0.3732500000000001
19 0.5638671875 0.7064444444444444 0.04556249999999995 0.12333333333333327
19 0.6204765624999999 0.6612222222222222 0.09948437499999993 0.1338611111111111
19 0.5486601562500001 0.5938749999999999 0.032914062500000084 0.05438888888888885
14 0.59576953125 0.6122847222222222 0.061539062499999984 0.10295833333333333
16 0.71491015625 0.5303333333333333 0.10861718749999998 0.19822222222222227
18 0.39253124999999994 0.48924999999999996 0.24507812500000004 0.39347222222222217
14 0.38947656249999996 0.6890555555555555 0.09375 0.10294444444444453
19 0.62258203125 0.5048125 0.07671093750000005 0.17204166666666668
19 0.25162109375 0.5454652777777778 0.04242968749999996 0.09362499999999996
19 0.3442578125 0.3992777777777778 0.18539062499999998 0.24911111111111112
18 0.33617187499999995 0.284375 0.24671874999999996 0.3179166666666666
10 0.74886328125 0.30217361111111113 0.13752343749999998 0.11704166666666664
17 0.65907421875 0.27616666666666667 0.05339843749999993 0.1508611111111111
12 0.49881640625 0.2086597222222222 0.06510156249999995 0.0652638888888889
12 0.5163203125 0.2985347222222222 0.0640625 0.12354166666666669
19 0.6053359375 0.27999305555555554 0.06225000000000005 0.13295833333333335
12 0.58351171875 0.18961111111111112 0.0859453125 0.1433888888888889
14 0.7822968750000001 0.17979861111111112 0.12853125000000007 0.12376388888888891
2 0.23469140624999998 0.2217361111111111 0.06000781249999996 0.11013888888888891
14 0.29196093749999996 0.17419444444444443 0.08837500000000001 0.10861111111111109
2 0.45512890624999996 0.21922916666666667 0.03657031249999996 0.11834722222222219
16 0.68846484375 0.14450694444444445 0.10972656250000004 0.1607361111111111
19 0.27347265625 0.031875 0.14852343750000002 0.06375
19 0.77596875 0.06275 0.13806249999999992 0.1255