19 0.26598828125 0.7068472222222222 0.2424765625 0.5863055555555555
19 0.72433203125 0.9624583333333334 0.18414843750000004 0.07508333333333325
19 0.51171875 0.9673611111111111 0.065625 0.06527777777777778
17 0.43546484375 0.9578402777777778 0.10588281249999998 0.08431944444444449
13 0.5403125 0.8128194444444444 0.2095625 0.35508333333333336
19 0.41203906250000005 0.862875 0.05625 0.09419444444444436
19 0.6213749999999999 0.9214236111111112 0.052437499999999915 0.10645833333333346
10 0.6588515625 0.7690416666666665 0.04456249999999997 0.12186111111111113
9 0.40101171874999997 0.6946111111111111 0.07996093749999997 0.1650277777777777
18 0.70341015625 0.7687916666666667 0.0751953125 0.10947222222222214
19 0.6432890625 0.6323611111111112 0.04320312499999997 0.07252777777777782
3 0.71421875 0.5452291666666665 0.21207812500000003 0.3492916666666666
19 0.18946875 0.5904027777777777 0.065203125 0.13374999999999992
19 0.41750781249999996 0.5714236111111112 0.08925000000000001 0.17815277777777774
19 0.52737890625 0.6059097222222222 0.03049218749999998 0.054847222222222235
10 0.33605078125000004 0.5109444444444444 0.05514843750000002 0.22941666666666677
17 0.5544296875000001 0.45408333333333334 0.07279687500000005 0.13922222222222225
19 0.45130859375000004 0.47663194444444446 0.06286718750000002 0.07451388888888885
19 0.46950390624999994 0.43447916666666664 0.017648437499999937 0.05293055555555558
19 0.40939453124999997 0.4392916666666667 0.06286718750000002 0.0981944444444445
19 0.49875781250000006 0.3786041666666667 0.09600000000000009 0.1294305555555556
19 0.1699453125 0.30075 0.06617187499999999 0.12744444444444447
10 0.7285703125 0.19888194444444443 0.23489062500000008 0.23306944444444444
10 0.295140625 0.26547916666666665 0.07612500000000004 0.24515277777777778
11 0.5581796875 0.26055555555555554 0.1764687500000001 0.11372222222222221
19 0.23942968750000002 0.2037013888888889 0.07940624999999998 0.20787500000000003
19 0.4230703125 0.3056736111111111 0.09375 0.1764305555555555
17 0.39935546875 0.22231944444444443 0.07721093750000003 0.10391666666666666
17 0.46167968750000005 0.15084722222222222 0.05851562500000007 0.1605277777777778
19 0.332078125 0.2291875 0.06396874999999999 0.12156944444444442
19 0.39549609375 0.0889861111111111 0.09816406250000002 0.13530555555555557
19 0.808546875 0.0782013888888889 0.08603124999999992 0.14901388888888892
19 0.60064453125 0.07733333333333334 0.13346093749999993 0.15466666666666667
19 0.46994531250000005 0.0724375 0.11029687500000004 0.144875
19 0.29016015624999997 0.07916666666666666 0.07500781249999999 0.09611111111111109
19 0.276375 0.04596527777777778 0.08271875 0.09193055555555556
17 0.6966015624999999 0.04890277777777778 0.07168749999999999 0.09780555555555556