17 0.3750234375 0.9704166666666666 0.053390625000000025 0.05916666666666654
12 0.60078125 0.9659722222222222 0.07109375 0.06805555555555555
8 0.8011484375 0.839326388888889 0.13343750000000004 0.3213472222222222
15 0.459375 0.9513888888888888 0.1125 0.09722222222222222
18 0.2697578125 0.9295069444444445 0.092875 0.1409861111111111
17 0.321484375 0.9260347222222223 0.06039062499999996 0.14654166666666665
0 0.6459921875 0.9123541666666667 0.04731249999999996 0.09156944444444454
19 0.6812109375 0.6937986111111111 0.16449999999999995 0.3913472222222222
19 0.18430859375000003 0.882888888888889 0.11222656249999999 0.1249444444444445
0 0.24792968750000002 0.7865416666666666 0.09746874999999999 0.10530555555555547
19 0.49145312499999994 0.6902361111111112 0.26375 0.4243888888888888
10 0.33740625 0.6444097222222223 0.04826562499999998 0.23584722222222215
2 0.21500000000000002 0.31660416666666663 0.15999999999999998 0.3867916666666667
2 0.61413671875 0.3473333333333333 0.16188281250000003 0.29327777777777775
19 0.5791953125 0.5664097222222222 0.07903125000000007 0.1577916666666667
3 0.4103359375 0.4143055555555555 0.20564062500000002 0.20461111111111105
2 0.53972265625 0.44057638888888895 0.06788281250000008 0.259375
17 0.43698437500000004 0.2406458333333333 0.06382812500000004 0.09726388888888884
19 0.389484375 0.26248611111111114 0.04818750000000001 0.0996944444444444
14 0.48783593750000004 0.20609027777777778 0.1063593749999999 0.12254166666666669
2 0.8147890625 0.10284722222222221 0.1969843749999999 0.20569444444444443
19 0.5393945312499999 0.12353472222222221 0.08146093749999998 0.17723611111111112
17 0.29002734375 0.06500694444444445 0.07442968749999998 0.1300138888888889
16 0.36729687499999997 0.07581944444444445 0.09495312499999997 0.1516388888888889
16 0.68183203125 0.035472222222222224 0.059945312500000014 0.07094444444444445
2 0.600359375 0.051236111111111114 0.109765625 0.10247222222222223
12 0.4213671875 0.04522916666666666 0.05065624999999998 0.09045833333333332
16 0.41039062499999995 0.15875 0.11820312499999996 0.12158333333333336
19 0.47160156249999996 0.023465277777777776 0.05487500000000001 0.04693055555555555
17 0.76414453125 0.023465277777777776 0.06077343749999997 0.04693055555555555
19 0.5986640624999999 0.24208333333333334 0.138453125 0.15305555555555553
19 0.19532812500000002 0.07052083333333334 0.10034375 0.14104166666666668