7 0.4643046875 0.9765625 0.12076562499999995 0.046875
19 0.6083671875000001 0.9350486111111111 0.04982812499999998 0.0895416666666667
19 0.49983984374999996 0.8608541666666667 0.13130468749999996 0.19712500000000008
11 0.22030078125000002 0.8325208333333333 0.14313281250000004 0.3313194444444444
14 0.82669921875 0.6917013888888889 0.0525390625 0.09187500000000005
11 0.8156132812500001 0.7494652777777778 0.07599218749999999 0.0630416666666668
14 0.44323437499999996 0.7086597222222223 0.097265625 0.16751388888888882
19 0.4791953125 0.5295 0.12093749999999996 0.26166666666666666
18 0.5862734375 0.433625 0.12921875000000008 0.35152777777777783
10 0.7079921875 0.45699999999999996 0.12576562500000002 0.28838888888888886
19 0.34062890625 0.39866666666666667 0.06986718750000005 0.1759166666666666
11 0.28043359375 0.3574722222222222 0.05960156249999997 0.28466666666666673
17 0.4239960937499999 0.3582638888888889 0.08642968750000005 0.10152777777777781
19 0.7441445312499999 0.22372916666666665 0.16108593749999994 0.18087500000000004
11 0.6561874999999999 0.12793055555555555 0.11215624999999996 0.2558611111111111
15 0.4580078125 0.2736805555555556 0.14943749999999997 0.16911111111111113
19 0.51628125 0.18904166666666664 0.12009375000000003 0.12224999999999997
3 0.22109375 0.12930555555555553 0.19578125000000002 0.25861111111111107
16 0.38196874999999997 0.050076388888888886 0.08510937500000004 0.10015277777777777
19 0.46401562500000004 0.06654166666666667 0.07457812500000002 0.13308333333333333
19 0.51502734375 0.0730486111111111 0.08794531249999996 0.11006944444444444
19 0.6103671875 0.029645833333333333 0.09568750000000001 0.059291666666666666
16 0.74862109375 0.07367361111111112 0.08653906249999999 0.11631944444444445
2 0.754953125 0.035270833333333335 0.11187500000000003 0.07054166666666667
5 0.44017578124999995 0.604298611111111 0.039664062499999986 0.0745416666666666