10 0.346203125 0.9304791666666665 0.07024999999999997 0.13904166666666654
7 0.6417539062500001 0.8874652777777778 0.05441406250000007 0.1641805555555556
19 0.28064062500000003 0.9393472222222221 0.07096875000000002 0.12130555555555544
19 0.46252734375 0.9136736111111111 0.06822656249999995 0.1645972222222222
19 0.56187890625 0.894736111111111 0.13280468750000002 0.21052777777777767
19 0.579109375 0.9840347222222222 0.08682812500000008 0.031930555555555566
19 0.24423046875 0.9558333333333334 0.019742187499999987 0.08394444444444452
19 0.31296093750000004 0.8288055555555556 0.05240625000000003 0.15141666666666664
19 0.5128945312500001 0.8152291666666666 0.05322656250000009 0.12056944444444437
19 0.6192109375 0.7912361111111111 0.03606250000000007 0.05647222222222233
12 0.47434765624999997 0.753361111111111 0.059242187499999946 0.1389444444444444
12 0.55168359375 0.6750555555555555 0.11850781250000005 0.14102777777777772
19 0.32275390625 0.6728611111111111 0.02369531250000003 0.07508333333333325
19 0.389421875 0.5513263888888889 0.23759375 0.1887361111111111
19 0.66717578125 0.5326597222222222 0.14713281249999993 0.33193055555555556
12 0.46615625000000005 0.6125624999999999 0.06284375000000005 0.1634583333333334
19 0.42853515625 0.6625486111111112 0.012851562500000035 0.02009722222222226
3 0.5936992187500001 0.5076666666666666 0.11228906250000001 0.13736111111111107
14 0.5483710937499999 0.45967361111111116 0.0710859375 0.12270833333333336
19 0.7208476562499999 0.3051736111111111 0.09063281249999999 0.17143055555555556
19 0.6742734375 0.2272847222222222 0.07160937500000006 0.08456944444444442
19 0.48138671874999994 0.21614583333333334 0.06839843749999996 0.22729166666666664
19 0.2849609375 0.20455555555555555 0.04914062499999998 0.14172222222222225
2 0.5438945312500001 0.35740972222222217 0.05933593750000003 0.12131944444444448
8 0.58626171875 0.2577083333333334 0.17017968749999995 0.2881944444444444
19 0.72798828125 0.16297916666666667 0.0619140625 0.15201388888888887
19 0.6337734375 0.07278472222222222 0.10404687500000005 0.14556944444444445
19 0.35716015625 0.034326388888888885 0.05769531250000002 0.06865277777777777
19 0.38835546875000004 0.10349305555555556 0.014414062500000036 0.022958333333333334
18 0.46479687500000005 0.06095833333333334 0.15576562500000005 0.12191666666666667
18 0.2799765625 0.012604166666666666 0.025968750000000006 0.025208333333333333