7 0.378125 0.9659722222222222 0.16484375 0.06805555555555555
17 0.8389531250000001 0.9869375 0.041312500000000085 0.026124999999999923
10 0.5875390625000001 0.8465277777777778 0.07179687500000007 0.30694444444444446
19 0.36202734375 0.9282222222222222 0.10657031250000001 0.1435555555555554
19 0.510453125 0.9780833333333334 0.06903124999999992 0.04383333333333326
16 0.79832421875 0.929111111111111 0.09505468750000005 0.14177777777777767
19 0.27156640625 0.9480486111111112 0.07077343750000002 0.1039027777777777
19 0.25559375 0.8510624999999999 0.058109375 0.11384722222222227
8 0.4484375 0.8233194444444444 0.22523437499999996 0.3405277777777779
19 0.644390625 0.8670347222222222 0.06412499999999995 0.07040277777777786
19 0.4572109375 0.5690833333333334 0.12440625000000001 0.1906944444444444
19 0.39347656249999996 0.5050972222222222 0.053078125000000045 0.10336111111111106
19 0.517625 0.5109305555555556 0.07785937500000006 0.14919444444444438
19 0.6231015624999999 0.4521736111111111 0.13053124999999993 0.26906944444444447
19 0.47710546875000004 0.29331944444444447 0.08155468750000008 0.36413888888888885
19 0.5378476562500001 0.32316666666666666 0.08021093750000005 0.17344444444444443
10 0.329703125 0.24379861111111115 0.0916875 0.25462500000000005
10 0.23289453125 0.1946041666666667 0.09610156249999999 0.32190277777777776
12 0.783828125 0.32645833333333335 0.08106250000000008 0.13972222222222225
19 0.43923046875000005 0.36822222222222223 0.09467968750000004 0.16566666666666663
19 0.38898046875 0.18702777777777777 0.07571093750000002 0.15530555555555556
19 0.5570546875 0.22364583333333335 0.09604687500000005 0.12229166666666669
19 0.516109375 0.13399305555555555 0.06065625000000008 0.15993055555555558
19 0.58637890625 0.08274305555555554 0.05358593749999994 0.10426388888888888
19 0.45194921875 0.1488888888888889 0.05874218750000004 0.17616666666666667
16 0.36908593750000007 0.07715277777777778 0.09707812500000004 0.14708333333333334
19 0.2907265625 0.04658333333333333 0.04954687499999997 0.09316666666666666
19 0.4485546875 0.051076388888888886 0.11646874999999998 0.10215277777777777