19 0.46676953125000004 0.9809027777777778 0.05255468749999999 0.03819444444444445
19 0.53708984375 0.8916388888888889 0.08905468750000001 0.21672222222222218
19 0.22886328125 0.9409305555555556 0.11902343750000002 0.11813888888888881
19 0.37275 0.9380624999999999 0.036062499999999977 0.06043055555555554
19 0.40812109375 0.912423611111111 0.02266406249999999 0.0421249999999999
19 0.27076171875 0.7475555555555555 0.11882031250000002 0.23199999999999996
19 0.34928125 0.6977777777777778 0.10499999999999998 0.32722222222222225
19 0.4813203125 0.734111111111111 0.17703124999999997 0.2814166666666666
17 0.46684374999999995 0.9005208333333333 0.05254687499999999 0.13554166666666656
17 0.74555859375 0.8325833333333333 0.06902343749999992 0.1346111111111112
17 0.48626562500000003 0.6909305555555556 0.07046875000000004 0.10988888888888881
10 0.68761328125 0.6478124999999999 0.06057031249999998 0.2009583333333334
19 0.3275625 0.6376458333333334 0.09749999999999996 0.15295833333333342
19 0.750375 0.6707430555555557 0.05810937500000009 0.11670833333333337
19 0.48477343750000007 0.6138263888888889 0.03623437500000008 0.0439583333333333
2 0.47592578124999996 0.5157777777777778 0.1889296875 0.19761111111111107
12 0.8218476562499999 0.5486388888888889 0.1102421875000001 0.18108333333333332
17 0.27703515624999997 0.4590833333333333 0.10266406249999997 0.22769444444444448
10 0.64431640625 0.4251736111111111 0.05975781250000001 0.29123611111111114
19 0.53433203125 0.48804166666666665 0.15824218749999996 0.14724999999999996
19 0.56280859375 0.37825000000000003 0.09778906250000005 0.20650000000000004
19 0.74583984375 0.21368055555555554 0.12486718749999995 0.22513888888888883
17 0.45841015625 0.24171527777777782 0.07664843749999992 0.12287500000000004
17 0.5664140625 0.02886805555555555 0.08010937499999997 0.054125
19 0.3910625 0.02411805555555556 0.04628124999999996 0.04462500000000001
12 0.33578515624999994 0.02321527777777778 0.08207031249999996 0.04643055555555556