12 0.7005312499999999 0.9409305555555556 0.10199999999999995 0.11813888888888881
19 0.584765625 0.9833333333333333 0.06328125 0.03333333333333333
19 0.4574140625 0.9533402777777777 0.14045312499999998 0.09331944444444452
10 0.32990234375 0.7919861111111112 0.07083593749999997 0.1592500000000001
19 0.4391328124999999 0.839625 0.07720312499999996 0.09313888888888881
19 0.44214062499999995 0.7970902777777777 0.09360937499999995 0.1580416666666666
4 0.810796875 0.7096805555555556 0.09875000000000007 0.3023611111111112
19 0.29868359375 0.8062013888888889 0.016929687499999967 0.048847222222222327
19 0.45016015625000005 0.6710694444444445 0.09038281250000005 0.08033333333333338
19 0.75061328125 0.7219444444444444 0.052085937500000054 0.14705555555555563
17 0.69723046875 0.7750833333333332 0.053648437500000055 0.09252777777777763
2 0.4175859375 0.6406527777777778 0.10385937500000005 0.2675
19 0.40871874999999996 0.6791319444444445 0.029406250000000033 0.09804166666666664
19 0.54375 0.6592291666666666 0.11396875000000009 0.1491805555555556
0 0.63070703125 0.739375 0.07353906250000009 0.08497222222222223
18 0.66965625 0.5851527777777779 0.15806249999999994 0.3065000000000001
18 0.7097421875000001 0.5420763888888889 0.10187500000000008 0.3796805555555556
19 0.8031874999999999 0.5619722222222222 0.08348437500000001 0.12650000000000006
17 0.7738437499999999 0.47929861111111105 0.05521874999999996 0.11845833333333328
2 0.5692421875 0.5292916666666667 0.03599999999999994 0.12650000000000006
19 0.52186328125 0.4945902777777777 0.09907031249999995 0.17851388888888886
19 0.34898828125 0.4560416666666667 0.05607031249999998 0.13072222222222224
19 0.23454687500000002 0.4549930555555555 0.013828125000000035 0.032152777777777745
8 0.40247656249999997 0.2771875 0.17835937499999996 0.4222916666666668
18 0.5890625 0.42338888888888887 0.07059374999999993 0.07486111111111107
18 0.648328125 0.45818749999999997 0.07809375000000003 0.1549305555555555
19 0.2872265625 0.35414583333333327 0.08935937499999999 0.12934722222222217
19 0.61100390625 0.27255555555555555 0.07021093749999992 0.09191666666666667
19 0.23446484375 0.21854166666666666 0.06617968750000003 0.07708333333333334
19 0.290703125 0.11218750000000001 0.16187500000000005 0.21493055555555557
19 0.5180312499999999 0.2777291666666667 0.06728124999999992 0.1507638888888889
18 0.58011328125 0.1772013888888889 0.16194531249999997 0.20976388888888892
19 0.19594921875 0.054951388888888904 0.038382812499999995 0.09881944444444445
19 0.7254296875 0.11437499999999999 0.08351562500000007 0.11041666666666666
7 0.690953125 0.05335416666666667 0.09926562499999995 0.10670833333333334
10 0.8351484375 0.04041666666666667 0.06498437499999987 0.08083333333333334
19 0.54033203125 0.04106944444444444 0.038382812500000085 0.07294444444444444
15 0.5974453125 0.04911805555555556 0.09939062500000002 0.09823611111111112