7 0.20980078125 0.8989652777777778 0.1690703125 0.20206944444444447
14 0.5473046875 0.8968958333333333 0.12864062500000006 0.20620833333333338
10 0.637796875 0.9446527777777778 0.08659374999999994 0.11069444444444451
16 0.34820312500000006 0.8775902777777778 0.10289062500000004 0.16998611111111125
19 0.569 0.7429027777777778 0.040078124999999964 0.30013888888888884
19 0.312734375 0.8547500000000001 0.06726562500000002 0.24222222222222234
19 0.34309375000000003 0.6640486111111111 0.09820312500000003 0.1527638888888889
16 0.5906953125000001 0.6258680555555556 0.11048437500000005 0.13998611111111106
17 0.47722265624999993 0.5895208333333333 0.08932031249999994 0.13823611111111106
19 0.6852421875 0.6183888888888889 0.095703125 0.17708333333333334
2 0.75030859375 0.49040277777777774 0.20911718750000005 0.30577777777777776
13 0.25694140625 0.7969375000000001 0.07503906249999996 0.11170833333333342
19 0.6221093750000001 0.5027499999999999 0.06556250000000005 0.08111111111111108
19 0.44858984374999994 0.4315347222222223 0.13425781249999996 0.24712500000000004
0 0.5480742187500001 0.4639444444444444 0.09836718750000006 0.23447222222222217
17 0.6051132812500001 0.40058333333333335 0.06460156250000004 0.12097222222222226
14 0.22926562499999997 0.43640277777777775 0.17878125000000003 0.3464722222222223
14 0.21178124999999998 0.2380763888888889 0.08574999999999999 0.10448611111111114
19 0.7968359374999999 0.2424166666666667 0.21039062499999997 0.29066666666666663
19 0.42935546875 0.24760416666666668 0.12980468750000002 0.16909722222222223
19 0.5334726562500001 0.22918055555555555 0.10617968750000006 0.2978055555555555
19 0.6490859375 0.3015208333333333 0.05814062500000006 0.16926388888888885
19 0.6575625 0.13994444444444443 0.13548437500000005 0.20222222222222225
19 0.21560156249999998 0.13900694444444445 0.11829687499999997 0.23548611111111112
8 0.22083203125 0.056472222222222215 0.0916640625 0.11294444444444443
19 0.37226953125 0.059333333333333335 0.06657031250000003 0.11866666666666667
19 0.44894921875 0.08404861111111112 0.11038281249999997 0.16809722222222223
19 0.5443828125 0.03761111111111111 0.15376562499999996 0.07522222222222222
19 0.5517578125 0.036423611111111115 0.06387499999999999 0.07284722222222223
19 0.7653828125000001 0.06780555555555555 0.07514062499999996 0.09366666666666666
19 0.82121484375 0.051701388888888894 0.07442968749999998 0.10340277777777779
19 0.1785625 0.13469444444444445 0.03539062500000001 0.04044444444444445
19 0.87764453125 0.17887499999999998 0.05702343749999983 0.10999999999999999