16 0.37205859374999994 0.9614652777777778 0.05521093749999997 0.06626388888888894
8 0.34147265625 0.8531319444444444 0.10061718749999997 0.22951388888888888
18 0.27166796875 0.9118263888888889 0.04927343750000004 0.09718055555555559
19 0.5744921875 0.7790763888888889 0.13432812500000005 0.21720833333333323
18 0.28713671874999996 0.7721180555555555 0.14242968749999996 0.26118055555555547
17 0.3454453125 0.6182013888888889 0.07489062500000002 0.12923611111111105
17 0.35954687500000004 0.5153194444444444 0.09148437499999998 0.15586111111111114
10 0.42503906249999995 0.22558333333333336 0.12351562499999998 0.2191111111111111
18 0.6745664062500001 0.06840972222222222 0.1181640625 0.11893055555555555
19 0.58498828125 0.08890972222222222 0.03430468750000006 0.06437499999999999
19 0.1986484375 0.6119722222222223 0.038078124999999984 0.09902777777777771
16 0.40941015625000005 0.025256944444444443 0.06427343749999999 0.050513888888888886
19 0.12076171875 0.2946736111111111 0.1258203125 0.5893472222222222