12 0.33509374999999997 0.8757777777777777 0.15895312499999997 0.2484444444444446
19 0.50675 0.9755555555555555 0.16946875000000006 0.048888888888888954
19 0.50134375 0.8617083333333333 0.11092187500000002 0.12294444444444443
19 0.60349609375 0.7855902777777778 0.11544531249999998 0.20820833333333336
19 0.6381796875 0.7021388888888889 0.14282812499999994 0.2799722222222223
19 0.73079296875 0.7159027777777779 0.07091406249999999 0.2468055555555556
17 0.53440625 0.7196458333333333 0.08074999999999992 0.12379166666666674
17 0.39019531250000006 0.6117152777777779 0.06773437500000004 0.14990277777777786
19 0.33930078125 0.6434861111111111 0.01813281250000003 0.03391666666666661
19 0.20168750000000002 0.6271944444444444 0.08209375000000001 0.13702777777777772
19 0.81834765625 0.6129305555555555 0.12303906249999992 0.17205555555555554
19 0.4883828125 0.5696805555555555 0.11481250000000003 0.22294444444444442
18 0.5639609375 0.4825625 0.06098437499999996 0.08320833333333329
19 0.5920468750000001 0.3923958333333334 0.03923437500000002 0.05254166666666672
3 0.24332031250000002 0.34452777777777777 0.07789062500000003 0.1673611111111111
18 0.46855859375 0.27158333333333334 0.050695312500000075 0.18599999999999994
11 0.25661328125000005 0.1674861111111111 0.05239843749999995 0.09530555555555556
12 0.318140625 0.1916111111111111 0.06989062500000003 0.1303888888888889
18 0.36913671875 0.22497222222222224 0.024789062500000014 0.046222222222222185
19 0.387625 0.29034722222222226 0.07720312499999996 0.15386111111111106
17 0.4093671875 0.2199236111111111 0.053234375000000035 0.057791666666666686
19 0.25077343750000003 0.052222222222222225 0.10298437499999998 0.10444444444444445
19 0.38828125 0.0699375 0.10181249999999994 0.139875
19 0.46815234375000003 0.11959722222222222 0.06027343750000007 0.0905
19 0.55358203125 0.03769444444444445 0.06144531250000007 0.0753888888888889
11 0.6208710937499999 0.07097916666666666 0.09069531249999993 0.14195833333333333
17 0.7300000000000001 0.03665277777777778 0.04212500000000006 0.07330555555555555
19 0.5106718750000001 0.9537500000000001 0.01693750000000005 0.02638888888888889
19 0.35816015625 0.26740277777777777 0.022351562500000012 0.03011111111111112
19 0.4453203125 0.35720833333333335 0.016968750000000022 0.026000000000000037
18 0.11199218749999999 0.13903472222222224 0.10217187500000002 0.2780694444444445