19 0.28002734375 0.9483749999999999 0.05838281250000001 0.10324999999999988
19 0.4731328125 0.9188472222222223 0.09195312500000004 0.16041666666666668
19 0.6573125 0.9370138888888888 0.12490625000000008 0.1259722222222223
17 0.31925390625 0.913423611111111 0.0743203125 0.12131944444444431
2 0.627734375 0.8085208333333334 0.312890625 0.34990277777777784
19 0.39263281249999993 0.7322291666666666 0.10781249999999995 0.24773611111111105
19 0.287421875 0.7821041666666667 0.10674999999999998 0.09256944444444457
19 0.43340234375 0.6864861111111111 0.09519531249999998 0.1824166666666667
14 0.23863281249999999 0.6949027777777779 0.13610937500000003 0.2097777777777778
19 0.46865234375 0.6419444444444445 0.1064453125 0.18777777777777785
19 0.60711328125 0.6061180555555556 0.11880468749999995 0.08134722222222229
19 0.22399218750000002 0.542625 0.0841875 0.12358333333333336
19 0.2104921875 0.40034722222222224 0.074328125 0.11791666666666664
19 0.40930078124999997 0.40981944444444446 0.06067968750000001 0.24833333333333338
19 0.54591796875 0.5233472222222222 0.20905468749999995 0.17808333333333337
8 0.7110234375 0.5468055555555557 0.13228124999999996 0.19783333333333342
18 0.79359765625 0.4225069444444444 0.12872656250000009 0.2537916666666667
19 0.48510156249999997 0.4444652777777778 0.089640625 0.1153194444444444
15 0.55669140625 0.34242361111111114 0.16813281250000003 0.22418055555555552
18 0.6737265625 0.2025277777777778 0.20768749999999994 0.403
19 0.6848515625 0.4087222222222222 0.11126562500000006 0.0901111111111111
8 0.582265625 0.12580555555555556 0.19359374999999995 0.2259722222222222
19 0.25941015624999997 0.17098611111111112 0.08069531249999998 0.16775
19 0.35740625 0.2849027777777778 0.07268749999999997 0.10022222222222218
19 0.459046875 0.16920138888888892 0.06387499999999999 0.115375
19 0.3240390625 0.04568055555555556 0.10931249999999997 0.09136111111111112
17 0.4204140625 0.09227777777777778 0.07726562500000003 0.13736111111111113
17 0.47759375000000004 0.018208333333333333 0.04739062500000006 0.03641666666666667