19 0.2571484375 0.8189444444444445 0.25070312499999997 0.36211111111111116
18 0.6284453125 0.9218194444444443 0.13782812500000005 0.156361111111111
19 0.5284570312500001 0.9111944444444445 0.04411718750000002 0.10588888888888891
19 0.34628125 0.8035555555555555 0.14710937499999996 0.3103333333333334
19 0.48297656250000004 0.8087430555555555 0.12353124999999991 0.3023472222222223
19 0.5729804687500001 0.8420555555555556 0.07610156250000007 0.14280555555555546
17 0.6687187499999999 0.7353541666666668 0.046187499999999916 0.11429166666666661
7 0.7762656250000001 0.7051180555555556 0.18600000000000003 0.3787083333333334
19 0.18387499999999998 0.5387361111111111 0.09937499999999999 0.1947222222222223
19 0.39280468749999997 0.5270277777777778 0.17074999999999996 0.3043888888888888
19 0.5394609375 0.6250902777777777 0.14293750000000002 0.25623611111111105
17 0.6707578125 0.4618333333333334 0.08385937499999993 0.13552777777777783
19 0.26783203125 0.4583055555555556 0.051460937500000005 0.16297222222222227
19 0.30198828125 0.3764166666666666 0.03049218749999998 0.11936111111111115
19 0.51169921875 0.4454722222222222 0.1376953125 0.1368333333333333
19 0.7514453124999999 0.4356111111111111 0.10814062499999996 0.19736111111111115
19 0.37402734375 0.19384722222222223 0.08602343749999997 0.1425833333333333
19 0.44534765624999995 0.25833333333333336 0.06507031249999998 0.0882222222222222
12 0.5702539062499999 0.25531944444444443 0.0498046875 0.14463888888888887
19 0.7959023437500001 0.15168055555555557 0.1485234375000001 0.2510833333333334
19 0.45858203125 0.3011597222222222 0.12830468750000001 0.25295833333333334
17 0.47991015625 0.18414583333333334 0.059554687500000016 0.12220833333333335
17 0.5117109375 0.3040833333333333 0.06728124999999992 0.08236111111111112
17 0.42715234375 0.3455902777777778 0.08713281249999998 0.10393055555555557
17 0.6885117187500001 0.11764583333333335 0.06341406250000006 0.10456944444444448
17 0.61865625 0.08742361111111112 0.08179687500000003 0.11601388888888889
19 0.45165625 0.043708333333333335 0.09529687500000002 0.08741666666666667
19 0.5601875 0.09194444444444445 0.11912500000000001 0.1838888888888889
19 0.7037890625 0.04018055555555555 0.15749999999999992 0.0803611111111111