19 0.3984375 0.9222222222222223 0.14007812499999997 0.15555555555555556
19 0.5403515625 0.9444444444444444 0.14228124999999991 0.1111111111111111
18 0.5771171875000001 0.9754930555555555 0.05073437500000004 0.049013888888888836
19 0.43296484375000005 0.9009722222222222 0.10453906249999996 0.19805555555555543
8 0.24943359375 0.8307777777777777 0.1262578125 0.11647222222222209
19 0.34897265625 0.8089722222222223 0.0724609375 0.20224999999999993
19 0.45321875 0.7030972222222223 0.361765625 0.535638888888889
19 0.6713203125 0.8063680555555556 0.05314062499999998 0.09509722222222226
19 0.524421875 0.7626875 0.06284375000000005 0.14112499999999994
19 0.52223046875 0.6205694444444444 0.05407031250000003 0.08819444444444445
2 0.45826171875000005 0.6774305555555555 0.0970703125 0.24708333333333338
17 0.4979609375000001 0.5685902777777778 0.10146875000000008 0.15490277777777775
19 0.60990625 0.5509444444444445 0.05625 0.1
19 0.823203125 0.5546805555555555 0.04607812500000001 0.07302777777777783
19 0.79574609375 0.49309722222222224 0.03530468750000004 0.06663888888888891
7 0.20071484375 0.4872222222222222 0.060664062499999984 0.11372222222222221
16 0.24044140625 0.39063194444444443 0.10261718750000001 0.17734722222222227
8 0.7025625 0.35338888888888886 0.14226562499999992 0.23625000000000004
12 0.4417109375 0.34802777777777777 0.11031250000000004 0.19611111111111107
15 0.62251171875 0.35437500000000005 0.07516406250000003 0.12050000000000002
19 0.7446875000000001 0.46781249999999996 0.04081250000000001 0.05881944444444447
19 0.52741015625 0.3433055555555556 0.07389843749999994 0.05686111111111107
19 0.542453125 0.39461111111111113 0.02318750000000005 0.04905555555555562
19 0.42296093749999997 0.28870833333333334 0.16984375000000002 0.22447222222222224
19 0.39968750000000003 0.10753472222222221 0.12021874999999996 0.21506944444444442
19 0.35717578125 0.03075 0.042007812499999984 0.054888888888888904
12 0.54527734375 0.15459027777777778 0.21286718750000003 0.30918055555555557
10 0.4983320312499999 0.014402777777777776 0.03758593749999992 0.028805555555555553
2 0.6654960937500001 0.0778125 0.054039062500000054 0.10587500000000002
15 0.68198828125 0.018319444444444444 0.07621093749999996 0.03663888888888889