19 0.251328125 0.9804861111111111 0.03296875000000003 0.039027777777777654
16 0.7209921875 0.9621875 0.131453125 0.07118055555555555
19 0.5718281249999999 0.8970902777777777 0.15395312499999997 0.20581944444444453
17 0.40721875 0.9124791666666667 0.06653125000000001 0.16026388888888904
18 0.30052734375 0.9740972222222223 0.06285156250000004 0.051805555555555494
3 0.6706171875000001 0.845576388888889 0.08585937500000007 0.22634722222222226
7 0.76330859375 0.8267083333333334 0.20480468750000008 0.27180555555555563
19 0.41016015625 0.7789444444444444 0.054445312500000044 0.09624999999999993
8 0.5072421875 0.7476388888888889 0.11046875000000007 0.07755555555555552
16 0.43489843750000007 0.6695694444444444 0.152140625 0.1835
19 0.6193359375 0.6416180555555556 0.08793749999999996 0.1664583333333333
19 0.5507265625000001 0.564 0.13509375000000007 0.12641666666666665
17 0.749421875 0.5030694444444445 0.07739062499999996 0.09130555555555557
19 0.38759375 0.5018750000000001 0.09223437499999995 0.19022222222222226
19 0.49587499999999995 0.5031666666666667 0.13171874999999994 0.25008333333333327
15 0.63186328125 0.4509722222222222 0.13153906249999991 0.27041666666666664
17 0.8349648437499999 0.2817152777777778 0.0686640624999999 0.10843055555555554
0 0.32503125 0.4819166666666666 0.043062500000000004 0.07955555555555552
8 0.7056875 0.4712083333333333 0.09018750000000005 0.2701944444444444
18 0.34551171875 0.32169444444444445 0.08710156250000001 0.2125555555555555
19 0.47953906250000006 0.2614236111111111 0.08781250000000007 0.18762500000000004
17 0.55359765625 0.19879166666666667 0.05186718750000008 0.12019444444444448
18 0.5622812500000001 0.2827222222222222 0.1414999999999999 0.23388888888888887
19 0.6228359375 0.15824305555555557 0.09307812500000008 0.16879166666666665
19 0.7696953125 0.17881944444444445 0.09467187499999996 0.15958333333333333
18 0.4259375 0.20551388888888888 0.03671875 0.11925000000000002
3 0.44737109375 0.40956944444444443 0.08274218750000006 0.1095833333333333
17 0.40324609375 0.09888888888888889 0.07902343750000003 0.11527777777777778
17 0.51317578125 0.1610347222222222 0.04761718750000003 0.08104166666666668
10 0.3500546875 0.14302777777777775 0.11854687500000005 0.2503611111111111
19 0.7695078125 0.06475694444444445 0.14690624999999996 0.1295138888888889
12 0.64488671875 0.06475694444444445 0.12461718749999999 0.1295138888888889
12 0.47721093750000004 0.09529166666666666 0.08510937500000004 0.11166666666666668
19 0.5506640625 0.07376388888888889 0.11246875000000003 0.14752777777777779
19 0.44529296875 0.029631944444444447 0.11853906250000001 0.059263888888888894
18 0.23151562500000003 0.0314375 0.08409375 0.062875
3 0.30699609375000003 0.06115277777777778 0.13982031250000002 0.12230555555555556