19 0.38057421874999997 0.8782708333333333 0.11569531249999998 0.24345833333333328
19 0.42496484375000004 0.9652569444444444 0.06457031250000003 0.06948611111111107
19 0.39484765625 0.8809513888888888 0.1280078125 0.14345833333333327
19 0.44476953125000007 0.7142847222222222 0.02146093750000002 0.05343055555555559
19 0.37218359375 0.6237222222222223 0.07563281249999995 0.23505555555555566
19 0.5036484375 0.45534722222222224 0.13515625 0.2849444444444444
19 0.6120546874999999 0.6247499999999999 0.14770312499999996 0.17702777777777776
0 0.37232421875000005 0.6883402777777778 0.14260156250000003 0.18620833333333325
19 0.59419140625 0.5063611111111112 0.01847656250000007 0.046638888888888945
19 0.73008203125 0.36915277777777783 0.03139843750000004 0.11252777777777775
19 0.20167968750000004 0.27352777777777776 0.01725000000000001 0.04877777777777778
19 0.34972265625000004 0.19075 0.09899218750000002 0.2237777777777778
19 0.6275000000000001 0.1607638888888889 0.09937500000000003 0.14347222222222225
17 0.415984375 0.16099999999999998 0.08209375 0.1541111111111111
17 0.39528125000000003 0.05575694444444445 0.04635937499999998 0.1115138888888889
19 0.34840234375 0.05117361111111111 0.020601562500000004 0.10234722222222221
19 0.3453125 0.12524305555555554 0.08859374999999999 0.0787638888888889
19 0.5317812500000001 0.08403472222222222 0.09684375000000003 0.10623611111111113
19 0.6502578124999999 0.04659722222222222 0.08035937499999993 0.09319444444444444
19 0.5843242187500001 0.06216666666666666 0.05563281250000003 0.12433333333333332
2 0.2495 0.042930555555555555 0.10920312499999998 0.08586111111111111
7 0.4483359375 0.04934722222222222 0.06387499999999999 0.09869444444444445