8 0.72600390625 0.9015902777777778 0.09435156249999999 0.1968194444444445
19 0.67028125 0.9592013888888888 0.060249999999999915 0.08159722222222222
19 0.59335546875 0.9369583333333333 0.09116406250000005 0.1260833333333333
19 0.48346484375000004 0.9837777777777776 0.023804687500000022 0.032444444444444304
19 0.367734375 0.8389513888888889 0.23484375000000002 0.32209722222222226
19 0.3323828125 0.9433958333333333 0.08207812499999996 0.11320833333333333
19 0.24856640624999998 0.9239722222222222 0.09369531250000004 0.15205555555555558
19 0.7732421875 0.9580069444444445 0.01853125000000002 0.04234722222222224
19 0.6737421875 0.8419722222222222 0.015953125000000058 0.05561111111111106
19 0.42677734375 0.6595486111111111 0.25089843749999996 0.680763888888889
17 0.59465234375 0.7643680555555556 0.06902343749999992 0.15723611111111116
8 0.8074257812499999 0.7100277777777778 0.11383593750000003 0.18205555555555553
8 0.6935390625 0.5499652777777778 0.18670312500000003 0.36670833333333336
19 0.5590859375 0.5833958333333332 0.09529687500000002 0.17856944444444436
19 0.43506640625 0.6342291666666666 0.03811718749999997 0.08470833333333334
19 0.2230390625 0.6694444444444444 0.057171875000000025 0.09599999999999993
19 0.51112890625 0.7928611111111111 0.04258593749999999 0.08622222222222212
19 0.20513281249999998 0.5375416666666666 0.23932812500000003 0.29480555555555554
17 0.19877343749999998 0.46169444444444446 0.054265624999999984 0.05411111111111116
5 0.2594375 0.4634583333333333 0.048968749999999964 0.0694166666666667
19 0.57040234375 0.408375 0.13910156249999997 0.22591666666666663
19 0.45360156249999994 0.3602361111111111 0.10320312499999992 0.14791666666666667
19 0.1768515625 0.14509027777777778 0.07839062500000002 0.1725972222222222
19 0.2595703125 0.1617222222222222 0.13132812500000002 0.2882222222222222
19 0.48296875000000006 0.16470138888888888 0.18531250000000005 0.305875
19 0.3930703125 0.28134027777777776 0.027578124999999964 0.06079166666666664
17 0.56457421875 0.2058888888888889 0.04633593749999996 0.11766666666666668
15 0.36603515625000005 0.1235138888888889 0.05738281250000003 0.19213888888888894
12 0.45666015625 0.5187638888888889 0.13817968750000004 0.1750555555555555
12 0.20175 0.0264375 0.057171875000000025 0.052875
15 0.6154843750000001 0.0811111111111111 0.11593750000000007 0.15811111111111112
19 0.51622265625 0.027465277777777786 0.06988281250000003 0.05081944444444445