19 0.52030078125 0.9739513888888889 0.025914062500000057 0.05209722222222221
3 0.259671875 0.9649375 0.07315624999999999 0.070125
14 0.587390625 0.9251319444444445 0.09953125000000007 0.14973611111111104
19 0.6796875 0.8826388888888889 0.0328125 0.23472222222222222
19 0.25721484375 0.9080902777777777 0.013710937499999964 0.02437499999999994
19 0.316703125 0.8954583333333332 0.01967187499999996 0.02755555555555544
19 0.511828125 0.8265694444444445 0.11126562500000006 0.16633333333333333
8 0.31291796875 0.7735694444444445 0.11349218749999998 0.11416666666666674
15 0.4236328125 0.8177777777777778 0.09012499999999997 0.16030555555555565
8 0.6858164062500001 0.7195833333333334 0.1054765625 0.12708333333333333
19 0.582484375 0.7551944444444445 0.09371875000000003 0.18455555555555564
14 0.61502734375 0.6278611111111111 0.11880468749999995 0.23319444444444443
16 0.42233984375 0.5843541666666667 0.17361718750000002 0.1980138888888888
19 0.28437890625 0.6258541666666667 0.09577343750000003 0.19943055555555553
12 0.53641796875 0.5235347222222223 0.10302343749999991 0.15201388888888895
19 0.20210937499999998 0.4646180555555556 0.061812500000000006 0.13187500000000008
18 0.18269531249999998 0.3199305555555556 0.08960937499999999 0.2003055555555556
19 0.4153515625 0.41223611111111114 0.17414062500000002 0.19872222222222227
19 0.5613359375 0.3701805555555555 0.05971875000000004 0.14016666666666666
10 0.5129921875 0.38249999999999995 0.145109375 0.1239166666666667
12 0.6886328125000001 0.3847708333333333 0.21514062500000009 0.28412499999999996
19 0.3755 0.24111111111111114 0.191625 0.2880555555555555
3 0.48675390625 0.2557638888888889 0.11742968749999996 0.1818055555555556
8 0.60946484375 0.1498611111111111 0.1231328125000001 0.09758333333333333
19 0.7199101562499999 0.12349305555555555 0.026851562499999915 0.08704166666666668
19 0.6406171875 0.111625 0.10829687499999992 0.08438888888888887
19 0.48774218750000004 0.06547222222222222 0.055031250000000045 0.09758333333333336
19 0.357265625 0.06768055555555555 0.12906250000000002 0.1353611111111111
19 0.25861328125000005 0.06109027777777778 0.09791406250000004 0.12218055555555556
19 0.71850390625 0.010979166666666667 0.023742187500000077 0.021958333333333333
12 0.44850390625000003 0.05977083333333333 0.11274218749999995 0.11954166666666666
12 0.62207421875 0.057131944444444444 0.11274218749999995 0.11426388888888889
19 0.2981484375 0.03688888888888889 0.03214062499999999 0.07377777777777778