19 0.77265625 0.9618055555555556 0.17109375 0.0763888888888889
19 0.17035546875000002 0.987611111111111 0.034601562500000016 0.024777777777777663
19 0.3885078125 0.9066736111111112 0.10632812500000002 0.1866527777777776
19 0.63122265625 0.9309444444444444 0.07564843749999994 0.1371388888888889
17 0.49547265625000003 0.9472638888888889 0.04897656250000004 0.1054722222222223
19 0.3262734375 0.9226944444444444 0.02670312499999996 0.11783333333333322
17 0.20983203125 0.8942916666666668 0.05785156249999999 0.15297222222222237
2 0.5169648437500001 0.881986111111111 0.15132031250000005 0.23602777777777786
18 0.7133671875 0.8309236111111111 0.13053124999999993 0.203236111111111
19 0.7987187499999999 0.8677916666666666 0.10087499999999991 0.1569722222222222
19 0.5874335937499999 0.8255347222222222 0.04450781250000002 0.07912500000000004
19 0.35904687500000004 0.7834097222222222 0.08753125000000002 0.2482083333333334
19 0.490234375 0.7975277777777778 0.08304687499999996 0.10286111111111104
10 0.23951953124999997 0.7294513888888889 0.16911718750000002 0.1901527777777778
19 0.3145 0.6433888888888888 0.02670312499999996 0.034277777777777706
19 0.49953515625 0.6139444444444445 0.16274218749999997 0.29980555555555555
19 0.6775703125 0.6389236111111111 0.200953125 0.35279166666666667
4 0.32042578125 0.43572222222222223 0.3186796875000001 0.4021111111111111
17 0.19983203125000001 0.5982361111111112 0.09494531249999998 0.1558333333333334
19 0.50958984375 0.4641388888888889 0.06378906250000008 0.08175000000000002
19 0.4968437499999999 0.30109722222222224 0.19265624999999992 0.2570833333333333
19 0.62755078125 0.24389583333333337 0.08258593750000003 0.19109722222222228
19 0.6039726562500001 0.39168055555555553 0.04821093750000003 0.12308333333333334
10 0.7445078125 0.1643541666666667 0.09848437499999996 0.24018055555555556
19 0.1916875 0.29510416666666667 0.043390624999999995 0.08351388888888889
19 0.23224218749999997 0.07013194444444444 0.11857812499999998 0.14026388888888888
19 0.46512890625000003 0.07890972222222221 0.03811718749999997 0.06409722222222224
19 0.33990624999999997 0.0449375 0.04337499999999998 0.08809722222222222
19 0.50273046875 0.08661805555555556 0.06799218749999998 0.17323611111111112
19 0.6459296875 0.037611111111111116 0.06387499999999999 0.07344444444444445
17 0.387296875 0.0682986111111111 0.07221875000000004 0.1365972222222222
2 0.60106640625 0.09710416666666666 0.17627343750000007 0.19254166666666667
12 0.44653125000000005 0.03258333333333333 0.04646875000000002 0.06516666666666666