19 0.30285546875 0.9133472222222222 0.07585156250000002 0.17330555555555552
19 0.374390625 0.9768958333333333 0.07923437499999997 0.04620833333333331
17 0.5792421875 0.8933680555555555 0.06668749999999993 0.1410416666666666
2 0.36779296875 0.8397430555555556 0.18636718749999998 0.2459861111111113
7 0.51738671875 0.864111111111111 0.07547656249999993 0.13472222222222222
12 0.63067578125 0.8565833333333334 0.05199218749999997 0.14358333333333348
19 0.45430468749999997 0.5742152777777778 0.31414062499999995 0.5025138888888889
17 0.60429296875 0.6291388888888889 0.07985156250000003 0.18311111111111109
12 0.26641796875 0.4650902777777778 0.0705078125 0.13809722222222232
19 0.16941406249999996 0.5375833333333333 0.14268749999999997 0.2934444444444444
8 0.7967890625 0.5785208333333335 0.13098437500000007 0.335763888888889
8 0.8317265624999999 0.42190277777777774 0.09031249999999993 0.2146944444444445
8 0.8838476562500001 0.5574305555555555 0.05314843750000016 0.10183333333333325
19 0.2653671875 0.3400347222222222 0.07745312499999998 0.1405972222222222
19 0.20926171875000002 0.28607638888888887 0.11274218749999998 0.19368055555555555
19 0.4341015625 0.18472222222222223 0.19992187500000003 0.3022222222222223
19 0.46510546875000003 0.3252361111111111 0.08005468750000003 0.0943611111111111
19 0.5710195312499999 0.30440972222222223 0.05391406249999999 0.1780694444444445
2 0.64451953125 0.27489583333333334 0.08492968750000003 0.14201388888888888
6 0.7029804687500001 0.1254861111111111 0.08294531250000006 0.13847222222222222
19 0.6060546875 0.12075 0.23304687499999996 0.23705555555555557
17 0.19642578125000001 0.07581944444444445 0.08425781250000001 0.15130555555555555
19 0.4890625 0.9715277777777778 0.0546875 0.05694444444444444