2 0.7509765625 0.9758333333333333 0.06742187499999996 0.04833333333333327
19 0.3198515625000001 0.8528541666666668 0.18242187500000004 0.29429166666666656
19 0.203953125 0.9470416666666667 0.054781250000000004 0.1054722222222223
19 0.534 0.8567569444444445 0.21921874999999993 0.2864861111111111
19 0.79919140625 0.8911458333333333 0.06267968749999993 0.10090277777777791
17 0.78428125 0.8051250000000001 0.07200000000000006 0.08561111111111125
19 0.99477734375 0.01670138888888889 0.010445312499999915 0.03340277777777778
17 0.25205859375 0.6313680555555556 0.11003906250000002 0.18576388888888898
19 0.3704296875 0.5946944444444444 0.11820312499999996 0.20222222222222225
19 0.43601953125000004 0.6869861111111111 0.12044531250000001 0.2582500000000001
19 0.52676171875 0.5920416666666667 0.07530468750000008 0.22388888888888894
3 0.5735390625 0.5969305555555555 0.18873437499999995 0.3990277777777777
19 0.26411328125 0.7100347222222223 0.06202343749999999 0.11020833333333328
19 0.80218359375 0.6874791666666666 0.13002343749999995 0.25945833333333324
19 0.806140625 0.6303680555555555 0.114453125 0.2108194444444444
12 0.27105468750000006 0.42059027777777774 0.10287500000000005 0.17687500000000003
12 0.38623828125 0.45930555555555563 0.13800781250000002 0.17250000000000007
19 0.45923046874999995 0.4024513888888889 0.053132812499999994 0.1568194444444444
19 0.6088554687500001 0.40184027777777775 0.1074296875 0.17226388888888886
19 0.5126484375 0.26445138888888886 0.049249999999999974 0.22501388888888885
19 0.54737109375 0.3456527777777778 0.06572656250000009 0.08963888888888888
19 0.39084375 0.24718055555555554 0.03706250000000004 0.06327777777777778
19 0.3952265625 0.14625694444444445 0.08720312500000005 0.16248611111111114
17 0.57376171875 0.056520833333333326 0.08194531250000008 0.111375
19 0.7228046875 0.08257638888888888 0.2141562499999999 0.16515277777777776
18 0.4654999999999999 0.05675694444444445 0.10142187499999995 0.1135138888888889
19 0.32703906250000003 0.11661111111111112 0.07029687500000001 0.13797222222222222
19 0.35914843750000003 0.043375 0.09654687499999999 0.08669444444444445
19 0.28161718750000003 0.07283333333333333 0.026328125000000036 0.14566666666666667
18 0.11199218749999999 0.13903472222222224 0.10217187500000002 0.2780694444444445