18 0.2905234375 0.9706944444444444 0.16207812500000002 0.058611111111111176
9 0.46063671875 0.9368055555555556 0.11903906249999992 0.12638888888888888
19 0.56740625 0.9201180555555556 0.06050000000000004 0.15976388888888884
19 0.3810703125 0.8725138888888889 0.08129687499999996 0.13886111111111113
19 0.5900742187500001 0.8499583333333334 0.07941406250000008 0.07680555555555549
0 0.49033203125 0.8163611111111111 0.08575781249999999 0.11577777777777763
4 0.5395859375 0.6628263888888889 0.17156249999999992 0.2759583333333334
3 0.59928515625 0.7125694444444444 0.10100781249999997 0.10163888888888897
18 0.36968750000000006 0.7221666666666667 0.04459375000000003 0.13552777777777775
0 0.2258203125 0.6308194444444444 0.08726562500000001 0.20391666666666658
19 0.28363671875 0.6547083333333333 0.03189843750000003 0.10352777777777773
3 0.32897265625000005 0.48659722222222224 0.10642968750000001 0.22013888888888888
19 0.65619140625 0.6565902777777778 0.044679687500000044 0.0817083333333334
17 0.7646171875000001 0.3623680555555555 0.06829687500000006 0.15918055555555558
17 0.6381796875 0.3600763888888889 0.082234375 0.11293055555555552
16 0.476171875 0.2541736111111111 0.10562500000000004 0.19776388888888888
7 0.8202109375 0.23584027777777777 0.08099999999999996 0.1185972222222222
19 0.28814843749999997 0.12713888888888888 0.09053125 0.24000000000000002
12 0.45324609374999997 0.06360416666666667 0.10021093749999999 0.12423611111111113
19 0.63120703125 0.18643055555555554 0.11911718750000003 0.22869444444444448
3 0.6979140625 0.1469027777777778 0.1032343749999999 0.2004722222222222
19 0.12076171875 0.2946736111111111 0.1258203125 0.5893472222222222