18 0.35806640625 0.9633124999999999 0.09196093750000003 0.0733749999999999
18 0.669296875 0.7701874999999999 0.050796874999999984 0.14401388888888897
18 0.70055078125 0.6186180555555555 0.06810156250000006 0.13248611111111108
3 0.62873828125 0.6110972222222222 0.14236718750000002 0.3510833333333333
3 0.3300859375 0.82375 0.169921875 0.21166666666666678
18 0.5072812499999999 0.8190833333333334 0.08012499999999996 0.21275000000000008
2 0.7173242187500001 0.7539027777777777 0.06988281250000003 0.10694444444444444
2 0.4373984375 0.7670555555555555 0.04446875000000006 0.13836111111111105
13 0.5286796875 0.37904861111111104 0.36140625 0.645875
5 0.79136328125 0.8216736111111111 0.10102343749999995 0.17748611111111107
2 0.5505625 0.6769236111111111 0.14929687499999994 0.14120833333333335
10 0.7836328124999999 0.6577569444444445 0.11117187500000006 0.14440277777777782
12 0.260453125 0.6354930555555556 0.07167187500000001 0.12737500000000004
2 0.71687109375 0.47822916666666665 0.06047656250000007 0.11673611111111105
18 0.2729765625 0.29304861111111113 0.08689062500000003 0.35612500000000014
3 0.29433203125 0.38638194444444446 0.1527265625 0.36806944444444445
8 0.21737109375000002 0.2997708333333333 0.04191406249999998 0.0862638888888889
8 0.31576953125 0.2950347222222222 0.05738281250000003 0.16073611111111114
18 0.8312773437500001 0.23966666666666667 0.03369531250000009 0.0652222222222222
3 0.3603359375 0.2368333333333333 0.08470312499999996 0.15294444444444444
14 0.693796875 0.06388888888888888 0.06101562499999993 0.08469444444444443
19 0.11659375000000001 0.2946736111111111 0.117484375 0.5893472222222222
19 0.26937500000000003 0.01725 0.020968750000000026 0.03422222222222222
19 0.65626953125 0.10720138888888889 0.017148437500000037 0.04404166666666668
19 0.7048476562499999 0.2205902777777778 0.033085937499999926 0.05881944444444447
4 0.324625 0.6206180555555556 0.07403124999999999 0.1965138888888889