19 0.5375664062500001 0.8733958333333334 0.20178906249999998 0.25320833333333326
19 0.4571640625000001 0.8998958333333332 0.08492187500000004 0.13901388888888877
19 0.39967578125000003 0.8189722222222222 0.06471093749999998 0.10605555555555542
19 0.5569609375 0.7571666666666667 0.24967187499999993 0.48322222222222233
8 0.6401171875 0.9013472222222223 0.10193750000000001 0.19730555555555548
19 0.399390625 0.9365486111111112 0.09462499999999996 0.12690277777777761
10 0.44769531249999994 0.7640138888888889 0.053421875000000084 0.17124999999999993
19 0.33915625 0.7250416666666666 0.10114062500000003 0.1994444444444444
12 0.68264453125 0.7596388888888888 0.11366406250000001 0.2237222222222222
19 0.76732421875 0.7162986111111111 0.08741406250000008 0.16326388888888882
19 0.8229296875 0.7047083333333333 0.05281249999999993 0.14694444444444438
19 0.30527734375 0.5261944444444444 0.07585156250000002 0.1798611111111111
19 0.385109375 0.6392361111111111 0.07923437499999997 0.1618333333333333
17 0.58955859375 0.4997013888888888 0.06667968749999993 0.1410416666666666
2 0.36476171874999996 0.4493125 0.18636718749999998 0.24598611111111113
7 0.5237265624999999 0.4787013888888889 0.07548437499999991 0.1347361111111111
12 0.63411328125 0.4787361111111111 0.05199218749999997 0.14358333333333334
19 0.4482421875 0.21555555555555553 0.31414062499999995 0.43111111111111106
17 0.61366796875 0.2339166666666667 0.07985156250000003 0.18311111111111117
12 0.262046875 0.06905555555555555 0.07050000000000001 0.1381111111111111
19 0.17378125 0.13635416666666667 0.1426875 0.27270833333333333
8 0.8055234375 0.1794027777777778 0.130984375 0.31925000000000003
8 0.8469101562499999 0.0615 0.06403906249999984 0.123
8 0.8899140624999999 0.14758333333333332 0.05314062499999998 0.10183333333333332
19 0.4905234375 0.6442638888888889 0.07395312500000006 0.17119444444444443