19 0.4650234375 0.9471944444444444 0.1120000000000001 0.10561111111111106
19 0.52153515625 0.9044305555555555 0.06833593750000003 0.08730555555555541
17 0.52080859375 0.8127569444444446 0.0708984375 0.09156944444444454
19 0.46989843750000004 0.7441944444444445 0.04506250000000005 0.09794444444444442
2 0.40913281249999994 0.8447638888888889 0.10739062500000003 0.16491666666666668
17 0.39564453125 0.7730694444444445 0.061820312499999995 0.08241666666666655
19 0.47251171875000003 0.6242569444444445 0.02472656250000007 0.0567638888888889
14 0.198671875 0.587125 0.16015625 0.2444166666666667
2 0.2934921875 0.5013124999999999 0.12770312500000003 0.27118055555555554
17 0.42023828124999996 0.4365347222222222 0.08686718750000004 0.2735694444444445
17 0.58212109375 0.27447916666666666 0.10508593749999999 0.14279166666666668
2 0.21682421874999996 0.23596527777777776 0.20316406249999996 0.4244305555555554
19 0.45959374999999997 0.2148958333333333 0.05190625000000004 0.06590277777777777
19 0.459609375 0.14414583333333333 0.2046875 0.2030138888888889
19 0.34909765625 0.113125 0.15727343749999995 0.22625
3 0.8127070312499999 0.2381597222222222 0.18099218750000007 0.25479166666666664
19 0.48336718749999996 0.04565972222222222 0.11274999999999995 0.09131944444444444
15 0.6228164062499999 0.09972222222222221 0.08603906250000008 0.19944444444444442
19 0.44642968749999995 0.02698611111111111 0.03925000000000001 0.04047222222222222
18 0.3296875 0.95625 0.06015625 0.0875