18 0.3768046875 0.7314652777777777 0.07957812500000001 0.14434722222222232
4 0.3991953125 0.9820833333333334 0.055749999999999966 0.03583333333333327
2 0.662890625 0.9645833333333333 0.07265625 0.07083333333333333
12 0.570234375 0.9274305555555555 0.12312499999999993 0.1451388888888889
15 0.5041523437500001 0.6619097222222222 0.1016484375000001 0.0931805555555556
11 0.6311953125 0.6083819444444444 0.06673437500000005 0.22854166666666662
2 0.5244765625000001 0.5009722222222222 0.06829687500000006 0.14116666666666663
8 0.76080859375 0.3483611111111111 0.10324218750000007 0.31652777777777774
2 0.25823437499999996 0.36704166666666665 0.06353124999999996 0.14683333333333337
8 0.59208203125 0.18147222222222223 0.16941406249999993 0.14177777777777775
5 0.38783984375 0.3510902777777778 0.06088281250000005 0.10823611111111112
4 0.6306015625000001 0.08018055555555555 0.08603124999999992 0.1603611111111111
19 0.7993476562499999 0.09800694444444444 0.05294531249999999 0.09645833333333331
19 0.41353906250000005 0.1191875 0.04632812499999996 0.09176388888888888
19 0.55317578125 0.042534722222222224 0.06088281250000005 0.08506944444444445
12 0.31626171875 0.1072361111111111 0.14028906249999995 0.2144722222222222
19 0.2505078125 0.8573541666666666 0.13149999999999998 0.22023611111111102
17 0.33141015625000003 0.5843472222222221 0.08022656250000004 0.09936111111111107
11 0.44262109375 0.40342361111111114 0.07433593750000007 0.11565277777777776
12 0.30714843750000004 0.9810416666666667 0.07976562500000002 0.037916666666666606
3 0.4888671875 0.9095555555555556 0.07479687500000001 0.17605555555555555
9 0.5551328125 0.7912222222222222 0.08100000000000004 0.14966666666666664
19 0.35794921874999996 0.24832638888888892 0.0966171875 0.12418055555555552
2 0.7400234375 0.05334027777777778 0.08226562499999997 0.10668055555555556
19 0.12076171875 0.2946736111111111 0.1258203125 0.5893472222222222