14 0.280078125 0.9895833333333334 0.02421875 0.020833333333333332
19 0.45357812499999994 0.9701666666666666 0.07174999999999994 0.059666666666666715
13 0.73449609375 0.7095694444444445 0.1878828125000001 0.31997222222222216
11 0.7015625 0.9458333333333333 0.12109375 0.10833333333333334
11 0.201953125 0.8965277777777778 0.1015625 0.20694444444444443
3 0.60058203125 0.8926597222222222 0.10272656250000001 0.19137499999999996
17 0.7804765625 0.8536041666666667 0.08639062499999994 0.1533194444444446
15 0.4682890625000001 0.7925208333333333 0.12142187500000005 0.24834722222222214
15 0.3683125 0.8015625 0.10418750000000002 0.15945833333333326
19 0.5434921875000001 0.6942638888888889 0.025328125000000055 0.04683333333333337
19 0.54123828125 0.6189097222222222 0.06989843750000002 0.10418055555555554
19 0.58940234375 0.5888472222222222 0.14708593749999999 0.21305555555555553
19 0.388015625 0.6388611111111111 0.12482812499999998 0.19530555555555548
17 0.18631640625 0.554138888888889 0.08041406250000002 0.15424999999999991
17 0.4307578125 0.5222291666666666 0.09371875000000003 0.14859722222222224
17 0.4744453125 0.40097916666666666 0.08642187499999991 0.19493055555555558
14 0.5443046875 0.4123055555555556 0.065421875 0.14866666666666667
2 0.61008984375 0.3657222222222222 0.09557031249999995 0.3018055555555556
19 0.7335 0.4649513888888889 0.07009375000000002 0.11987499999999993
14 0.25173046875000005 0.508875 0.03461718749999996 0.0555277777777778
19 0.29196093749999996 0.2764513888888889 0.11953125 0.30651388888888886
12 0.475484375 0.26329861111111114 0.07668750000000006 0.13009722222222225
19 0.39731640625000003 0.29722916666666666 0.07599218750000003 0.18387499999999998
19 0.359875 0.34221527777777777 0.05571874999999995 0.14056944444444447
17 0.5374726562500001 0.2799305555555555 0.07458593750000002 0.1263333333333333
17 0.6428515625 0.30685416666666665 0.03570312500000004 0.08962499999999997
17 0.65024609375 0.39762499999999995 0.03247656249999995 0.05802777777777774
19 0.71630859375 0.2121875 0.10269531250000004 0.10020833333333336
11 0.18746093749999998 0.25136111111111115 0.09121874999999999 0.2908888888888889
17 0.37053515625 0.12063194444444444 0.05994531249999997 0.06904166666666668
17 0.37053515625 0.19267361111111111 0.05825781249999995 0.06304166666666665
16 0.4195078125 0.16265972222222222 0.05487500000000001 0.11106944444444444
14 0.47776562499999997 0.16340972222222222 0.06670312500000009 0.10956944444444443
2 0.6322734375 0.1361111111111111 0.27778125 0.2722222222222222
16 0.30974609375 0.03779861111111111 0.11228906250000001 0.07559722222222222
19 0.42710546874999994 0.04830555555555556 0.12242968750000002 0.09661111111111112