17 0.36898828125 0.9473541666666667 0.05807031250000003 0.10529166666666659
19 0.3081796875 0.9673194444444445 0.062890625 0.06536111111111104
19 0.7037656250000001 0.9554166666666666 0.08940625000000005 0.08916666666666673
19 0.58028125 0.9484375 0.08268749999999994 0.103125
2 0.415703125 0.9694027777777778 0.0359375 0.054694444444444594
19 0.4890625 0.9465277777777777 0.09921875 0.10694444444444444
17 0.6383515625 0.9599027777777778 0.044546874999999986 0.07241666666666681
12 0.4229375 0.8878888888888891 0.06385937500000001 0.16583333333333347
12 0.3111328125 0.7979652777777779 0.051484374999999985 0.12351388888888898
14 0.37007421875 0.8176597222222223 0.07177343750000001 0.1537916666666667
16 0.2039921875 0.9213194444444445 0.05392187499999999 0.15736111111111103
17 0.7671875 0.9611111111111111 0.0609375 0.07777777777777778
19 0.8024218750000001 0.9402152777777778 0.024062500000000053 0.08873611111111125
18 0.50661328125 0.7639097222222222 0.11850781250000005 0.2638194444444445
2 0.64337109375 0.7790277777777778 0.12708593750000005 0.3093055555555556
19 0.66537890625 0.9097569444444444 0.056085937499999974 0.0910416666666666
16 0.43162500000000004 0.5182222222222223 0.07850000000000001 0.14816666666666675
19 0.545984375 0.5282708333333334 0.10004687499999995 0.1653749999999999
16 0.7823046875 0.7806319444444444 0.12795312499999997 0.26348611111111114
16 0.46207031249999997 0.6352013888888889 0.11023437499999993 0.1591805555555555
18 0.5603945312499999 0.6270069444444444 0.09655468749999993 0.11543055555555558
16 0.21348046874999999 0.7258680555555556 0.045648437499999986 0.0639861111111111
19 0.2543125 0.686861111111111 0.10268750000000004 0.16072222222222218
16 0.3145703125 0.6537777777777778 0.057515625 0.11822222222222215
19 0.2584609375 0.5888333333333333 0.05159374999999997 0.08163888888888884
19 0.60821484375 0.47838194444444443 0.05939843749999998 0.10429166666666671
10 0.56363671875 0.3837152777777778 0.1144609375 0.13518055555555558
19 0.48664453125000007 0.43274999999999997 0.036429687500000085 0.04847222222222219
2 0.34046875 0.44883333333333336 0.08109374999999996 0.19777777777777775
3 0.40244140625 0.371625 0.0794921875 0.14027777777777778
18 0.6255 0.20538194444444444 0.31620312500000003 0.4107638888888889
2 0.75012109375 0.3155069444444445 0.08005468750000003 0.13295833333333335
2 0.28105078125 0.22826388888888888 0.14527343750000005 0.23916666666666664
19 0.4416953125 0.2389097222222222 0.200984375 0.2194027777777778
19 0.5032421874999999 0.06276388888888891 0.09476562499999996 0.12547222222222223
18 0.43720703125 0.043354166666666666 0.07096093749999995 0.08670833333333333