17 0.534375 0.9638888888888889 0.0796875 0.07222222222222222
17 0.46171875 0.9388888888888889 0.06171875 0.12222222222222222
19 0.40928515625 0.9196041666666667 0.1279453125 0.16079166666666664
19 0.54659765625 0.8671597222222223 0.10478906250000009 0.26568055555555553
2 0.31515625 0.8605138888888888 0.179765625 0.26613888888888876
19 0.21072656250000002 0.8355625 0.091796875 0.13581944444444438
17 0.17275000000000001 0.9475972222222222 0.06882812500000002 0.10480555555555561
17 0.34798828125 0.9068402777777778 0.046320312499999974 0.10118055555555543
17 0.505046875 0.868013888888889 0.059562500000000004 0.1270555555555556
10 0.678796875 0.8727569444444444 0.1654375 0.12162499999999991
19 0.6739375 0.6968680555555555 0.18306249999999996 0.29570833333333335
19 0.47323046875 0.7854027777777778 0.11833593750000002 0.12713888888888883
19 0.19724609375000002 0.7712430555555555 0.13327343750000004 0.11601388888888885
12 0.5007656249999999 0.6057361111111111 0.10046874999999993 0.29388888888888887
12 0.57742578125 0.5968055555555556 0.07069531250000001 0.2058333333333334
10 0.41977734375 0.6625277777777777 0.0683515625 0.28236111111111106
19 0.3497265625 0.6987916666666667 0.13125 0.17844444444444446
2 0.21626953124999998 0.6263402777777778 0.1886015625 0.2723472222222222
19 0.27928515625 0.3907777777777778 0.17577343750000002 0.3109722222222222
19 0.43228906249999993 0.44301388888888893 0.09793749999999997 0.18325000000000002
19 0.48776562500000004 0.48815972222222226 0.08748437500000002 0.16729166666666673
10 0.7189453125 0.46218055555555554 0.08615624999999998 0.1478888888888889
13 0.579375 0.29330555555555554 0.20906249999999993 0.40633333333333344
13 0.7890937499999999 0.3469027777777777 0.13031250000000005 0.27902777777777776
19 0.38299609375 0.2491736111111111 0.11435156250000005 0.27859722222222216
19 0.27923828125 0.18150000000000002 0.06597656250000003 0.14311111111111113
19 0.44457421875 0.1538888888888889 0.06286718750000002 0.09802777777777776
17 0.29512890625 0.08134027777777778 0.08602343750000001 0.11765277777777775
19 0.210203125 0.07204166666666666 0.12132812500000004 0.1440833333333333
2 0.31387890625 0.03086805555555556 0.08382031249999997 0.06173611111111112
12 0.58079296875 0.04361111111111111 0.12132031249999997 0.08722222222222221
19 0.7431054687499999 0.17892361111111113 0.02757031249999997 0.0490138888888889