19 0.20159375000000002 0.9627847222222221 0.074328125 0.07443055555555544
19 0.3956875 0.9212847222222221 0.04878125000000004 0.15743055555555543
18 0.78568359375 0.9517569444444445 0.12872656249999997 0.09648611111111115
19 0.47645312500000003 0.9839513888888888 0.05256249999999998 0.03209722222222208
15 0.55174609375 0.9072569444444445 0.16813281250000003 0.18548611111111105
18 0.660515625 0.7763472222222223 0.20896875 0.4140277777777777
19 0.67942578125 0.9782916666666667 0.07567968749999991 0.04341666666666665
8 0.5686640625 0.7170138888888888 0.19359374999999995 0.2259722222222223
19 0.2561953125 0.7586805555555556 0.08068749999999998 0.16774999999999995
19 0.34652734374999994 0.8506388888888889 0.07269531249999997 0.11344444444444453
19 0.4568125 0.7558124999999999 0.053999999999999916 0.1088194444444444
19 0.3198359375 0.5434930555555556 0.10931249999999997 0.24304166666666668
17 0.417203125 0.6667777777777778 0.07726562500000003 0.13736111111111107
17 0.48366015625000003 0.581736111111111 0.06594531250000006 0.10683333333333328
17 0.70254296875 0.4113819444444444 0.08038281250000008 0.1515972222222222
19 0.40001953125 0.44037500000000007 0.03214843750000003 0.06813888888888882
12 0.28819921875 0.4766388888888889 0.11880468749999995 0.16702777777777778
19 0.5442890625 0.5590555555555555 0.10260937499999993 0.13405555555555554
19 0.5065195312499999 0.4187916666666666 0.08913281249999994 0.20447222222222225
19 0.45688281249999996 0.4412569444444444 0.042031249999999964 0.046152777777777806
19 0.63812109375 0.5113611111111112 0.16071093750000004 0.18461111111111106
15 0.59653125 0.3742152777777778 0.17568750000000008 0.20218055555555559
19 0.784 0.1921875 0.18049999999999997 0.15756944444444443
19 0.18608203125 0.25574305555555554 0.07924218749999998 0.1534305555555556
19 0.3945703125 0.15665277777777778 0.10632812500000002 0.22419444444444447
19 0.63811328125 0.13948611111111112 0.07564843749999994 0.1371388888888889
17 0.5070664062500001 0.17773611111111112 0.04897656250000004 0.10813888888888891
19 0.3336796875 0.15386111111111112 0.02670312499999996 0.11783333333333332
17 0.21870703125 0.10529166666666667 0.05785156249999999 0.1529722222222222
2 0.5346093749999999 0.12916666666666668 0.146875 0.25833333333333336
18 0.72325 0.0699236111111111 0.11868750000000006 0.1398472222222222
19 0.8152304687499999 0.07127777777777777 0.10088281250000009 0.1371388888888889
19 0.59863671875 0.05017361111111111 0.04450781250000002 0.079125
19 0.36943359375 0.0645486111111111 0.08752343749999998 0.12420833333333334
19 0.48069531249999997 0.05673611111111111 0.07268749999999997 0.11347222222222222