12 0.443171875 0.9626388888888889 0.09712499999999995 0.07472222222222216
12 0.21815625 0.9052847222222223 0.08073437500000002 0.14823611111111112
12 0.59589453125 0.8060416666666665 0.19308593750000008 0.3265833333333332
18 0.3795625 0.9261319444444445 0.05593749999999997 0.10898611111111114
0 0.3109375 0.9493055555555555 0.05234375 0.10138888888888889
11 0.3408359375 0.9020625 0.03600000000000003 0.1034861111111111
19 0.454109375 0.9181111111111112 0.1047968749999999 0.0787222222222223
12 0.47353125 0.8321527777777779 0.11042187499999993 0.14572222222222234
18 0.4055546875 0.7829166666666667 0.06512499999999996 0.12708333333333333
18 0.7717421875 0.6954027777777777 0.046218750000000065 0.08188888888888886
14 0.692171875 0.596375 0.11014062500000002 0.1948888888888888
0 0.26442187500000003 0.6808958333333334 0.05876562500000002 0.10729166666666666
8 0.3743828125 0.6255624999999999 0.10304687499999998 0.21826388888888892
10 0.3103125 0.6381666666666667 0.05892187499999997 0.17275000000000007
18 0.35706640624999997 0.3660625 0.12867968749999997 0.36434722222222227
8 0.6266875 0.365625 0.11115624999999998 0.14961111111111114
14 0.5009335937499999 0.27979861111111115 0.06610156249999992 0.17318055555555556
9 0.5083046875 0.17095138888888886 0.19059375000000003 0.20470833333333333
19 0.7100781250000001 0.11683333333333334 0.30851562500000007 0.23294444444444448
2 0.45337890625000005 0.099 0.21044531249999995 0.198
4 0.58282421875 0.03850694444444445 0.0714921875 0.0770138888888889
12 0.653640625 0.0373125 0.07284375000000001 0.074625
19 0.12076171875 0.2946736111111111 0.1258203125 0.5893472222222222