14 0.6819531249999999 0.8890555555555556 0.13499999999999995 0.22188888888888889
3 0.790625 0.9409722222222222 0.06171875 0.11805555555555555
3 0.47296875 0.8160486111111112 0.22220312500000006 0.3679027777777777
19 0.354890625 0.9626666666666667 0.06412500000000003 0.07466666666666666
19 0.5885546875000001 0.9772916666666667 0.05414062499999996 0.04541666666666673
15 0.59499609375 0.8641944444444445 0.12957031249999992 0.15355555555555547
17 0.510375 0.8316527777777777 0.045296875000000014 0.09836111111111102
19 0.352296875 0.7595069444444444 0.09739062499999998 0.24706944444444434
19 0.24496875 0.8282847222222223 0.16165624999999997 0.30990277777777786
2 0.2778046875 0.9356805555555556 0.09376562499999999 0.12863888888888875
17 0.78080078125 0.7847638888888888 0.07108593749999992 0.11402777777777764
17 0.54728515625 0.6441458333333334 0.08046093750000001 0.1456527777777778
16 0.64052734375 0.7319444444444444 0.07739843749999994 0.11827777777777781
3 0.6264609375 0.6160069444444445 0.09520312499999992 0.11681944444444446
17 0.47878906250000003 0.5914930555555555 0.06232812499999998 0.14770833333333336
18 0.3451875 0.6377152777777777 0.04378124999999997 0.07537499999999997
4 0.42208203125 0.5686111111111111 0.06144531250000003 0.14669444444444446
11 0.55204296875 0.5193263888888889 0.07528906249999992 0.09356944444444446
19 0.63073046875 0.5275277777777778 0.07080468750000009 0.05616666666666674
12 0.59496875 0.44271527777777775 0.11967187500000005 0.1876527777777778
12 0.49716015625 0.37335416666666665 0.11774218750000003 0.2679305555555555
8 0.412671875 0.49880555555555556 0.08412500000000005 0.19897222222222222
19 0.34515234375000003 0.5388819444444445 0.08414843750000003 0.10268055555555565
18 0.32348437499999994 0.4405138888888889 0.11851562500000004 0.29777777777777775
3 0.64459375 0.2682916666666667 0.10512499999999995 0.31547222222222226
7 0.7094453125 0.40730555555555553 0.059687500000000074 0.11236111111111108
3 0.72101171875 0.1827847222222222 0.11969531250000003 0.28318055555555555
2 0.3803984375 0.23380555555555552 0.099515625 0.2776111111111111
19 0.426875 0.34145138888888893 0.058812499999999976 0.11704166666666668
18 0.24447265624999998 0.2601388888888889 0.04535156249999996 0.08583333333333334
8 0.5207148437500001 0.22209722222222222 0.08075781249999991 0.16330555555555554
1 0.57786328125 0.2290763888888889 0.05705468749999998 0.13604166666666664
17 0.26632812499999997 0.20466666666666664 0.07973437499999995 0.11313888888888886
16 0.40641015625000004 0.13054166666666667 0.04242968749999996 0.07152777777777777
3 0.47041796874999997 0.14939583333333334 0.062179687499999935 0.15345833333333334
19 0.5545429687500001 0.09357638888888889 0.11630468749999992 0.09604166666666668
19 0.5991640625 0.0356875 0.062171874999999946 0.071375
3 0.51248046875 0.049340277777777775 0.08632031250000001 0.09868055555555555
19 0.43713671875000004 0.05388888888888888 0.06144531250000007 0.10777777777777776
18 0.37130078125 0.045437500000000006 0.08192968750000004 0.09087500000000001
3 0.24330078125000001 0.0740486111111111 0.11847656249999998 0.1480972222222222
15 0.8265234375 0.05594444444444445 0.11224999999999996 0.1118888888888889
16 0.1729296875 0.16388194444444446 0.09490625000000001 0.15543055555555554