19 0.3623515625 0.9060486111111111 0.11864062500000001 0.18790277777777772
19 0.550890625 0.9721458333333333 0.06303125000000005 0.05570833333333319
7 0.667921875 0.8884652777777777 0.16400000000000006 0.22306944444444463
19 0.449375 0.9428541666666667 0.09645312500000003 0.11429166666666661
19 0.5300859375 0.888611111111111 0.08664062500000007 0.13369444444444442
19 0.44524609374999996 0.7920972222222223 0.13186718749999998 0.22052777777777774
19 0.25695703124999997 0.7619583333333334 0.08811718749999997 0.1561388888888889
15 0.5619726562499999 0.7634305555555555 0.09046093749999998 0.15177777777777773
0 0.23653906249999998 0.6034027777777778 0.07170312499999998 0.13411111111111104
8 0.42239453125 0.6411041666666666 0.14711718749999997 0.1340694444444444
8 0.7217734375 0.583388888888889 0.09271875000000004 0.1404166666666667
19 0.5249453125 0.666375 0.10396874999999994 0.12966666666666668
19 0.45873046874999995 0.49977777777777777 0.15033593750000004 0.2958888888888888
19 0.5801953125 0.5467222222222222 0.22992187499999997 0.3579166666666667
19 0.376375 0.5634722222222222 0.10523437500000003 0.12305555555555558
16 0.48412109374999995 0.27258333333333334 0.17449218749999998 0.30766666666666664
10 0.6656640625 0.32895833333333335 0.117578125 0.2711111111111111
8 0.7214453125 0.17541666666666667 0.269140625 0.35083333333333333
19 0.4010546875 0.2034375 0.075390625 0.1695138888888889
2 0.258203125 0.16673611111111108 0.1828125 0.22180555555555553
19 0.47196875 0.03645138888888889 0.07912499999999997 0.07290277777777777
8 0.26983984375 0.10136805555555556 0.10755468749999997 0.193625
8 0.56221484375 0.06172222222222222 0.12114843749999996 0.12344444444444444
17 0.34271875 0.07070833333333333 0.05081249999999997 0.12747222222222224
17 0.40891796874999997 0.0641111111111111 0.08407031249999997 0.1098888888888889
17 0.52636328125 0.08059027777777777 0.05933593750000003 0.08131944444444444
10 0.28357031250000003 0.25185416666666666 0.18078124999999998 0.15118055555555557