2 0.6953984375 0.9815625 0.09949999999999992 0.036874999999999936
17 0.5791015625 0.9427430555555555 0.08118750000000005 0.11451388888888896
2 0.50625 0.9048611111111111 0.1515625 0.19027777777777777
19 0.38558984375 0.955486111111111 0.07585156250000002 0.08902777777777765
17 0.29245703125 0.9644513888888888 0.06258593750000001 0.0710972222222223
0 0.238515625 0.9238888888888888 0.07390625000000002 0.1522222222222221
19 0.75115625 0.7590555555555555 0.1426874999999999 0.28844444444444456
19 0.3160703125 0.8297777777777778 0.08089062499999997 0.21372222222222237
17 0.7251015625 0.6815138888888889 0.079875 0.14916666666666664
8 0.36468359375 0.7652083333333334 0.06655468750000004 0.10930555555555561
19 0.48605078125000006 0.7410833333333334 0.09855468750000007 0.13027777777777771
14 0.28319140625 0.7164583333333334 0.07797656249999996 0.16605555555555548
19 0.3370546875 0.66475 0.06553125 0.1373055555555555
17 0.39788671875000003 0.6267777777777778 0.0643515625 0.15441666666666676
19 0.64625 0.6604513888888889 0.10007812499999993 0.2193472222222223
10 0.5903984375 0.5286388888888889 0.11570312499999993 0.28194444444444444
19 0.5022656249999999 0.6102569444444444 0.07523437499999996 0.1564583333333333
14 0.388421875 0.550236111111111 0.22179687499999998 0.24472222222222229
19 0.63101171875 0.5294722222222222 0.12021093749999992 0.25530555555555545
19 0.2558515625 0.3592777777777778 0.08139062500000005 0.13827777777777783
14 0.31040234375000003 0.4003819444444444 0.10033593750000006 0.1537638888888889
19 0.3668828125 0.5011666666666668 0.09015625000000002 0.2065555555555556
19 0.44383203125000004 0.43195833333333333 0.10047656250000006 0.08019444444444446
19 0.5570039062500001 0.4182013888888889 0.0693359375 0.08143055555555555
19 0.4025117187499999 0.32625000000000004 0.1820390625 0.13594444444444448
19 0.6279687500000001 0.18936805555555555 0.12906250000000002 0.1773472222222222
19 0.44690624999999995 0.15843055555555557 0.10196874999999998 0.26955555555555555
19 0.52222265625 0.19120138888888888 0.06664843749999996 0.13101388888888887
19 0.55949609375 0.07555555555555556 0.14397656249999996 0.1511111111111111
8 0.656703125 0.051701388888888894 0.10112500000000005 0.10340277777777779
17 0.485796875 0.09877083333333332 0.08371875000000006 0.1480138888888889
19 0.33369921874999997 0.024493055555555556 0.06880468749999995 0.04898611111111111
19 0.40858984375 0.028145833333333335 0.045835937500000014 0.05629166666666667
12 0.24156249999999999 0.23430555555555554 0.09953124999999999 0.19305555555555556