19 0.6575585937499999 0.9871944444444444 0.08972656249999993 0.02561111111111119
19 0.4171875 0.9708333333333333 0.03671875 0.058333333333333334
4 0.472265625 0.9451388888888889 0.1015625 0.10972222222222222
12 0.22983203125 0.9620833333333333 0.06833593750000003 0.07583333333333321
10 0.39539453125 0.7425902777777778 0.10661718750000002 0.25370833333333337
19 0.1977265625 0.786125 0.060968750000000016 0.12822222222222213
2 0.49777343749999997 0.8269722222222222 0.08004687500000003 0.11180555555555556
19 0.4925078125 0.589375 0.10210937500000003 0.2345833333333333
0 0.47612890625000004 0.7314305555555556 0.05422656250000006 0.0926666666666667
18 0.53446484375 0.6992569444444445 0.07014843749999997 0.1388194444444445
19 0.62409765625 0.7064305555555556 0.07805468750000007 0.16241666666666674
19 0.7633437500000001 0.5833611111111112 0.08868750000000007 0.17930555555555558
18 0.8295937499999999 0.6092152777777778 0.027890624999999857 0.057041666666666734
17 0.58449609375 0.5635902777777777 0.06528906249999995 0.14398611111111106
18 0.38812890624999996 0.5963472222222223 0.04764843749999996 0.046000000000000006
8 0.30051171875 0.4900069444444445 0.09132031249999999 0.18823611111111108
3 0.39682031249999994 0.5049236111111111 0.09 0.13376388888888882
13 0.48268359375000003 0.3248333333333333 0.17644531249999998 0.33977777777777773
19 0.66871875 0.5676527777777778 0.12043750000000006 0.24941666666666673
18 0.59274609375 0.4111597222222222 0.07278906250000006 0.21134722222222216
7 0.64740625 0.4193958333333333 0.07676562499999999 0.12709722222222222
7 0.33902734375 0.34388888888888886 0.0741171875 0.1929444444444444
10 0.27504296875 0.3152083333333333 0.06710156249999999 0.3034722222222222
18 0.4026640625 0.4019444444444445 0.04742187500000004 0.09022222222222227
19 0.5610546875 0.17744444444444443 0.11179687499999993 0.1612222222222222
18 0.39394140625 0.1560486111111111 0.09977343750000003 0.14265277777777774
2 0.42664453125 0.057923611111111106 0.10641406250000003 0.11584722222222221
3 0.56561328125 0.09038888888888888 0.26047656250000006 0.18077777777777776
17 0.30037890625 0.043805555555555556 0.07305468749999999 0.08761111111111111