16 0.601921875 0.9123888888888888 0.07201562500000006 0.083111111111111
14 0.5963984375 0.9812708333333333 0.04018750000000004 0.03745833333333337
7 0.37320312499999997 0.8767777777777778 0.187203125 0.24644444444444452
19 0.290234375 0.9777777777777777 0.034375 0.044444444444444446
14 0.52825 0.9277777777777778 0.045187499999999936 0.0875
19 0.63400390625 0.9345902777777777 0.06774218750000002 0.13081944444444452
0 0.49123437500000006 0.8003611111111111 0.06612500000000007 0.10466666666666653
14 0.70437890625 0.8386111111111111 0.09932031250000009 0.22341666666666685
19 0.66230859375 0.6400208333333334 0.08653906249999999 0.13426388888888882
17 0.56876953125 0.7614305555555556 0.04994531250000005 0.1335555555555556
14 0.61000390625 0.7345208333333334 0.03936718750000008 0.10265277777777781
19 0.636765625 0.79375 0.055265625000000006 0.07905555555555566
19 0.2075703125 0.672701388888889 0.24060937500000001 0.39293055555555567
17 0.556890625 0.6575833333333334 0.051999999999999956 0.08516666666666674
19 0.52503125 0.7270902777777778 0.05068750000000009 0.11584722222222225
18 0.4506015625 0.6815555555555555 0.13720312499999995 0.212
3 0.39351562500000004 0.6227569444444444 0.14046874999999998 0.16273611111111105
1 0.35666015624999997 0.6537916666666667 0.07328906249999996 0.12508333333333327
19 0.36201171875 0.7321111111111112 0.040460937499999974 0.055888888888888905
19 0.5228203124999999 0.5099930555555556 0.08851562499999996 0.20843055555555548
19 0.7758203124999999 0.5563194444444445 0.135078125 0.13608333333333336
11 0.58025 0.49242361111111116 0.03140625000000004 0.11173611111111117
15 0.67060546875 0.41334722222222225 0.1449140625 0.2784166666666667
10 0.2337578125 0.4681458333333333 0.12053124999999998 0.2820416666666667
0 0.3082109375 0.49067361111111113 0.044578124999999955 0.111625
19 0.22152734375 0.34834027777777776 0.11141406250000001 0.20354166666666673
19 0.41205859375000004 0.4974722222222222 0.12260156250000005 0.12974999999999995
19 0.42230468749999994 0.34204861111111107 0.06689062499999995 0.2820694444444445
19 0.3564921875 0.41959722222222223 0.06078124999999997 0.17397222222222222
19 0.60242578125 0.32868055555555553 0.1515546875 0.17624999999999996
7 0.4731953125 0.26222222222222225 0.07079687499999991 0.34444444444444444
7 0.27684375 0.23034027777777774 0.14946874999999996 0.3570694444444445
12 0.7127890625 0.13333333333333333 0.10229687500000004 0.24499999999999997
19 0.393203125 0.18953472222222223 0.14359374999999996 0.30545833333333333
19 0.57396484375 0.23524305555555555 0.12461718749999999 0.21615277777777778
19 0.618546875 0.02036111111111111 0.06585937499999997 0.04072222222222222
3 0.42807031249999994 0.022159722222222223 0.06179687499999997 0.044319444444444446