12 0.64390625 0.9645833333333333 0.121875 0.07083333333333333
19 0.7706171874999999 0.9727361111111111 0.07610937499999997 0.054527777777777765
19 0.5015625 0.9951388888888889 0.0296875 0.009722222222222222
19 0.5298515625 0.9214374999999999 0.08132812499999993 0.14862499999999998
0 0.31559765625 0.9020694444444445 0.08941406250000003 0.16638888888888884
19 0.406734375 0.8136805555555554 0.04728124999999998 0.09455555555555545
10 0.55583203125 0.6066458333333333 0.13530468750000005 0.20923611111111115
17 0.66304296875 0.8304652777777777 0.09197656250000001 0.10909722222222216
16 0.6538984375 0.6583541666666667 0.12462499999999999 0.2275972222222223
19 0.6143828125 0.9002291666666666 0.10346875000000004 0.11734722222222224
19 0.41462890625000004 0.7299027777777778 0.09324218749999998 0.08466666666666672
19 0.545890625 0.777861111111111 0.10737500000000004 0.14577777777777784
14 0.46703906249999994 0.6237013888888888 0.07696874999999999 0.11120833333333324
2 0.26480468749999997 0.5140972222222222 0.158328125 0.24694444444444438
19 0.43791796875 0.5105763888888889 0.17628906250000004 0.1278749999999999
19 0.51328125 0.38867361111111115 0.16940624999999992 0.3840694444444444
19 0.6197265625 0.42184027777777783 0.12023437500000007 0.2284027777777778
19 0.474140625 0.16959027777777777 0.125 0.21609722222222222
18 0.7540234375 0.3204097222222222 0.04306249999999991 0.08856944444444442
19 0.64090625 0.179375 0.09037500000000005 0.26569444444444446
17 0.78273046875 0.21611805555555558 0.05319531250000002 0.06298611111111115
18 0.24545703125 0.3113194444444444 0.21502343750000003 0.23236111111111113
19 0.30078125 0.18888888888888888 0.10718750000000003 0.15166666666666664
19 0.5325585937499999 0.07935416666666667 0.1046953125 0.14259722222222224
18 0.5355156249999999 0.19718055555555555 0.02954687499999995 0.0450277777777778
18 0.4325 0.050555555555555555 0.06671875000000002 0.10111111111111111
15 0.3620078125 0.025041666666666667 0.069234375 0.050083333333333334
18 0.7233750000000001 0.10861805555555555 0.11989062500000003 0.18312499999999998
19 0.8158242187499999 0.10635416666666665 0.12241406250000005 0.1996527777777778