19 0.4718359375 0.9144444444444444 0.14398437499999997 0.17111111111111119
17 0.29037109375000003 0.9454166666666666 0.07222656250000004 0.10916666666666654
12 0.5627382812499999 0.7578472222222222 0.09657031249999992 0.15291666666666662
18 0.61181640625 0.7761736111111112 0.08933593749999993 0.16265277777777773
19 0.44559765625000003 0.6877638888888888 0.05266406250000007 0.09736111111111115
6 0.60989453125 0.6222916666666667 0.09505468750000005 0.15097222222222229
2 0.6199765625 0.41338888888888886 0.1655156250000001 0.2617777777777778
19 0.65925390625 0.5789930555555556 0.08946093749999999 0.1174305555555555
2 0.46925 0.4244791666666667 0.18101562500000004 0.3234861111111111
19 0.34447656249999997 0.4880277777777778 0.12145312499999998 0.17227777777777772
19 0.312546875 0.3646111111111111 0.08556249999999999 0.14866666666666667
19 0.4372421875 0.3782430555555556 0.14357812499999997 0.2028472222222222
19 0.55419140625 0.20736111111111113 0.12975781249999993 0.22777777777777777
19 0.684375 0.20116666666666666 0.10279687499999994 0.07877777777777775
19 0.82198046875 0.41209027777777785 0.04458593750000004 0.10581944444444452
19 0.7916718749999999 0.2495069444444444 0.16196875000000005 0.20790277777777777
10 0.31453125 0.14388888888888887 0.12140624999999998 0.26666666666666666
10 0.5813984375 0.9536111111111112 0.07467187499999994 0.09277777777777771
19 0.6576640625 0.09646527777777777 0.21334374999999994 0.19293055555555555
18 0.40792578125 0.05381944444444445 0.09008593749999996 0.1076388888888889
18 0.11199218749999999 0.13903472222222224 0.10217187500000002 0.2780694444444445