9 0.7255390625 0.9603472222222221 0.08407812499999992 0.07930555555555543
11 0.2598515625 0.9705902777777777 0.07657812499999998 0.05881944444444432
19 0.35 0.9465277777777777 0.06015625 0.10694444444444444
19 0.41662109375 0.9554097222222222 0.08530468750000005 0.08918055555555561
11 0.500484375 0.9385069444444445 0.06335937499999993 0.12298611111111105
10 0.33584375 0.9043750000000002 0.05028125000000001 0.1366666666666668
19 0.6842343750000001 0.8143055555555555 0.2435625 0.37138888888888894
19 0.42171484375000007 0.7702777777777778 0.1810703125 0.3123055555555555
17 0.21475 0.7722430555555555 0.08354687500000002 0.18812500000000007
19 0.40626562499999996 0.735013888888889 0.05864062499999996 0.11683333333333326
10 0.33035546875 0.7344097222222222 0.06092968750000001 0.29151388888888896
19 0.535828125 0.722875 0.06484375 0.07041666666666672
19 0.24696875000000001 0.5846319444444443 0.07009375000000002 0.17318055555555564
19 0.18493750000000003 0.5424861111111111 0.10153125000000003 0.2635
19 0.432546875 0.5861875 0.048531249999999915 0.1257083333333333
17 0.223828125 0.40474305555555556 0.0859375 0.14420833333333336
12 0.57277734375 0.4052986111111111 0.09146093749999995 0.1958472222222222
19 0.49778124999999995 0.3453888888888889 0.06101562499999993 0.13166666666666665
19 0.41549609375 0.337875 0.0331484375 0.06541666666666666
19 0.44108203125 0.34741666666666665 0.011539062499999985 0.026583333333333313
19 0.358671875 0.17838888888888887 0.06390624999999997 0.10655555555555557
17 0.43107031250000005 0.15633333333333332 0.055984375000000065 0.18983333333333335
19 0.581125 0.2744027777777778 0.16539062500000004 0.15749999999999997
19 0.5367304687500001 0.17714583333333334 0.1348671875000001 0.10568055555555556
19 0.28260546875000003 0.1204236111111111 0.07755468749999998 0.15584722222222222
17 0.37952734375 0.13542361111111112 0.07078906250000001 0.2516805555555556
19 0.47553515625000004 0.08569444444444445 0.08939843750000005 0.1713888888888889
19 0.53486328125 0.07263888888888889 0.04964843749999996 0.14527777777777778