7 0.4109375 0.89375 0.09296875 0.2125
15 0.68315625 0.9335 0.08553125000000002 0.13299999999999998
12 0.75 0.9493055555555555 0.06484375 0.10138888888888889
3 0.68444921875 0.8006527777777778 0.2414921875000001 0.39869444444444435
19 0.294625 0.9225486111111111 0.09751562499999995 0.15490277777777775
19 0.19341406249999998 0.9457500000000001 0.06715625 0.10849999999999985
10 0.27390234375 0.8651944444444445 0.0674765625 0.14672222222222236
7 0.48217187499999997 0.8488541666666668 0.08364062499999995 0.16306944444444454
18 0.51497265625 0.9578402777777778 0.10478906250000009 0.08431944444444449
19 0.52587109375 0.85 0.04586718750000003 0.14836111111111103
12 0.57597265625 0.8372361111111111 0.07819531249999993 0.1908055555555557
19 0.630390625 0.8430069444444445 0.03093749999999993 0.060458333333333295
19 0.34454687500000003 0.8078263888888889 0.06832812500000003 0.13265277777777776
9 0.623578125 0.6980972222222223 0.0859375 0.16022222222222215
19 0.6050546875 0.5959444444444444 0.05073437500000004 0.054305555555555586
19 0.535125 0.6812916666666667 0.07993749999999995 0.13591666666666669
10 0.1866640625 0.7527638888888889 0.08929687499999998 0.30944444444444436
10 0.4081796875 0.7100277777777778 0.10146875000000004 0.16666666666666666
19 0.15339843749999998 0.8126527777777778 0.03970312499999999 0.10980555555555548
17 0.4846484374999999 0.7387916666666667 0.08271875000000009 0.10783333333333339
2 0.7316210937500001 0.5566458333333333 0.18511718750000003 0.3864861111111111
12 0.27637890625000006 0.6553263888888888 0.13014843750000002 0.2460138888888889
19 0.28538671875 0.767875 0.04411718750000002 0.07058333333333325
19 0.37012890625 0.6633125 0.0653671875 0.20579166666666662
19 0.52423828125 0.5754166666666667 0.08369531250000009 0.1986111111111111
3 0.6614921875 0.562576388888889 0.333640625 0.12581944444444448
19 0.45827343750000005 0.5352777777777777 0.07168749999999999 0.24833333333333327
10 0.287453125 0.5011388888888889 0.16553125 0.1290833333333334
17 0.39227734375 0.4034375 0.09191406250000003 0.14087500000000006
11 0.55070703125 0.3236875 0.13100781250000004 0.3859861111111111
0 0.18218359374999998 0.4137152777777778 0.045195312499999994 0.15031944444444448
19 0.22211328125000002 0.48036805555555556 0.06077343749999999 0.10454166666666664
19 0.37412890625 0.5619652777777778 0.039617187500000026 0.13698611111111111
17 0.24277734374999999 0.3558472222222222 0.09014843749999998 0.19013888888888886
8 0.46512890625000003 0.3583472222222222 0.08778906249999992 0.3016666666666667
19 0.6206406250000001 0.3650486111111111 0.06242187500000007 0.22618055555555558
19 0.31068359375 0.45125 0.053085937500000034 0.12152777777777778
19 0.261984375 0.18999305555555554 0.07959374999999999 0.2950138888888889
19 0.3218046875 0.25454166666666667 0.057328124999999994 0.13724999999999998
19 0.34521875 0.3538888888888889 0.061875000000000034 0.11372222222222221
17 0.395578125 0.2884861111111111 0.06600000000000002 0.11641666666666665
19 0.42141015625 0.24070833333333333 0.07383593749999999 0.1297222222222222
17 0.59661328125 0.20077777777777778 0.057289062499999946 0.1212222222222222
19 0.202578125 0.35938888888888887 0.06929687500000001 0.19958333333333336
19 0.78452734375 0.07370833333333333 0.12044531249999997 0.14741666666666667
18 0.23585937500000004 0.07018055555555555 0.06101562500000002 0.1403611111111111
18 0.2934296875 0.010944444444444446 0.012046874999999967 0.01411111111111111
7 0.51578515625 0.03135416666666667 0.11792968750000003 0.06270833333333334
2 0.4544570312499999 0.11012499999999999 0.12508593750000005 0.18463888888888888
19 0.5505507812499999 0.10522916666666667 0.07444531249999997 0.09968055555555556
17 0.44194140625000006 0.064 0.029867187500000014 0.05174999999999999
19 0.40671093750000004 0.06808333333333334 0.08807812500000001 0.13616666666666669