18 0.62421875 0.9395833333333333 0.140625 0.12083333333333333
2 0.7260703125 0.9786180555555556 0.05223437499999992 0.04276388888888884
17 0.441015625 0.8576736111111111 0.08375000000000003 0.1334027777777777
19 0.50516015625 0.8944027777777778 0.06752343750000005 0.08613888888888886
17 0.7228320312500001 0.8370486111111112 0.07222656250000004 0.09993055555555562
19 0.63297265625 0.9021319444444446 0.06163281250000008 0.11931944444444456
19 0.5476171875 0.7472638888888888 0.10414062499999996 0.2195277777777777
18 0.4420390625 0.9654166666666667 0.06423437500000002 0.0691666666666666
16 0.3916875 0.7790555555555555 0.07578125 0.14961111111111114
17 0.74246484375 0.7345555555555555 0.08949218749999996 0.12686111111111106
15 0.20655859375 0.684423611111111 0.10447656250000001 0.18095833333333328
18 0.43692578125 0.6062847222222222 0.03335156250000004 0.08754166666666663
2 0.54853515625 0.6010902777777778 0.1316484375 0.12284722222222229
19 0.7592226562500001 0.4508194444444445 0.1721796874999999 0.45905555555555555
16 0.47579296875 0.4594652777777778 0.1013671875 0.15673611111111113
14 0.5140781249999999 0.5229791666666667 0.09762500000000003 0.11184722222222218
16 0.18689843750000001 0.5389097222222222 0.09143749999999999 0.1755694444444444
19 0.27796093749999995 0.5076736111111112 0.042984374999999984 0.13659722222222226
9 0.33068749999999997 0.42325 0.08284374999999997 0.26844444444444443
17 0.617015625 0.5017847222222223 0.08046875 0.11920833333333339
17 0.5119921875 0.9780486111111112 0.049453124999999966 0.03945833333333345
10 0.59741796875 0.32219444444444445 0.09633593749999995 0.1995833333333333
18 0.44491796875 0.37346527777777777 0.06849218750000005 0.1264583333333333
17 0.42563671875 0.17681944444444445 0.08716406249999994 0.1299722222222222
7 0.64931640625 0.4260277777777778 0.05617968750000006 0.1217222222222222
14 0.5170390625000001 0.08534722222222223 0.10623437500000002 0.17069444444444445
18 0.32302734375000003 0.12858333333333333 0.08164843749999999 0.10922222222222225
18 0.430125 0.05493055555555555 0.08865625000000002 0.1098611111111111
19 0.35024609375 0.044006944444444446 0.0728515625 0.08801388888888889
19 0.2552734375 0.6049166666666667 0.06678125000000001 0.07969444444444444