19 0.7828125 0.9465277777777777 0.13828125 0.10694444444444444
19 0.35482031249999996 0.8880347222222222 0.18473437499999998 0.22393055555555558
19 0.2717109375 0.9576527777777778 0.06640625 0.08469444444444447
19 0.47296875 0.954125 0.0890625 0.09174999999999993
8 0.557265625 0.8772847222222222 0.153515625 0.2454305555555556
17 0.36862109375 0.7934097222222222 0.05574218750000002 0.09440277777777782
17 0.17420312500000001 0.9105555555555555 0.08142187500000002 0.131361111111111
19 0.2201328125 0.8658611111111111 0.09010937500000002 0.09980555555555541
19 0.72316015625 0.7873472222222222 0.06600781250000001 0.12469444444444441
17 0.79603515625 0.645875 0.07369531249999994 0.14855555555555552
7 0.28789453125 0.7345694444444444 0.1112265625 0.17969444444444435
19 0.23467968749999998 0.7197569444444445 0.06359374999999998 0.08356944444444446
19 0.35583203124999996 0.6727083333333334 0.05196093749999999 0.1360555555555556
19 0.42488671875 0.8106180555555556 0.07077343749999998 0.2142361111111111
19 0.4396328125 0.7087152777777778 0.13396875000000003 0.20676388888888897
19 0.465734375 0.6163958333333334 0.07937499999999993 0.11434722222222228
19 0.7968554687499999 0.7943541666666666 0.08141406249999994 0.12726388888888904
19 0.6291718749999999 0.6563541666666667 0.026265624999999914 0.07426388888888892
8 0.5788828125000001 0.5704930555555555 0.06742187499999996 0.14873611111111115
19 0.24816796874999997 0.6479444444444444 0.0928828125 0.08366666666666668
19 0.7754296875 0.16930555555555557 0.09226562499999993 0.2308333333333333
19 0.35176562499999997 0.4902916666666667 0.408359375 0.2971666666666667
19 0.49180078125 0.3654930555555556 0.07482031249999999 0.08987500000000001
19 0.3365625 0.27064583333333336 0.14156250000000004 0.1912916666666667
9 0.5292773437499999 0.2584027777777778 0.15066406249999992 0.17180555555555554
14 0.7007929687500001 0.23697916666666666 0.08017968750000008 0.1978472222222222
17 0.7597578125 0.3650277777777778 0.07023437500000007 0.10861111111111113
19 0.3170625 0.10669444444444444 0.195375 0.21338888888888888
19 0.44683593749999995 0.10879861111111112 0.08382812499999996 0.18759722222222222
19 0.573015625 0.0430625 0.06446874999999999 0.086125