19 0.7349921875 0.9864583333333333 0.04376562499999999 0.027083333333333334
19 0.40546875 0.9805555555555555 0.04765625 0.03888888888888889
10 0.54948046875 0.8034236111111112 0.13530468750000005 0.19962500000000002
17 0.659375 0.9833333333333333 0.0671875 0.03333333333333333
16 0.65458203125 0.84475 0.12036718749999994 0.23505555555555557
19 0.40612109375000005 0.9157847222222222 0.09324218749999998 0.08465277777777784
19 0.541 0.9480347222222221 0.10737500000000004 0.10393055555555546
14 0.46211328125 0.8225833333333333 0.07697656249999998 0.11122222222222213
2 0.2575078125 0.7151111111111111 0.158328125 0.24694444444444438
19 0.4435390625 0.7026041666666667 0.150984375 0.13909722222222226
19 0.5125859375 0.5894444444444444 0.16657812500000002 0.3702777777777778
19 0.6155078125 0.6132152777777777 0.12023437500000007 0.22840277777777784
19 0.47062499999999996 0.36096527777777776 0.125 0.21609722222222227
18 0.75296484375 0.5180347222222222 0.03813281249999996 0.08856944444444442
19 0.6296484375 0.37075694444444446 0.09037500000000005 0.2556805555555556
17 0.7802539062499999 0.41436111111111107 0.04121093749999991 0.06427777777777774
18 0.24302734375000004 0.5036805555555556 0.21502343750000003 0.23236111111111105
19 0.29348437499999996 0.3812638888888889 0.10718750000000003 0.1516666666666667
19 0.5304492187500001 0.2724305555555555 0.1046953125 0.14258333333333328
18 0.53058984375 0.39981249999999996 0.029554687499999944 0.0450416666666666
18 0.424390625 0.22345138888888888 0.06873437500000001 0.173125
15 0.33111718749999997 0.11869444444444444 0.11281249999999998 0.23738888888888887
18 0.8120312499999999 0.2962430555555556 0.11989062500000003 0.18312500000000004
19 0.7208398437500001 0.29772916666666666 0.12241406250000005 0.1996527777777778
17 0.604359375 0.06593055555555555 0.09017187500000005 0.12247222222222223
19 0.5197617187500001 0.1271736111111111 0.08510156250000005 0.1620972222222222
12 0.5253359375 0.02846527777777778 0.07801562499999992 0.05693055555555556
19 0.42604296875000003 0.0671875 0.13069531249999997 0.134375