18 0.674375 0.9380555555555555 0.10203124999999993 0.12388888888888895
14 0.3033671875 0.9659583333333334 0.09534374999999998 0.0680833333333333
17 0.41489453125 0.9843472222222223 0.034164062500000016 0.0313055555555555
17 0.46334765625 0.9824166666666666 0.06205468750000005 0.035166666666666575
19 0.5121289062500001 0.9348194444444443 0.06828906250000007 0.13036111111111098
12 0.762109375 0.9743055555555555 0.06640625 0.05138888888888889
12 0.72840234375 0.9142083333333334 0.07007031250000004 0.14174999999999993
11 0.5277031249999999 0.7908194444444444 0.10085937499999993 0.17711111111111108
19 0.20862109375 0.9275208333333332 0.06389843749999999 0.09237499999999998
19 0.28272265625 0.8763472222222223 0.07161718749999997 0.16222222222222216
19 0.27228125 0.6908819444444444 0.12046875000000004 0.27195833333333325
19 0.37217968749999997 0.920125 0.07664062499999998 0.15974999999999998
19 0.44916015624999994 0.9091041666666666 0.0771484375 0.12404166666666659
19 0.39073828125 0.7723888888888889 0.15100781249999998 0.3108888888888889
19 0.44320703124999994 0.6824722222222223 0.12378906250000003 0.20388888888888881
19 0.54233984375 0.6736597222222221 0.17692968750000002 0.12368055555555549
12 0.6103828125 0.6898055555555556 0.07279687500000005 0.10569444444444448
19 0.8207578124999999 0.7371666666666666 0.05085937499999993 0.14208333333333328
16 0.6506523437499999 0.5302083333333333 0.05689843749999994 0.13599999999999995
16 0.327625 0.4998888888888888 0.11934375 0.2243888888888888
10 0.41637109375000003 0.5255833333333333 0.08999218750000004 0.2049166666666666
19 0.50455078125 0.45736805555555554 0.11528906249999996 0.31748611111111114
19 0.580515625 0.46681944444444445 0.117578125 0.30202777777777784
16 0.22757421874999997 0.26086805555555553 0.12983593750000003 0.26284722222222223
3 0.3364140625 0.2000277777777778 0.22857812499999994 0.4000555555555556
19 0.5109765625 0.23339583333333336 0.08492187500000004 0.1390138888888889
19 0.664703125 0.29815972222222226 0.07037499999999994 0.06901388888888889
19 0.6397265625 0.20362500000000003 0.14710937499999996 0.18474999999999997
17 0.207765625 0.06463194444444444 0.08006250000000001 0.12926388888888887
19 0.6929765625 0.052013888888888894 0.16139062499999995 0.10402777777777779
8 0.755234375 0.19005555555555556 0.06673437500000005 0.06649999999999999
19 0.530796875 0.09105555555555556 0.17326562499999998 0.1821111111111111