19 0.4553984375000001 0.9197916666666667 0.140421875 0.16041666666666668
19 0.5679726562499999 0.8857638888888889 0.1018671874999999 0.22847222222222222
19 0.653125 0.9097222222222222 0.09609375 0.18055555555555555
19 0.71896484375 0.9394444444444444 0.07035156249999996 0.12111111111111117
12 0.7301054687499999 0.8417361111111112 0.12213281249999994 0.1370833333333334
17 0.1965703125 0.902888888888889 0.09060937500000002 0.1647777777777779
19 0.5383203125 0.7277777777777777 0.08414062500000004 0.17194444444444437
19 0.7097148437499999 0.6720208333333334 0.23019531250000008 0.28409722222222217
12 0.22444531249999997 0.6287222222222222 0.094046875 0.16450000000000006
17 0.40841015625 0.6283888888888889 0.0770859375 0.09183333333333334
19 0.37463671875000004 0.5356388888888889 0.2350546875 0.3762222222222221
19 0.14059765625 0.7584374999999999 0.023960937500000012 0.0678472222222221
8 0.43709765625 0.33119444444444446 0.2079921875 0.3479444444444445
19 0.244046875 0.37992361111111106 0.033781250000000006 0.05737499999999996
8 0.278578125 0.05363888888888889 0.18706250000000002 0.10727777777777778
19 0.3340859375 0.08336111111111112 0.023890625000000033 0.040777777777777774
19 0.56096484375 0.7709722222222223 0.10144531249999993 0.26727777777777784
18 0.11199218749999999 0.13903472222222224 0.10217187500000002 0.2780694444444445