14 0.47774218749999997 0.9804861111111111 0.08020312500000007 0.039027777777777654
12 0.369140625 0.9680555555555556 0.07109375 0.06388888888888888
8 0.187109375 0.9034722222222222 0.13828125 0.19305555555555556
19 0.58549609375 0.9619930555555556 0.1390546875 0.07601388888888891
19 0.77136328125 0.9503194444444445 0.12096093750000003 0.09936111111111107
14 0.283828125 0.9140694444444445 0.0944375 0.17186111111111113
19 0.8379492187500001 0.8103611111111112 0.1315546874999999 0.2165833333333334
19 0.7608320312499999 0.8086666666666666 0.039148437499999925 0.05147222222222215
19 0.5097890625 0.8415208333333333 0.1295 0.1664583333333332
19 0.48081250000000003 0.6831875 0.12535937500000002 0.283375
12 0.3490078125 0.6839861111111112 0.13892187499999994 0.22388888888888894
19 0.4005078125 0.7541944444444444 0.06025000000000005 0.0956944444444445
17 0.61505859375 0.828125 0.07005468750000006 0.13030555555555548
7 0.71824609375 0.7248888888888888 0.05941406249999996 0.21655555555555558
19 0.5341562499999999 0.5623819444444444 0.08032812499999994 0.15620833333333337
19 0.7116835937499999 0.508236111111111 0.042414062499999974 0.07508333333333325
19 0.4646796875 0.5156041666666666 0.04635937499999994 0.06959722222222224
19 0.4094921875 0.42901388888888886 0.127546875 0.21041666666666667
19 0.5572265625 0.38038194444444445 0.157625 0.2502916666666667
19 0.69809765625 0.38925 0.021773437499999916 0.047111111111111055
19 0.2530546875 0.4544375 0.012421874999999982 0.022069444444444426
19 0.7283203125 0.37228472222222214 0.04215625000000003 0.05043055555555552
19 0.6793437499999999 0.3176111111111111 0.039484374999999974 0.1114166666666667
19 0.5189765625 0.38336805555555553 0.04642187500000006 0.11290277777777777
17 0.43678906250000005 0.3110347222222222 0.049453124999999966 0.07326388888888889
19 0.3636171875 0.29159722222222223 0.0916875 0.07325000000000001
19 0.3751171875 0.279375 0.10679687500000004 0.2804166666666667
8 0.76933984375 0.2594236111111111 0.15553906249999994 0.19245833333333331
19 0.4407109375 0.17701388888888886 0.10610937499999995 0.10097222222222221
19 0.55576953125 0.2022361111111111 0.05033593750000005 0.09924999999999998
19 0.3011171875 0.15179861111111112 0.03296875000000003 0.0732638888888889
19 0.38919921875 0.10875694444444445 0.0731484375 0.07143055555555557
8 0.49376953125 0.09502083333333332 0.08653906249999999 0.1538472222222222
19 0.5169453125000001 0.03194444444444444 0.08139062500000005 0.06388888888888888