17 0.55217578125 0.9468958333333333 0.06285156250000004 0.10620833333333338
17 0.44022656250000003 0.9089791666666667 0.08442187499999995 0.13476388888888885
18 0.299125 0.8674791666666666 0.050390625 0.12404166666666659
17 0.6939609375 0.7624791666666667 0.05895312500000003 0.14915277777777783
0 0.6411171875 0.827173611111111 0.07578125 0.1633472222222221
14 0.58203515625 0.8155416666666667 0.07092968749999998 0.12291666666666666
18 0.43353125 0.742111111111111 0.07059374999999997 0.10727777777777779
19 0.5559453125 0.7261944444444445 0.177328125 0.23294444444444448
2 0.20700781250000003 0.8216041666666666 0.047953125 0.1233194444444444
7 0.336140625 0.7726805555555556 0.11373437500000003 0.13080555555555565
19 0.4558867187500001 0.6421111111111112 0.08489843750000006 0.11780555555555547
14 0.2314921875 0.7563055555555557 0.05445312500000003 0.07761111111111127
19 0.2073671875 0.6583888888888889 0.12234375000000001 0.16888888888888892
19 0.33132031250000005 0.6074305555555555 0.14671874999999995 0.19016666666666662
10 0.5252578124999999 0.5685694444444445 0.1247187499999999 0.10261111111111111
17 0.7595273437500001 0.6163263888888889 0.06985156250000006 0.16318055555555558
10 0.6503593750000001 0.5318680555555555 0.08156250000000007 0.1591527777777778
19 0.7609531250000001 0.45781944444444445 0.08020312500000007 0.11388888888888889
19 0.5264921874999999 0.5079652777777778 0.049249999999999974 0.06129166666666666
14 0.625703125 0.39433333333333326 0.08443749999999994 0.18455555555555556
14 0.46448046875 0.45522916666666663 0.12661718749999995 0.20337500000000006
2 0.31812109375 0.42192361111111104 0.12199218749999999 0.18673611111111113
19 0.7124375 0.49570138888888887 0.041640624999999966 0.049874999999999954
19 0.40270703125 0.5352013888888889 0.10047656249999996 0.13659722222222226
18 0.40734765624999997 0.35508333333333336 0.1046953125 0.2536666666666667
19 0.26967578125 0.2622638888888889 0.06282031249999998 0.11708333333333334
3 0.3139921875 0.2300763888888889 0.07545312500000004 0.16595833333333335
17 0.498140625 0.23454166666666668 0.10637500000000007 0.2109166666666667
19 0.54662109375 0.2169791666666667 0.11480468750000003 0.23284722222222218
2 0.76476953125 0.28465277777777775 0.18610156250000004 0.2776388888888889
17 0.7616796875 0.22647916666666668 0.08023437499999994 0.1617638888888889
18 0.58001171875 0.11777777777777779 0.1502890624999999 0.1996388888888889
19 0.70834765625 0.052506944444444446 0.14691406249999997 0.10501388888888889
19 0.41283593749999997 0.03374305555555556 0.048968750000000005 0.06748611111111112
19 0.47574218749999997 0.026243055555555554 0.04812499999999993 0.05248611111111111
14 0.35753124999999997 0.01201388888888889 0.03631250000000001 0.02402777777777778
19 0.54370703125 0.0345 0.08442968749999995 0.069