17 0.19796874999999997 0.66125 0.06921875000000002 0.16000000000000006
17 0.588234375 0.5875208333333333 0.07582812499999995 0.11534722222222216
17 0.48545703125 0.8856944444444446 0.06533593750000008 0.12111111111111117
16 0.37164062500000006 0.27027083333333335 0.12500000000000006 0.27665277777777775
4 0.5107812500000001 0.21770833333333334 0.17359375000000005 0.4354166666666667
8 0.43580859375000003 0.14125694444444445 0.10317968749999995 0.1522361111111111
18 0.7048828125 0.8556527777777777 0.18023437500000003 0.2840833333333333
19 0.54578125 0.9210416666666666 0.09312500000000004 0.15791666666666673
19 0.37168750000000006 0.9226458333333333 0.10279687500000004 0.145236111111111
19 0.45054687499999996 0.5487222222222223 0.07546874999999993 0.14661111111111103
19 0.287109375 0.39826388888888886 0.16968750000000005 0.17180555555555557
19 0.1921875 0.8413125 0.05281250000000002 0.14623611111111107
19 0.4280546875 0.6519375 0.06067187500000002 0.14679166666666674
19 0.4975703125 0.7283680555555555 0.128921875 0.18868055555555552
19 0.42561328125 0.8275486111111111 0.06319531250000003 0.10609722222222236
19 0.45264453125 0.9284375 0.09760156250000004 0.14312499999999995
19 0.64883203125 0.11263194444444444 0.11483593750000001 0.18418055555555557
19 0.44632812499999996 0.30743055555555554 0.07640624999999997 0.19625
19 0.38355078125 0.049729166666666665 0.05055468749999999 0.07490277777777776
19 0.22697656250000003 0.17390972222222223 0.073015625 0.10115277777777776
19 0.7675742187499999 0.8459861111111111 0.06774218749999994 0.13122222222222224
19 0.246359375 0.6985416666666667 0.03603125 0.08236111111111112