19 0.6025546875 0.9527083333333334 0.06307812500000001 0.08597222222222235
3 0.41438671875 0.9477777777777777 0.06689843750000005 0.1044444444444445
19 0.4208046875 0.8542569444444446 0.052671875000000014 0.05762500000000001
19 0.46557031249999997 0.8323611111111112 0.053718749999999996 0.21897222222222235
18 0.58273046875 0.8476736111111112 0.10739843750000003 0.11348611111111116
19 0.5164296875 0.8115208333333332 0.09828124999999996 0.10015277777777763
19 0.6835546875 0.8867083333333332 0.09625000000000003 0.16747222222222213
18 0.7154921875 0.5785694444444445 0.2087031249999999 0.42405555555555546
3 0.42690234374999997 0.6712083333333333 0.06452343749999997 0.27425
17 0.6273085937499999 0.7688541666666667 0.04085156249999997 0.07520833333333346
16 0.56070703125 0.699673611111111 0.12263281250000002 0.21904166666666663
12 0.31208203125 0.6381527777777778 0.10844531249999996 0.14797222222222225
19 0.322421875 0.7416805555555556 0.05620312500000004 0.039444444444444574
19 0.24587109375000002 0.6967916666666667 0.07172656249999995 0.15641666666666668
19 0.51787890625 0.5493055555555556 0.08275781250000006 0.18169444444444435
0 0.45226953124999997 0.4366597222222222 0.08421093749999997 0.21248611111111113
7 0.36162890625 0.45768055555555553 0.12560156249999999 0.23247222222222222
19 0.21480859375 0.42834722222222227 0.04561718749999999 0.09802777777777784
19 0.28598046875 0.392625 0.07483593749999998 0.15402777777777774
19 0.5140703125 0.40141666666666664 0.04998437500000001 0.13199999999999998
10 0.5803828125 0.30427777777777776 0.18065625000000002 0.1980833333333333
16 0.43650781250000004 0.3121597222222222 0.07870312500000001 0.09293055555555552
19 0.79405859375 0.33699999999999997 0.08407031250000001 0.22011111111111115
17 0.7256015625 0.3613541666666667 0.06307812500000001 0.08576388888888889
19 0.5099609375 0.2759375 0.07914062499999996 0.12993055555555558
19 0.35428125 0.3136111111111111 0.06496874999999998 0.10111111111111108
17 0.3318359375 0.254375 0.09789062499999997 0.13236111111111112
17 0.69270703125 0.304625 0.055679687499999984 0.050916666666666624
19 0.660234375 0.19110416666666666 0.225 0.25304166666666666
17 0.40433984375 0.11363888888888887 0.08971093749999999 0.13863888888888887
19 0.49698046875 0.14698611111111112 0.09674218749999994 0.10736111111111113
17 0.50313671875 0.04769444444444445 0.06097656249999996 0.0953888888888889
3 0.41665625000000006 0.01642361111111111 0.059218749999999966 0.03284722222222222
19 0.5737890625 0.04588194444444444 0.08618749999999994 0.07193055555555554
19 0.72383984375 0.02684722222222222 0.057945312500000054 0.05369444444444444