19 0.387390625 0.9073819444444445 0.12021874999999996 0.18523611111111096
19 0.34785546875 0.791875 0.037382812500000015 0.06572222222222214
12 0.53322265625 0.8760208333333334 0.21286718750000003 0.2479583333333333
10 0.45637890625 0.7364236111111111 0.09380468749999996 0.10918055555555549
2 0.65222265625 0.8938125000000001 0.06967968750000005 0.2072083333333334
15 0.651671875 0.7505416666666667 0.11918749999999996 0.13655555555555546
0 0.44255859375 0.5899861111111111 0.05997656249999998 0.1776111111111111
19 0.40228125 0.7443263888888888 0.061765624999999956 0.18626388888888898
10 0.577125 0.6545833333333333 0.14996875000000004 0.23502777777777772
19 0.2182265625 0.6486527777777779 0.025765625000000014 0.04544444444444448
19 0.37598828125000006 0.3605763888888889 0.13678906250000003 0.24887500000000004
17 0.30050390625 0.37166666666666665 0.060664062499999984 0.11308333333333331
17 0.5001953125 0.3868125 0.1080937500000001 0.13965277777777776
19 0.44733203125000004 0.26408333333333334 0.060664062500000074 0.10391666666666666
19 0.5082187499999999 0.28428472222222223 0.07168749999999999 0.08234722222222225
10 0.6073203125 0.2550833333333334 0.08879687500000007 0.2098333333333334
7 0.8544140625000001 0.146875 0.13679687499999993 0.29375
10 0.33121093749999997 0.11722222222222223 0.06351562499999996 0.23444444444444446
17 0.20634765625 0.18369444444444444 0.06925781249999999 0.1415
19 0.57891796875 0.08641666666666667 0.09516406249999995 0.17283333333333334
19 0.25663671875 0.08341666666666667 0.12560156249999999 0.14588888888888893
10 0.467671875 0.10577083333333334 0.10853125000000005 0.1717638888888889
8 0.40149609374999995 0.049944444444444444 0.05558593750000003 0.09988888888888889
19 0.45391015625 0.03347222222222222 0.05691406249999993 0.06694444444444445
7 0.75825390625 0.0640625 0.17853906249999998 0.128125