19 0.1995078125 0.9710138888888888 0.05057812500000001 0.05797222222222224
19 0.50735546875 0.9635625 0.035476562500000065 0.07287500000000004
19 0.42953125000000003 0.9669652777777776 0.09943749999999998 0.06606944444444436
18 0.285515625 0.9803472222222223 0.121 0.03930555555555549
19 0.6300703125 0.920625 0.09701562500000005 0.15874999999999995
19 0.7535546875 0.9072222222222222 0.130859375 0.18555555555555542
19 0.75487890625 0.9055069444444445 0.10632031249999993 0.1537916666666667
19 0.43853906249999997 0.8967638888888888 0.13768750000000002 0.14286111111111097
19 0.56476953125 0.9751458333333334 0.06428906249999997 0.049708333333333285
19 0.29691796875 0.7928611111111111 0.14583593749999996 0.3948888888888888
14 0.2276171875 0.7708888888888888 0.12060937499999999 0.35355555555555546
19 0.35628906250000003 0.7553125 0.05221875000000002 0.12256944444444444
19 0.47457421875000005 0.7930902777777777 0.1087890625 0.17481944444444453
19 0.55801953125 0.7832777777777779 0.08752343749999998 0.30155555555555547
19 0.66242578125 0.7253541666666666 0.16022656249999995 0.33268055555555553
19 0.38815625 0.7004583333333333 0.022312499999999957 0.03844444444444438
19 0.36129296874999994 0.6608472222222223 0.09452343749999996 0.0900555555555556
19 0.47579296875 0.5977222222222222 0.14594531249999995 0.21377777777777773
19 0.5565312499999999 0.6180277777777778 0.03699999999999992 0.061027777777777854
17 0.34210546875 0.5920277777777778 0.05666406249999998 0.11263888888888893
17 0.773265625 0.5928958333333333 0.07640625000000005 0.11473611111111114
19 0.21878125 0.48791666666666667 0.10789062500000002 0.19561111111111115
19 0.1854296875 0.28479166666666667 0.14937499999999998 0.37625
19 0.25489843749999996 0.4048194444444445 0.08226562499999997 0.12458333333333335
14 0.5150625 0.3847013888888889 0.15607812499999998 0.3236805555555555
19 0.548765625 0.39386805555555554 0.07843750000000008 0.15812500000000004
19 0.73424609375 0.3615277777777778 0.2654140625 0.455
17 0.26696484375 0.29978472222222224 0.06088281250000005 0.12087499999999997
17 0.27838671875 0.19449305555555554 0.0680703125 0.12934722222222222
17 0.403109375 0.23661111111111113 0.09065624999999997 0.11683333333333334
15 0.60289453125 0.27041666666666664 0.09782031250000003 0.2111111111111111
10 0.37352734375 0.2986736111111111 0.14611718749999997 0.13262500000000002
19 0.48809765625 0.18889583333333332 0.0710859375 0.10526388888888892
19 0.4680625 0.3186527777777778 0.05057812500000001 0.08608333333333336
19 0.2966640625 0.11839583333333334 0.225 0.22637500000000002
19 0.48890234374999997 0.08323611111111112 0.17925781250000003 0.16483333333333333
12 0.70772265625 0.09381250000000001 0.21635156249999996 0.18762500000000001