17 0.43775390625000005 0.9547013888888889 0.06378906250000008 0.09059722222222225
19 0.37691796875000005 0.9376180555555556 0.04967968749999998 0.11973611111111117
19 0.5941015624999999 0.9411041666666667 0.044624999999999915 0.11779166666666659
19 0.29573828125 0.7793472222222222 0.10983593750000002 0.21986111111111103
19 0.45701953125 0.8693263888888888 0.1164140625 0.11012499999999995
19 0.5797656250000001 0.7196736111111111 0.10860937499999998 0.25254166666666666
19 0.41499218749999994 0.7744652777777777 0.09168749999999996 0.0986805555555555
12 0.712265625 0.7537777777777778 0.2328125 0.28994444444444445
19 0.17766796875000002 0.7302847222222222 0.029664062500000022 0.04176388888888888
19 0.26533984374999997 0.6503680555555555 0.09642968750000006 0.08131944444444437
19 0.377578125 0.5451597222222222 0.07976562500000002 0.2021527777777777
19 0.38687109375000006 0.7005 0.06675781250000004 0.1120833333333334
19 0.5281484375 0.7367013888888888 0.13475 0.11648611111111104
19 0.50586328125 0.5650277777777778 0.11285156250000003 0.21075000000000002
17 0.45969921874999997 0.5449513888888889 0.04767968749999998 0.15398611111111113
17 0.79343359375 0.5979166666666667 0.04697656250000008 0.17080555555555557
19 0.53573828125 0.6213888888888889 0.05686718749999997 0.1132777777777777
19 0.42419921875 0.6744861111111111 0.07911718749999999 0.1120833333333334
19 0.43971874999999994 0.5210833333333333 0.04928124999999994 0.1040555555555555
19 0.21965234375000003 0.48488888888888887 0.09108593750000002 0.1098888888888889
19 0.318078125 0.5111388888888888 0.015453124999999979 0.030527777777777803
19 0.232203125 0.38438194444444446 0.065296875 0.12287500000000004
19 0.3114921875 0.24375 0.18060937500000004 0.4875
13 0.308265625 0.3935138888888889 0.1203125 0.19300000000000006
19 0.41822265625000005 0.4206944444444445 0.09194531250000004 0.11313888888888894
19 0.5137890625 0.39907638888888897 0.15464062500000003 0.1772638888888889
19 0.72696484375 0.3628958333333333 0.04389843750000004 0.11456944444444446
19 0.5895 0.3804305555555555 0.11340625000000007 0.1283888888888889
2 0.74699609375 0.24197222222222217 0.1199140625000001 0.3411666666666666
19 0.22381640624999996 0.2854097222222222 0.027476562499999968 0.06256944444444446
17 0.43237890625 0.24511111111111114 0.06874218750000001 0.1114166666666667
2 0.5740078125 0.2965625 0.22093749999999995 0.27451388888888895
19 0.64771875 0.20770138888888892 0.07121875000000007 0.1662361111111111
19 0.81875 0.24685416666666665 0.03204687499999999 0.11720833333333332
5 0.8455351562500001 0.11590277777777776 0.09385156250000008 0.16666666666666666
19 0.4319023437499999 0.1479513888888889 0.05985156249999992 0.09890277777777776
19 0.41696484375000004 0.061875 0.038226562500000005 0.05494444444444445
19 0.7116640624999999 0.10602777777777778 0.06489062499999995 0.21205555555555555
19 0.6400078125 0.07122916666666666 0.08457812499999999 0.14245833333333333
19 0.5823632812499999 0.08037499999999999 0.05769531249999993 0.15708333333333332
8 0.49371875000000004 0.08496527777777778 0.15051562500000007 0.16993055555555556
17 0.20035937499999998 0.023590277777777776 0.060578125 0.04718055555555555
19 0.3684921875 0.1768611111111111 0.07293750000000002 0.12747222222222224
19 0.34871093750000004 0.05377777777777778 0.105078125 0.10549999999999997
19 0.64566796875 0.534 0.12116406249999993 0.17363888888888887
19 0.7581249999999999 0.5439305555555556 0.0421875 0.10980555555555548