19 0.54375 0.9201388888888888 0.0546875 0.1597222222222222
19 0.7308515625 0.8059861111111111 0.29554687500000004 0.38802777777777786
19 0.416015625 0.8652777777777778 0.171875 0.26944444444444443
18 0.25390625 0.9229166666666667 0.190625 0.15416666666666667
8 0.60233203125 0.911375 0.09650781249999998 0.17724999999999985
19 0.55598828125 0.8764861111111112 0.0529296875 0.1
19 0.29831640625 0.8418611111111111 0.03971093750000003 0.04902777777777771
14 0.25134765625 0.7769444444444444 0.1444921875 0.15294444444444452
3 0.5792578125000001 0.6433819444444444 0.16656250000000003 0.35434722222222215
19 0.7258515624999999 0.7491944444444445 0.05398437499999993 0.11861111111111115
17 0.5936015625000001 0.8226041666666668 0.07279687500000005 0.10784722222222234
10 0.79705859375 0.9193888888888888 0.042210937499999976 0.16122222222222213
18 0.43862109375 0.6214861111111112 0.13235156250000002 0.23269444444444448
3 0.45185546875 0.6462361111111111 0.057351562500000064 0.1
19 0.47833203125 0.42416666666666664 0.0716796875 0.16441666666666666
19 0.5407460937499999 0.35938194444444443 0.12905468750000004 0.3215694444444444
19 0.41943359375 0.39929166666666666 0.04963281249999998 0.09583333333333334
8 0.18317968750000002 0.4520277777777778 0.07168750000000002 0.18013888888888896
19 0.29161328124999997 0.35820138888888886 0.023570312499999968 0.04901388888888888
10 0.4550546875 0.24901388888888892 0.11714062500000004 0.2571944444444444
10 0.760578125 0.11527777777777778 0.1374062500000001 0.23055555555555557
17 0.19422656249999998 0.22915972222222222 0.084234375 0.161125
17 0.24836328124999998 0.23665277777777777 0.04963281249999998 0.12036111111111109
19 0.5184960937499999 0.2309513888888889 0.05161718749999995 0.08470833333333334
19 0.64899609375 0.7453888888888888 0.11594531250000006 0.1440000000000001
17 0.22321875000000002 0.08483333333333333 0.07279687500000002 0.13411111111111113
19 0.48726171874999996 0.0900625 0.15088281250000007 0.180125
19 0.70961328125 0.0500625 0.11117968749999996 0.100125