19 0.63040625 0.9463888888888888 0.11621875 0.10722222222222229
19 0.41383593750000003 0.9525347222222221 0.08389062500000004 0.09493055555555543
19 0.5414531250000001 0.8905277777777777 0.05679687500000004 0.15247222222222218
17 0.111234375 0.710201388888889 0.08629687499999998 0.14959722222222227
17 0.43699609375000004 0.7275555555555556 0.09567968750000003 0.12611111111111103
19 0.19305859375 0.8519513888888889 0.08383593749999999 0.1859305555555554
19 0.5285546875 0.73875 0.07660937499999995 0.15388888888888883
19 0.45417578125 0.5414097222222222 0.08583593749999992 0.20034722222222223
19 0.3205859375 0.5944166666666667 0.03265624999999996 0.027083333333333334
19 0.5503203125 0.5334583333333333 0.12890625 0.2686111111111111
12 0.633984375 0.6159583333333334 0.10220312499999995 0.22033333333333324
19 0.66197265625 0.7324861111111111 0.04921093750000001 0.08633333333333337
19 0.70755078125 0.6164652777777778 0.04875781250000007 0.1269861111111112
7 0.7658046875 0.5563611111111112 0.12682812499999993 0.36552777777777784
14 0.23203515624999999 0.3975486111111111 0.07174218750000001 0.1305972222222222
19 0.27352734375 0.4572222222222223 0.04147656250000002 0.21761111111111117
18 0.44775 0.3302222222222222 0.11421875000000004 0.29375
16 0.51279296875 0.40955555555555556 0.11924218750000008 0.20211111111111107
2 0.6864140625 0.37215277777777783 0.16109375000000004 0.26916666666666667
19 0.65583984375 0.30563194444444447 0.09808593749999997 0.11684722222222221
17 0.8381484374999999 0.3022152777777778 0.07887500000000003 0.18334722222222224
14 0.367625 0.3236041666666667 0.07593749999999999 0.1294305555555556
19 0.30710937499999996 0.24217361111111113 0.07562499999999997 0.20601388888888894
5 0.567421875 0.16291666666666668 0.09421874999999993 0.1686111111111111
19 0.51023046875 0.21302777777777776 0.025789062499999994 0.06327777777777778
12 0.41560546875000004 0.15628472222222223 0.11121093749999997 0.19229166666666664
19 0.36556640625000003 0.20838888888888887 0.07175781250000002 0.13122222222222224
19 0.48587499999999995 0.10503472222222222 0.08190624999999993 0.10784722222222223
12 0.56196484375 0.04172916666666667 0.10263281249999992 0.08345833333333334
19 0.684921875 0.06171527777777778 0.023171875000000064 0.06740277777777778
7 0.41466796875 0.03584722222222222 0.14269531250000003 0.07169444444444444