14 0.35465234375000004 0.9804861111111111 0.029757812500000026 0.039027777777777654
10 0.760546875 0.9819444444444444 0.06171875 0.03611111111111111
19 0.82352734375 0.9834722222222223 0.041851562500000127 0.03305555555555549
16 0.1984375 0.9645833333333333 0.08125 0.07083333333333333
16 0.42640625 0.9097222222222222 0.07390624999999998 0.18055555555555555
16 0.505859375 0.9284722222222223 0.08515625 0.14305555555555555
11 0.5611171875000001 0.8441944444444444 0.13070312499999998 0.18138888888888877
17 0.708125 0.9283125 0.06687499999999993 0.14337500000000003
19 0.62330859375 0.7915972222222223 0.1332890625000001 0.2636111111111111
10 0.8164921875000001 0.8104444444444444 0.080859375 0.29522222222222216
2 0.28013281250000005 0.8639166666666667 0.10562500000000004 0.25513888888888897
16 0.40444531250000004 0.6999652777777778 0.14012500000000006 0.23640277777777782
17 0.5267578125 0.6774722222222221 0.07682812499999994 0.1896666666666666
19 0.48794921874999997 0.7293888888888889 0.052773437499999964 0.22852777777777772
17 0.3065390625 0.6594305555555555 0.08528124999999998 0.14119444444444448
7 0.329390625 0.47404861111111113 0.204875 0.27948611111111116
19 0.47045703125000005 0.44692361111111106 0.09702343750000005 0.12526388888888895
19 0.60100390625 0.4745833333333334 0.05646093749999999 0.08063888888888882
0 0.58468359375 0.38663888888888887 0.0455078125 0.07075000000000004
12 0.6486328125 0.25729166666666664 0.12914062499999995 0.23541666666666666
19 0.7752578124999999 0.25424305555555554 0.08198437499999996 0.1632638888888889
19 0.46282421875000007 0.32549999999999996 0.08021093750000005 0.17413888888888884
19 0.529984375 0.29850000000000004 0.07945312500000004 0.1260833333333333
19 0.538375 0.15074305555555556 0.07934374999999996 0.15740277777777775
0 0.32397265625 0.1312222222222222 0.08941406250000003 0.1663888888888889
19 0.411484375 0.06013888888888889 0.04728124999999998 0.09455555555555557
10 0.5529101562500001 0.036118055555555556 0.10891406250000006 0.07054166666666667
17 0.668578125 0.04620138888888889 0.07345312499999998 0.09240277777777778
16 0.70952734375 0.05488194444444445 0.03546093750000008 0.06904166666666668
19 0.6195937499999999 0.12918055555555555 0.10549999999999997 0.12458333333333332