19 0.48410156249999997 0.8876319444444445 0.102734375 0.22473611111111103
18 0.58017578125 0.9260486111111111 0.12316406250000007 0.1479027777777778
10 0.732421875 0.9875 0.02890625 0.025
19 0.33558984374999995 0.9437222222222222 0.06986718750000005 0.1125555555555555
11 0.27607421875 0.8939583333333333 0.05960156249999997 0.2120833333333334
17 0.41316015625 0.9208888888888889 0.08642968750000005 0.10152777777777765
19 0.733390625 0.8320347222222222 0.15399999999999991 0.17545833333333324
11 0.6441132812499999 0.7182291666666667 0.10163281249999993 0.2558472222222223
15 0.45538671875 0.8501458333333334 0.14944531249999998 0.21156944444444434
19 0.5117499999999999 0.7832847222222222 0.12009375000000003 0.1222361111111111
3 0.21418749999999998 0.6785416666666667 0.190859375 0.3311111111111111
16 0.37748046874999996 0.6235 0.08225781249999997 0.12638888888888888
19 0.44333203125000004 0.6673402777777778 0.07458593750000002 0.1330972222222222
19 0.51390234375 0.6825972222222223 0.08794531249999996 0.1100833333333334
19 0.616171875 0.5422430555555555 0.11421875000000004 0.21865277777777786
16 0.7354921875 0.6787847222222223 0.07948437500000001 0.11451388888888896
2 0.75139453125 0.5153958333333334 0.19538281249999995 0.23584722222222215
19 0.23380859375 0.48650000000000004 0.05630468749999995 0.20569444444444449
19 0.22565625000000003 0.5204930555555556 0.0915 0.12523611111111105
19 0.28012890625000003 0.5894375 0.054929687499999956 0.10381944444444445
3 0.325015625 0.6110277777777777 0.03799999999999999 0.14008333333333337
19 0.37358984375000004 0.4567291666666667 0.10835156250000004 0.19712500000000008
18 0.47981640625000005 0.41120833333333334 0.10364843750000005 0.40805555555555567
19 0.52969140625 0.5252916666666666 0.06282031250000006 0.1260833333333333
19 0.3905703125 0.17306249999999998 0.127640625 0.24887499999999999
19 0.61905078125 0.21905555555555556 0.19958593750000003 0.42369444444444443
19 0.6529804687499999 0.3649513888888889 0.07500781249999999 0.056152777777777746
17 0.71680078125 0.39008333333333334 0.11342968750000004 0.17516666666666666
18 0.721890625 0.3703333333333333 0.09220312499999998 0.10808333333333328
19 0.7953359375 0.1509513888888889 0.1438593749999999 0.2227361111111111
2 0.32169140625 0.25182638888888886 0.051664062499999996 0.08218055555555558
14 0.40628515625000006 0.2775694444444444 0.0486328125 0.08105555555555558
14 0.47234375 0.06124305555555555 0.09017187500000005 0.1224861111111111
17 0.2768046875 0.047736111111111104 0.07193750000000003 0.09547222222222221