14 0.66668359375 0.98325 0.04944531249999997 0.03349999999999985
19 0.36008203125 0.9105208333333332 0.11971093749999998 0.17895833333333322
2 0.40368750000000003 0.82975 0.17820312499999996 0.3405
7 0.530828125 0.9133611111111111 0.165234375 0.17327777777777775
19 0.291640625 0.8624374999999999 0.032343749999999984 0.10284722222222216
14 0.299078125 0.7783402777777777 0.08410937499999997 0.14304166666666668
19 0.7068125 0.8451388888888889 0.060218749999999946 0.15561111111111106
19 0.5188007812500001 0.7724652777777777 0.05207031250000007 0.10154166666666653
2 0.5672421875 0.7483611111111111 0.14507812500000003 0.2093055555555556
17 0.7652421875 0.7480347222222222 0.06095312499999998 0.14612500000000006
8 0.33014453125000004 0.6663402777777777 0.06010156250000005 0.10837499999999996
19 0.7010859375 0.6712152777777778 0.15893750000000004 0.19079166666666675
19 0.35762499999999997 0.6168194444444445 0.03692187499999999 0.08608333333333336
19 0.48466015625000003 0.5716527777777778 0.13830468749999997 0.21738888888888885
19 0.6240820312500001 0.5684097222222222 0.17010156250000003 0.1349861111111112
19 0.3421171875 0.5150208333333334 0.04974999999999996 0.09156944444444454
18 0.8236601562499999 0.42665277777777777 0.11675781249999995 0.19391666666666668
19 0.68188671875 0.4219305555555556 0.03502343749999994 0.12275
19 0.6169140625 0.3899930555555556 0.15467187500000001 0.2451805555555555
19 0.600953125 0.4192708333333333 0.09795312500000009 0.399125
19 0.47378124999999993 0.5332986111111111 0.09065624999999997 0.18498611111111118
19 0.5355898437500001 0.3542986111111111 0.13805468750000002 0.2983472222222222
19 0.42690625000000004 0.31949305555555557 0.09787499999999998 0.3459305555555555
19 0.30169531250000003 0.34880555555555554 0.08250000000000002 0.1664722222222222
19 0.2238828125 0.2996388888888889 0.109265625 0.1006666666666667
19 0.36921484375 0.3133402777777778 0.09889843749999998 0.15751388888888884
19 0.28269921875000004 0.1789791666666667 0.05897656250000001 0.1717638888888889
19 0.31831640625 0.20211111111111113 0.02117968750000001 0.037555555555555585
12 0.20437500000000003 0.18688194444444445 0.14010937500000004 0.2309583333333333
17 0.2737109375 0.07378472222222222 0.04739062499999998 0.0952361111111111
17 0.59359765625 0.035055555555555555 0.04017968750000005 0.07011111111111111
19 0.438546875 0.07352083333333334 0.09478124999999996 0.14704166666666668
4 0.55290234375 0.11956250000000002 0.1689609375 0.23076388888888894
19 0.55341796875 0.0664513888888889 0.12877343749999995 0.12820833333333334
19 0.5250859375 0.01883333333333333 0.06593750000000007 0.029305555555555557