19 0.52454296875 0.9782152777777777 0.1046953125 0.04356944444444429
18 0.42235546875 0.9435277777777776 0.06872656250000002 0.11294444444444436
15 0.3165390625 0.8495833333333332 0.14539062500000002 0.3008333333333333
19 0.7050703125 0.9804861111111111 0.07985937500000002 0.039027777777777654
17 0.59287890625 0.8202083333333333 0.08408593750000008 0.13652777777777772
19 0.50355078125 0.9088819444444444 0.08307031249999994 0.1350972222222222
12 0.50423046875 0.7504236111111112 0.08717968749999994 0.19495833333333326
19 0.38609765625000003 0.7948680555555555 0.09605468750000004 0.21243055555555562
3 0.69002734375 0.7295833333333333 0.059945312500000014 0.12008333333333339
16 0.45100390625 0.67675 0.08442968749999995 0.15611111111111114
17 0.46592968749999997 0.6010763888888888 0.07207812499999999 0.14654166666666665
2 0.53966015625 0.59375 0.09119531250000001 0.11558333333333337
16 0.66494921875 0.5519652777777778 0.1502890624999999 0.2225416666666667
17 0.7799179687500001 0.5981875 0.08269531250000002 0.17748611111111107
19 0.2197421875 0.47126388888888887 0.07345312499999998 0.11558333333333337
3 0.4734765625 0.3796319444444445 0.20414062499999996 0.3125972222222222
19 0.36047656250000004 0.3554583333333333 0.06795312500000002 0.27502777777777776
19 0.7334609375 0.46341666666666664 0.06859374999999997 0.057861111111111065
19 0.2694140625 0.36090277777777774 0.06585937499999997 0.11291666666666664
17 0.56991015625 0.20048611111111111 0.1783046875 0.27374999999999994
0 0.30041015625 0.23895833333333336 0.06686718750000002 0.15011111111111108
19 0.17757421875 0.25955555555555554 0.07092968749999999 0.12486111111111108
14 0.4088046875 0.12908333333333333 0.09926562499999995 0.22933333333333333
18 0.7413437500000001 0.08006944444444444 0.05775000000000006 0.1601388888888889
10 0.5341484375000001 0.04674305555555556 0.07295312500000009 0.09348611111111112
2 0.44194921875000004 0.02783333333333333 0.11752343750000005 0.05566666666666666
14 0.466265625 0.10249305555555556 0.04053125000000009 0.061236111111111116