19 0.5064414062499999 0.8809027777777778 0.1085078124999999 0.21402777777777765
19 0.60509765625 0.8180763888888889 0.10377343749999994 0.36384722222222227
19 0.5678515625 0.9302986111111112 0.046875 0.07843055555555559
19 0.546578125 0.8308819444444444 0.040437499999999994 0.062097222222222276
19 0.4969140625 0.9828472222222222 0.06742187499999996 0.03430555555555562
18 0.33163671875 0.8328263888888888 0.12683593750000002 0.264875
18 0.42153906249999995 0.8606805555555554 0.07496875000000003 0.2295555555555555
19 0.26876953125 0.9469722222222221 0.06950781250000002 0.10605555555555542
19 0.35412109375 0.9769444444444444 0.06769531249999998 0.04611111111111117
12 0.71017578125 0.7815208333333332 0.16480468750000005 0.2955972222222222
17 0.21739453125 0.7265208333333334 0.0939453125 0.1706805555555556
16 0.4721484375 0.6936944444444445 0.12243750000000002 0.18236111111111106
15 0.6199453125 0.9100763888888889 0.076171875 0.17081944444444447
19 0.61834765625 0.7897638888888889 0.03860156250000006 0.05813888888888875
19 0.6143203125000001 0.6296944444444444 0.088671875 0.16375000000000003
12 0.27092578125 0.5234305555555555 0.16266406250000004 0.2853611111111112
12 0.6807070312500001 0.565375 0.08997656250000005 0.11819444444444448
19 0.47543749999999996 0.5190208333333334 0.088671875 0.16470833333333337
17 0.40771484375 0.4650138888888889 0.07808593750000004 0.1802222222222222
2 0.5077343750000001 0.36481249999999993 0.30906249999999996 0.7201805555555555
18 0.4682578125 0.3673263888888889 0.08576562499999998 0.16093055555555555
19 0.597046875 0.5177708333333334 0.03718749999999993 0.10587500000000002
17 0.221828125 0.07424305555555555 0.07292187500000002 0.145875
18 0.39064453125 0.17659722222222224 0.05558593750000003 0.17647222222222222
18 0.42571484374999996 0.0700625 0.1416171875 0.140125
8 0.5369609375000001 0.16895833333333335 0.16771875000000006 0.3379166666666667