19 0.73203125 0.9625 0.18046875 0.075
2 0.58203125 0.9736111111111111 0.17109375 0.05277777777777778
19 0.443171875 0.9756388888888888 0.08192187499999992 0.04872222222222212
12 0.33007421875 0.8900347222222221 0.14780468750000003 0.21993055555555543
19 0.48408984374999997 0.8890416666666667 0.17957031249999997 0.22191666666666662
19 0.47786328125 0.6620972222222222 0.17196093750000005 0.22561111111111118
19 0.2566953125 0.6280486111111112 0.0703125 0.10893055555555564
8 0.59242578125 0.6421180555555556 0.05733593750000008 0.2991805555555555
14 0.6581210937499999 0.6554027777777778 0.08252343750000009 0.17000000000000004
17 0.72175390625 0.6472083333333334 0.06235156249999996 0.12150000000000002
10 0.392984375 0.5637916666666666 0.08004687499999999 0.2231944444444445
17 0.4423203125 0.49149305555555556 0.08148437499999997 0.16601388888888885
3 0.690328125 0.4004166666666667 0.15356249999999996 0.41688888888888886
8 0.577875 0.3980972222222222 0.10342187500000008 0.12655555555555556
14 0.49896874999999996 0.4619097222222222 0.07723437499999992 0.1323194444444444
14 0.49940625 0.34950000000000003 0.08368749999999991 0.13766666666666671
19 0.35816015625 0.34446527777777775 0.24977343750000003 0.1815416666666667
19 0.526578125 0.22586111111111112 0.06409374999999998 0.10672222222222225
14 0.6201328125 0.17132638888888888 0.10410937499999999 0.16543055555555558
19 0.26709375 0.12716666666666668 0.10340625 0.25433333333333336
17 0.8079960937500001 0.03690972222222222 0.11405468749999992 0.07381944444444444
17 0.56565234375 0.11581944444444445 0.09302343749999994 0.10066666666666665
11 0.45733203125 0.08350694444444444 0.12013281249999999 0.16701388888888888
3 0.4198046875 0.27622916666666664 0.07117187499999997 0.19226388888888893