18 0.5968320312500001 0.9456388888888889 0.0878984375 0.10872222222222218
14 0.23671875 0.9465277777777777 0.13046875 0.10694444444444444
19 0.42503515625000005 0.949923611111111 0.13213281250000003 0.10015277777777763
19 0.659765625 0.9527777777777777 0.0515625 0.09444444444444444
14 0.73351953125 0.9754861111111112 0.04983593749999997 0.04902777777777771
19 0.645953125 0.7362986111111111 0.28653125 0.36120833333333324
19 0.61346484375 0.9103680555555556 0.06988281250000003 0.10165277777777786
19 0.28323046875 0.7364097222222222 0.11111718750000002 0.19979166666666662
10 0.33523828125 0.8305694444444445 0.0880859375 0.28363888888888894
19 0.4633046875 0.8227083333333334 0.17698437499999997 0.35458333333333325
19 0.3439140625 0.5908472222222222 0.113578125 0.2029722222222222
19 0.42902734374999996 0.5646041666666667 0.10036718750000002 0.1843194444444445
19 0.7558281250000001 0.532513888888889 0.10367187499999994 0.17255555555555557
19 0.16129296875 0.5678472222222223 0.017648437499999982 0.07255555555555557
3 0.20511718750000002 0.351125 0.17648437499999997 0.3963611111111111
19 0.2803125 0.4858472222222222 0.06065624999999999 0.12744444444444444
19 0.60659765625 0.5044722222222222 0.06838281249999997 0.14313888888888882
18 0.33793359375 0.44104861111111104 0.05789843750000001 0.10790277777777785
18 0.45696875000000003 0.5185347222222222 0.11029687500000004 0.2019583333333333
18 0.424796875 0.4236458333333333 0.12573437500000004 0.13290277777777784
17 0.56485546875 0.5629722222222223 0.06510156249999995 0.15097222222222229
17 0.51560546875 0.5440208333333333 0.046320312499999974 0.1784305555555556
19 0.535359375 0.4234930555555556 0.03987499999999997 0.08229166666666667
19 0.391453125 0.2827638888888889 0.13878125 0.19688888888888892
19 0.53429296875 0.2655416666666667 0.05203906249999992 0.13141666666666668
19 0.47936328125000005 0.20433333333333334 0.04788281249999997 0.11061111111111109
17 0.4745390625 0.3178125 0.05054687500000003 0.10784722222222219
7 0.3519296875 0.12525694444444443 0.04962499999999999 0.13137500000000002
19 0.31994531249999997 0.12427777777777778 0.03860937499999997 0.09411111111111113
19 0.435203125 0.12624305555555554 0.08382812499999996 0.1372638888888889
18 0.5102031250000001 0.1478125 0.07279687500000005 0.10587500000000002
19 0.40928515625 0.045472222222222226 0.14007031249999996 0.09094444444444445
19 0.5504609374999999 0.06213888888888889 0.14228124999999991 0.12427777777777778
18 0.5863046875 0.05723611111111111 0.05073437500000004 0.11447222222222223
19 0.392921875 0.09984027777777779 0.04779687499999996 0.07026388888888889
19 0.4048242187500001 0.03725694444444445 0.02766406250000002 0.0745138888888889
19 0.6339335937499999 0.3327638888888889 0.25099218749999996 0.2476388888888889