19 0.41052343750000003 0.9692638888888889 0.04660937500000002 0.06147222222222221
19 0.470421875 0.9765277777777778 0.050562500000000024 0.04694444444444438
8 0.594734375 0.9352222222222223 0.13475 0.1295555555555555
19 0.3779765625 0.9358541666666668 0.021375000000000012 0.09331944444444452
19 0.29630859375 0.9117361111111112 0.04430468750000003 0.03333333333333333
19 0.5480234374999999 0.8786041666666665 0.04635937499999994 0.11537499999999991
12 0.44284765625 0.848513888888889 0.12178906249999995 0.23183333333333345
17 0.23141015625 0.815375 0.08346093750000001 0.13552777777777766
17 0.5194609375 0.8152361111111112 0.04245312499999994 0.06375000000000013
17 0.57773046875 0.7609513888888889 0.09024218749999999 0.16231944444444438
19 0.18447265625 0.7948749999999999 0.02027343749999999 0.04558333333333325
19 0.5285 0.6270694444444445 0.08664062500000007 0.23591666666666677
17 0.48764062499999994 0.7510138888888889 0.054703124999999984 0.11683333333333326
17 0.19409375 0.5782777777777778 0.06795312500000002 0.15166666666666673
10 0.251578125 0.4927777777777777 0.05804687499999996 0.31702777777777774
19 0.40041015625 0.4507638888888889 0.04955468750000001 0.07691666666666666
19 0.4858007812499999 0.43702777777777774 0.060789062499999956 0.08058333333333331
19 0.6653515624999999 0.46175000000000005 0.05160937499999996 0.0915833333333334
19 0.1986953125 0.3402777777777778 0.048390625 0.15263888888888885
19 0.57529296875 0.3373055555555555 0.029195312499999914 0.03205555555555553
19 0.436125 0.29594444444444445 0.05923437499999995 0.1098888888888889
19 0.2636640625 0.28235416666666663 0.07557812500000001 0.12056944444444445
19 0.500765625 0.2792291666666667 0.10715625000000006 0.22512500000000005
19 0.5473203124999999 0.1252222222222222 0.08479687499999997 0.2467777777777778
19 0.23865234375000002 0.19496527777777778 0.11902343750000002 0.1847916666666667
19 0.3945546875 0.23477083333333332 0.028843750000000012 0.03479166666666668
19 0.38167968750000003 0.17615972222222223 0.036062499999999977 0.060430555555555564
19 0.41619140625 0.15418749999999998 0.02266406249999999 0.042124999999999975
19 0.25083984375 0.04275 0.05872656249999997 0.0855
19 0.38626171875 0.04429166666666667 0.045429687500000024 0.08241666666666667
19 0.47079296875 0.05373611111111111 0.12980468750000007 0.10747222222222222
17 0.47851953125 0.12945833333333334 0.0525390625 0.13552777777777775
17 0.76080078125 0.05282638888888888 0.06902343749999992 0.10565277777777776