19 0.20068359375 0.9379652777777777 0.09738281249999999 0.12406944444444434
19 0.3224765625 0.9499166666666667 0.05571874999999995 0.10016666666666652
19 0.6359375 0.9791666666666666 0.06171875 0.041666666666666664
17 0.37707421875 0.9728819444444444 0.06335156250000003 0.05423611111111105
12 0.40194921875 0.8389097222222222 0.14122656249999999 0.27759722222222233
2 0.60301953125 0.8359375 0.2514765624999999 0.328125
19 0.72679296875 0.8575486111111112 0.03203906249999999 0.0457916666666667
19 0.19442187500000002 0.7097777777777778 0.12618749999999998 0.41197222222222224
18 0.2329921875 0.7174236111111112 0.211515625 0.4729027777777778
17 0.49745703125 0.7835833333333334 0.06180468749999992 0.16963888888888895
19 0.80733203125 0.7355069444444445 0.18132031250000002 0.3072083333333334
19 0.45609765625 0.6716875 0.11950781250000002 0.14834722222222216
19 0.57675390625 0.6953541666666666 0.10405468750000005 0.09523611111111102
19 0.58075390625 0.5366666666666666 0.12708593750000005 0.23186111111111118
12 0.41867968749999995 0.5339861111111112 0.09798437500000001 0.22250000000000006
10 0.7179648437500001 0.5237916666666667 0.19010156250000004 0.3484722222222222
7 0.6733046874999999 0.43655555555555553 0.06082812499999992 0.10266666666666661
19 0.25736328125 0.3981111111111111 0.12810156250000002 0.22744444444444442
19 0.49645312500000005 0.3227361111111111 0.13156250000000008 0.14594444444444446
19 0.2055703125 0.3213888888888889 0.11395312500000002 0.12527777777777777
19 0.34894921875000007 0.30859027777777776 0.11757031250000005 0.18901388888888893
17 0.66276953125 0.2511319444444444 0.08272656250000007 0.136625
19 0.68122265625 0.33249305555555553 0.04114843750000006 0.06890277777777776
19 0.55318359375 0.18963194444444445 0.12550781250000007 0.11712499999999998
19 0.7535703125 0.18940972222222222 0.10660937499999994 0.1709027777777778
19 0.828703125 0.15759722222222222 0.05618750000000006 0.30786111111111114
2 0.38987890625 0.11645833333333333 0.17678906249999998 0.23291666666666666
19 0.6470234375 0.12740972222222222 0.07046875000000004 0.24615277777777778
3 0.54750390625 0.07359027777777778 0.13103906250000003 0.14718055555555556