19 0.36239453125 0.9723611111111111 0.07958593749999995 0.05527777777777772
19 0.43858984375 0.9029305555555556 0.02146093750000002 0.053416666666666716
19 0.3680625 0.8123611111111111 0.07562499999999997 0.23505555555555557
19 0.5015898437499999 0.6513125 0.1351640625 0.2849305555555555
19 0.6089609375 0.8152291666666667 0.14770312499999996 0.1770416666666667
0 0.3682031250000001 0.876986111111111 0.14259375000000002 0.18619444444444436
19 0.5900703125000001 0.6895069444444445 0.018484375000000063 0.04662499999999999
19 0.7238828125 0.5651180555555556 0.03754687499999996 0.0942083333333334
19 0.19858984375 0.46216666666666667 0.017257812500000004 0.04877777777777778
19 0.34766015625 0.3903819444444444 0.09899218750000002 0.22379166666666667
19 0.62646875 0.35856944444444444 0.09937500000000003 0.1434722222222222
17 0.41392578125 0.3588055555555556 0.08208593749999996 0.15411111111111112
17 0.3983671875 0.22791666666666666 0.04635937500000002 0.11150000000000002
19 0.33604687499999997 0.18581944444444448 0.04943749999999998 0.20302777777777778
19 0.34325390625 0.3285416666666666 0.08860156249999998 0.07874999999999999
19 0.52869140625 0.2818402777777778 0.09683593750000004 0.10623611111111113
19 0.64716796875 0.21786805555555558 0.08035156249999993 0.13537500000000002
19 0.58328515625 0.24440277777777777 0.05561718750000004 0.1371388888888889
2 0.251046875 0.15281944444444445 0.13084375 0.2543611111111111
7 0.452453125 0.21054861111111112 0.06387499999999999 0.1683472222222222
19 0.5575390625 0.12157638888888889 0.09271875000000004 0.15201388888888887
19 0.2644375 0.15821527777777777 0.06078124999999997 0.13004166666666667
19 0.30873828125 0.19209722222222222 0.02369531250000003 0.0512777777777778
19 0.44987890625000004 0.017291666666666667 0.04430468750000003 0.034583333333333334
14 0.3679765625 0.09421527777777777 0.06387499999999999 0.18843055555555555
19 0.40573437500000004 0.034722222222222224 0.021468750000000016 0.058138888888888886
19 0.6349140624999999 0.13751388888888888 0.014906249999999944 0.025444444444444436