19 0.49765625 0.9736111111111111 0.10625 0.05277777777777778
11 0.20812499999999998 0.9320833333333334 0.1203125 0.13583333333333328
14 0.8238867187500001 0.8868402777777779 0.0525390625 0.09187500000000012
11 0.8159804687500001 0.9508402777777777 0.07383593750000009 0.07306944444444431
14 0.43830859375 0.9000347222222221 0.09725781250000001 0.16751388888888874
19 0.4841171875 0.713375 0.12093749999999996 0.2616666666666667
18 0.5827500000000001 0.62375 0.12921875000000008 0.3515277777777777
10 0.7048203125000001 0.6483472222222222 0.12082812500000006 0.2633055555555556
19 0.33809765625 0.5847916666666667 0.06986718750000005 0.1759166666666666
11 0.27958984375 0.5510972222222222 0.05960156249999997 0.28466666666666673
17 0.42188671875 0.5483888888888889 0.08642968749999995 0.10152777777777781
19 0.7371054687499999 0.42261111111111105 0.16108593749999994 0.1808888888888889
11 0.65019140625 0.32556944444444447 0.10163281249999993 0.25586111111111115
15 0.4601171875 0.4625902777777778 0.14945312499999996 0.2115694444444445
19 0.52120703125 0.3954305555555555 0.12008593750000003 0.12224999999999997
3 0.2172265625 0.3056944444444445 0.19085937500000003 0.3311111111111111
16 0.38761328125 0.2308333333333333 0.08225781249999997 0.12638888888888888
19 0.46612890625 0.2416527777777778 0.07458593750000002 0.13308333333333333
19 0.5079921875 0.27943055555555557 0.08795312499999994 0.11008333333333332
19 0.613875 0.14535416666666667 0.11678125000000002 0.23070833333333335
16 0.7451015625 0.28881249999999997 0.08654687499999998 0.11631944444444445
2 0.7757109375000001 0.11284722222222222 0.17309375000000005 0.22319444444444442
19 0.2388671875 0.08936805555555555 0.05628124999999997 0.1787361111111111
19 0.2251484375 0.13683333333333333 0.10060937499999997 0.12883333333333333
19 0.28213671875 0.20938194444444444 0.056992187500000034 0.10381944444444445
3 0.32400390625000003 0.22377083333333334 0.037992187499999996 0.14009722222222223
19 0.38169921875 0.10369444444444444 0.10835156250000004 0.12508333333333332
18 0.47527734375 0.11938888888888888 0.08442968749999995 0.23877777777777776
19 0.53526171875 0.14104166666666668 0.06282031250000006 0.12608333333333333
19 0.404765625 0.058006944444444444 0.08510937500000004 0.11526388888888886
19 0.54812890625 0.05602083333333333 0.09827343749999998 0.11204166666666666
19 0.637796875 0.02270138888888889 0.08307812499999993 0.04540277777777778
17 0.7153007812500001 0.04611805555555555 0.1003046874999999 0.0922361111111111
5 0.43814843750000004 0.7862152777777779 0.03965624999999999 0.07454166666666677