19 0.50625 0.9583333333333334 0.05234375 0.08333333333333333
2 0.244140625 0.8576388888888888 0.21640625 0.2847222222222222
19 0.24870312499999997 0.8266805555555556 0.09618750000000001 0.17797222222222203
0 0.34648828125 0.8672430555555555 0.06675781250000004 0.08968055555555547
19 0.550671875 0.875763888888889 0.08414062500000004 0.15963888888888897
19 0.62725 0.7907500000000001 0.06948437500000004 0.12977777777777785
19 0.4648359375 0.7683402777777777 0.18543750000000006 0.4222361111111111
17 0.71464453125 0.7822083333333333 0.09388281250000005 0.1372499999999999
17 0.32791796875 0.5816458333333334 0.08228906250000004 0.138375
19 0.3450703125 0.6248333333333334 0.16892187499999997 0.21422222222222223
19 0.72171875 0.6570763888888889 0.016453124999999957 0.03306944444444437
19 0.38089453124999995 0.5284791666666666 0.10385156250000005 0.15295833333333334
19 0.44195312499999995 0.4694027777777777 0.10681250000000002 0.13977777777777775
19 0.7571874999999999 0.49297916666666663 0.08307812499999993 0.11076388888888888
10 0.5746796875 0.49802777777777785 0.12168749999999999 0.23999999999999994
10 0.68193359375 0.3471458333333333 0.07283593750000002 0.2822638888888889
2 0.5718164062500001 0.3902013888888889 0.15132031250000005 0.22604166666666667
19 0.2658828125 0.4789722222222222 0.10676562499999998 0.0705555555555555
19 0.81376953125 0.4749513888888889 0.03464843749999993 0.04065277777777775
4 0.336421875 0.275 0.32590625000000006 0.5280555555555556
19 0.4506796875 0.32845833333333335 0.11274999999999995 0.23736111111111108
14 0.5039296875 0.21585416666666665 0.1452031250000001 0.31809722222222225
10 0.5239960937499999 0.21266666666666667 0.10185156249999991 0.14327777777777775
12 0.75237109375 0.3088888888888889 0.09494531249999998 0.11866666666666667
19 0.254859375 0.06665277777777778 0.051515625000000044 0.13330555555555557
19 0.38363671875 0.015368055555555555 0.05769531250000002 0.03073611111111111
2 0.4732656250000001 0.01995138888888889 0.04739062500000006 0.03990277777777778
19 0.5211718750000001 0.03277083333333333 0.07932812499999997 0.06554166666666666