19 0.4285234375 0.9463194444444445 0.14732812499999998 0.10736111111111105
19 0.344140625 0.9729166666666667 0.0453125 0.05416666666666667
19 0.3265625 0.9173611111111111 0.0875 0.16527777777777777
19 0.3209453125 0.7668194444444445 0.11754687500000002 0.2480833333333334
19 0.4183671875 0.798625 0.12204687500000003 0.17972222222222228
19 0.62750390625 0.7490277777777778 0.07060156249999991 0.07833333333333338
19 0.22373437499999999 0.8289375000000001 0.029984374999999997 0.06593055555555559
17 0.27117578125 0.6399375 0.05455468750000003 0.09870833333333325
19 0.79316796875 0.6128472222222222 0.11438281250000007 0.22155555555555553
19 0.4059921875 0.6450486111111112 0.12603124999999996 0.14240277777777782
19 0.45978906249999996 0.5481527777777778 0.22948437500000002 0.30591666666666667
19 0.30270703125 0.4024166666666667 0.052382812499999966 0.15152777777777782
19 0.64805078125 0.42350694444444437 0.10150781250000004 0.26937500000000003
19 0.24512499999999998 0.3102222222222222 0.12990624999999997 0.13552777777777775
19 0.608328125 0.23566666666666666 0.12671875000000005 0.14533333333333331
7 0.77826953125 0.17525694444444445 0.08560156250000003 0.1600416666666667
2 0.27138671875 0.126125 0.1494921875 0.24719444444444444
2 0.4174296875 0.10326388888888888 0.09168749999999996 0.1300277777777778
2 0.5745390625 0.09238194444444445 0.22046875000000005 0.1847638888888889
19 0.29895312500000004 0.10509722222222223 0.06696875000000002 0.17766666666666664
19 0.44725390625 0.07406944444444444 0.16802343749999996 0.14813888888888888
19 0.7094453125 0.09493055555555555 0.06809375000000006 0.10641666666666667
19 0.65746875 0.06125 0.05871875000000006 0.1225