18 0.5922734375 0.9566944444444444 0.132796875 0.08661111111111097
17 0.16854296875 0.9640763888888889 0.0633359375 0.07184722222222224
8 0.2507890625 0.4616666666666666 0.089546875 0.22083333333333333
14 0.3426796875 0.9611041666666666 0.08339062500000001 0.07779166666666665
14 0.24121875000000004 0.9177986111111112 0.07984375000000003 0.16440277777777762
19 0.45088671874999997 0.9508194444444443 0.05055468750000003 0.09836111111111102
16 0.761625 0.8943749999999999 0.18846875000000002 0.21124999999999988
19 0.31669140625000003 0.8807569444444444 0.0859453125 0.13479166666666662
19 0.39600390625 0.9177916666666666 0.053929687499999976 0.11080555555555552
19 0.428703125 0.8545486111111111 0.06496875000000002 0.11384722222222227
19 0.47591406250000007 0.738125 0.07710937500000004 0.09994444444444449
19 0.53076171875 0.8294861111111111 0.1476484375 0.15888888888888902
10 0.27057421875 0.7588263888888889 0.16442968750000003 0.20393055555555553
17 0.21156640625 0.7563541666666665 0.09041406250000002 0.13556944444444438
19 0.46670703125 0.6189097222222222 0.08885156250000001 0.14568055555555554
19 0.5832109375 0.6118125 0.19171875000000008 0.38501388888888893
19 0.39430468750000003 0.7556388888888889 0.13237500000000005 0.2502777777777778
19 0.7748359375 0.5284166666666666 0.10554687499999993 0.16319444444444445
19 0.43425390625000004 0.5200347222222221 0.042929687500000036 0.09487499999999992
19 0.42301171875000004 0.44817361111111104 0.10813281250000002 0.13273611111111103
19 0.6701171875 0.41677777777777775 0.06185937500000005 0.3241944444444444
19 0.54187109375 0.43196527777777777 0.1400546875 0.22754166666666673
19 0.7735195312500001 0.40907638888888886 0.058351562500000044 0.09487499999999992
19 0.8261640625 0.42097222222222225 0.07729687500000004 0.14097222222222222
19 0.51155859375 0.1953611111111111 0.04802343750000002 0.0851388888888889
17 0.5794140625 0.2028125 0.07414062500000007 0.17493055555555553
17 0.7494140625 0.157125 0.08273437500000007 0.12075
19 0.82965625 0.06063194444444445 0.06370312499999997 0.10784722222222223
9 0.7589765625 0.042895833333333334 0.08170312499999995 0.08579166666666667
19 0.5578984374999999 0.10666666666666666 0.07920312500000008 0.14833333333333332
8 0.6013046875 0.05595833333333333 0.09692187499999996 0.11191666666666666
19 0.42610937499999996 0.120875 0.08393750000000004 0.21563888888888888
17 0.45695703125 0.06851388888888889 0.07280468750000005 0.13702777777777778
19 0.35837109375 0.10736805555555556 0.049539062499999974 0.07370833333333332
19 0.26862109375 0.2104513888888889 0.0389609375 0.04729166666666668