18 0.73538671875 0.9800208333333333 0.07367968749999995 0.03995833333333331
3 0.28028125 0.8635694444444444 0.34867187499999996 0.27286111111111117
19 0.6418671874999999 0.9651388888888889 0.12114062499999996 0.06972222222222228
8 0.79801953125 0.9131736111111112 0.10583593750000002 0.17004166666666676
12 0.8601289062500002 0.9758333333333333 0.06333593750000013 0.04833333333333327
12 0.51842578125 0.9425763888888888 0.07314843750000008 0.1148472222222223
2 0.5558359375 0.8207430555555555 0.08107812499999997 0.12687499999999988
19 0.6108085937500001 0.8472916666666666 0.05486718750000001 0.14413888888888884
17 0.6874921875 0.8156180555555556 0.07479687500000001 0.2046249999999999
12 0.80471484375 0.8054166666666667 0.07902343750000007 0.0945277777777777
19 0.7054335937499999 0.46704166666666663 0.13405468749999994 0.3298611111111111
0 0.47582421875 0.7719027777777777 0.09353906250000002 0.24044444444444438
3 0.606640625 0.6717291666666666 0.08467187500000009 0.1838749999999999
18 0.64015234375 0.6981805555555556 0.10364843750000005 0.2179722222222223
17 0.28901171875 0.5788125 0.059789062499999976 0.16759722222222218
18 0.18360156249999998 0.6049583333333333 0.06042187500000003 0.27569444444444435
19 0.5643281250000001 0.5342291666666666 0.20607812499999997 0.3456527777777778
15 0.77871875 0.6521597222222222 0.206625 0.2462638888888888
2 0.42338281250000004 0.58525 0.068296875 0.11433333333333325
19 0.19355859375 0.5657916666666667 0.04652343749999999 0.1388888888888889
7 0.41211328125 0.42923611111111104 0.19172656250000003 0.3204166666666667
10 0.25190234375 0.4149513888888889 0.12408593750000003 0.13670833333333338
2 0.5971875 0.27486111111111106 0.19468750000000004 0.24861111111111106
19 0.27999999999999997 0.2058333333333333 0.13046875 0.2091666666666667
12 0.18763281250000002 0.13791666666666666 0.063390625 0.2758333333333333
19 0.42576953125 0.1670347222222222 0.1554765625 0.23145833333333335
12 0.48391406249999996 0.06722222222222222 0.10492187499999997 0.13444444444444445
17 0.5439570312500001 0.08950694444444443 0.06825781249999992 0.12584722222222225
3 0.57871875 0.06160416666666666 0.07457812500000002 0.12320833333333332
17 0.6147421875 0.018909722222222224 0.06573437500000008 0.03781944444444445
12 0.6703671874999999 0.08631944444444445 0.1162968750000001 0.1726388888888889