19 0.55432421875 0.9630555555555556 0.10927343749999992 0.07388888888888895
19 0.758203125 0.9645833333333333 0.06953125 0.07083333333333333
7 0.6528007812500001 0.9118263888888889 0.14385156250000009 0.17634722222222227
19 0.34628125 0.8663541666666666 0.13962500000000003 0.21951388888888881
17 0.5398906250000001 0.7521805555555555 0.08121875000000003 0.1645555555555556
12 0.74821484375 0.7853333333333334 0.1021484375 0.24461111111111103
17 0.45678515624999994 0.7233541666666667 0.09069531249999993 0.15801388888888887
18 0.6353320312499999 0.7928611111111111 0.13386718749999993 0.11605555555555548
19 0.21775390625000002 0.9704166666666666 0.06707031250000002 0.05916666666666654
18 0.67218359375 0.7122638888888888 0.08119531250000005 0.14305555555555555
12 0.19628515625 0.7501041666666667 0.08792968749999999 0.10029166666666672
19 0.30833984375 0.6885902777777778 0.03839843749999998 0.07726388888888888
19 0.2331953125 0.5992708333333334 0.07195312500000002 0.13695833333333335
18 0.24313281250000002 0.6807708333333333 0.05740625000000001 0.04595833333333338
19 0.25782421875 0.7913680555555556 0.02413281249999999 0.05723611111111116
12 0.42273828125 0.5350555555555556 0.11247656250000002 0.24316666666666673
2 0.5473828125 0.533875 0.152546875 0.2186111111111111
7 0.7222109375 0.3922013888888889 0.19635937499999995 0.49606944444444456
19 0.284875 0.47003472222222226 0.05998437499999998 0.10793055555555561
19 0.34326953125 0.3896319444444444 0.06932031250000001 0.14037499999999994
10 0.2042734375 0.43829166666666663 0.08240625000000001 0.2673611111111111
2 0.27438671875000004 0.3040277777777778 0.1927890625 0.21
19 0.42480078125 0.26493055555555556 0.06144531250000003 0.09519444444444447
17 0.43138671874999995 0.35101388888888885 0.07197656250000004 0.0780277777777778
3 0.53496875 0.2823958333333333 0.08778124999999992 0.2345138888888889
11 0.6013867187499999 0.2550833333333334 0.05178906249999997 0.2293333333333334
17 0.4752734375 0.16758333333333333 0.06085937500000007 0.1401111111111111
19 0.49619921875 0.3380138888888889 0.07110156249999999 0.16386111111111112
18 0.18577343750000003 0.17659722222222224 0.079234375 0.1273611111111111
8 0.422359375 0.13781944444444447 0.09362499999999999 0.14044444444444448
18 0.2804453125 0.06889583333333334 0.06876562499999998 0.093625
17 0.52879296875 0.07800694444444445 0.08266406249999995 0.12484722222222222
17 0.61401171875 0.11441666666666667 0.07022656250000008 0.1508611111111111
17 0.7321523437499999 0.060458333333333336 0.08850781249999998 0.12091666666666667
18 0.42994921875000003 0.03915277777777778 0.10944531249999997 0.07830555555555556