16 0.793359375 0.9826388888888888 0.09375 0.034722222222222224
3 0.27558984375 0.9787430555555555 0.08003906250000004 0.04251388888888875
17 0.459375 0.9722222222222222 0.07890625 0.05555555555555555
19 0.60290625 0.9545069444444445 0.07135937499999993 0.0909861111111111
17 0.72704296875 0.9029722222222222 0.10311718750000001 0.10802777777777774
14 0.64950390625 0.8419444444444445 0.05875781250000003 0.12247222222222232
12 0.55419921875 0.8684930555555557 0.09639843750000007 0.1998750000000001
2 0.49453125 0.8171458333333333 0.11814062500000003 0.2482083333333334
18 0.4171484375 0.818263888888889 0.07035937499999996 0.08183333333333344
14 0.39291796874999996 0.9024444444444444 0.05136718749999995 0.07255555555555557
19 0.3002265625 0.8557708333333333 0.042390624999999994 0.06798611111111118
18 0.25975 0.7930138888888889 0.04221874999999997 0.06847222222222216
0 0.35821484375 0.7448472222222222 0.08446093749999997 0.18527777777777782
3 0.411515625 0.7368402777777777 0.04221874999999997 0.11106944444444448
18 0.68759375 0.6539652777777777 0.05559375000000007 0.10734722222222218
3 0.61055078125 0.6693611111111111 0.11989843750000002 0.21769444444444438
3 0.48041015624999994 0.6039027777777777 0.15535156249999993 0.21883333333333327
19 0.2263125 0.6685625000000001 0.09195312500000001 0.1963194444444444
2 0.24890625000000002 0.5497291666666667 0.14387499999999998 0.17831944444444442
17 0.36213671875 0.4705486111111111 0.08260156249999998 0.20140277777777776
19 0.23005859375 0.44227083333333334 0.04500781250000001 0.06876388888888887
16 0.53578515625 0.4836944444444444 0.0654296875 0.11258333333333326
12 0.6012734375 0.4422430555555556 0.08806250000000002 0.17895833333333336
8 0.8176171875 0.2562083333333333 0.14367187500000006 0.34980555555555554
15 0.4626328125 0.41075694444444444 0.11270312499999999 0.13956944444444447
18 0.27090625 0.3629513888888889 0.092875 0.16809722222222218
17 0.3297265625 0.3509097222222223 0.06039062499999996 0.14654166666666668
0 0.656390625 0.33836805555555555 0.04812499999999993 0.1035694444444444
19 0.6842109375 0.1495138888888889 0.15767187499999996 0.2990277777777778
19 0.200671875 0.29864583333333333 0.11928125000000003 0.12493055555555554
0 0.254078125 0.22276388888888887 0.09746874999999999 0.10530555555555554
19 0.49113281249999996 0.16720833333333335 0.273046875 0.3344166666666667
10 0.3372890625 0.09393750000000001 0.056734375000000004 0.18787500000000001