9 0.3227109375 0.9735347222222221 0.047609375000000044 0.05293055555555542
10 0.805859375 0.9503680555555556 0.04859374999999995 0.09926388888888893
15 0.36002734375 0.925 0.07677343749999999 0.1044444444444445
19 0.575390625 0.8611111111111112 0.0828125 0.2777777777777778
19 0.58123828125 0.9545555555555555 0.05239843749999995 0.09088888888888896
19 0.33585937499999996 0.8338680555555555 0.10014062500000005 0.13140277777777765
3 0.5181875 0.7143611111111111 0.20414062499999996 0.27911111111111114
17 0.41521484375 0.7659027777777778 0.04875781250000002 0.08388888888888901
16 0.7779609375 0.8270347222222221 0.13885937499999992 0.25140277777777775
19 0.8528984375 0.9421944444444444 0.010015625000000129 0.02269444444444433
19 0.34716015625 0.6725 0.03035156250000002 0.060388888888888916
19 0.25653515625 0.6670138888888889 0.12260156250000002 0.2299722222222222
19 0.38695312500000006 0.6410763888888888 0.03400000000000003 0.0640972222222222
0 0.62119140625 0.6327916666666666 0.0681640625 0.12491666666666675
11 0.4419453125 0.42388888888888887 0.08976562500000003 0.29466666666666663
12 0.5945 0.46447916666666667 0.12498437500000001 0.19823611111111114
12 0.49807421874999996 0.4051388888888889 0.09283593749999994 0.1900555555555556
19 0.36296874999999995 0.46799305555555554 0.03956249999999999 0.046152777777777806
19 0.34575390625 0.36020833333333335 0.10985156250000001 0.16730555555555557
19 0.6600234375 0.5233055555555556 0.023609375000000023 0.10550000000000005
19 0.6471367187499999 0.44306249999999997 0.04482031249999992 0.07329166666666664
19 0.391859375 0.2559236111111111 0.05971875000000004 0.10823611111111112
19 0.5489921875 0.20534722222222226 0.24623437500000006 0.40708333333333335
15 0.7075781250000001 0.1854236111111111 0.11031250000000004 0.2383194444444445
19 0.8713828125 0.3396944444444444 0.02173437500000013 0.028777777777777815
10 0.33159765625 0.2264722222222222 0.07522656249999997 0.27344444444444443
19 0.28679296875 0.16139583333333335 0.04327343749999999 0.08473611111111112
17 0.6341875000000001 0.3624236111111111 0.043265625000000085 0.10256944444444448
17 0.41887109375 0.12799305555555557 0.09683593750000004 0.1538472222222222
17 0.22107421874999997 0.13534722222222223 0.09066406249999999 0.13180555555555556
19 0.48789453125 0.09777083333333333 0.06592968750000008 0.14468055555555553
19 0.26639843750000003 0.04282638888888889 0.082421875 0.08243055555555556
10 0.6810625 0.03286111111111111 0.07314062499999992 0.06572222222222222
19 0.75420703125 0.009048611111111111 0.07314843750000008 0.018097222222222223
19 0.7684296875000001 0.06595138888888889 0.016390625000000013 0.023847222222222225
18 0.3296875 0.95625 0.06015625 0.0875