12 0.31078515625 0.9475069444444444 0.12500781249999998 0.104986111111111
19 0.46427734375000007 0.9525694444444445 0.08644531250000007 0.09486111111111105
19 0.7765117187499999 0.9430555555555555 0.10291406249999993 0.11388888888888889
19 0.194921875 0.9201388888888888 0.0921875 0.1597222222222222
12 0.74409375 0.825951388888889 0.12146875000000001 0.19848611111111122
19 0.47444140625 0.7563055555555555 0.0576171875 0.10241666666666668
19 0.5643046875000001 0.8534861111111111 0.12732812500000001 0.2930277777777778
0 0.4213828125 0.8276111111111113 0.07754687499999999 0.22724999999999984
17 0.511859375 0.8326805555555555 0.06167187500000004 0.13302777777777774
17 0.48516015625 0.6473472222222222 0.06938281249999996 0.12691666666666665
17 0.538453125 0.6618611111111111 0.07885937500000004 0.15325000000000005
10 0.203421875 0.6402222222222222 0.11310937499999998 0.28569444444444453
19 0.35548046875 0.7972430555555555 0.05460156249999999 0.08454166666666652
19 0.33139453125000007 0.5753472222222222 0.19017968750000006 0.404361111111111
19 0.73879296875 0.6539513888888888 0.07657031249999999 0.1689583333333333
19 0.25461328125 0.5163402777777778 0.07161718749999997 0.16626388888888893
19 0.4535 0.4795555555555555 0.20906249999999998 0.4544444444444445
19 0.55757421875 0.33713194444444444 0.20425781250000002 0.29909722222222224
19 0.70379296875 0.38807638888888885 0.09017968750000005 0.15493055555555554
19 0.7921953125 0.3542291666666667 0.06682812499999997 0.15481944444444448
10 0.78460546875 0.2150138888888889 0.18938281249999997 0.18775
19 0.6258593749999999 0.20173611111111112 0.19890624999999992 0.26708333333333334
19 0.40054296874999995 0.2576111111111111 0.11905468749999995 0.17355555555555552
19 0.30090234374999997 0.21458333333333332 0.10883593749999995 0.2263888888888889
19 0.58481640625 0.4735347222222222 0.09478906249999994 0.10784722222222219
17 0.4888671875 0.2347361111111111 0.07445312499999997 0.15475000000000003
19 0.47511328124999996 0.11867361111111112 0.1477421875000001 0.19595833333333335
19 0.40229296875 0.10113888888888888 0.08505468749999996 0.20227777777777775
19 0.5383359375 0.06069444444444445 0.1405156250000001 0.1213888888888889
19 0.6217187500000001 0.03283333333333333 0.05875000000000004 0.06566666666666666
19 0.23299609375000002 0.12090972222222224 0.11021093749999997 0.24181944444444448