8 0.60643359375 0.8498611111111111 0.15666406249999998 0.30027777777777787
17 0.5105937500000001 0.9754791666666667 0.08371875000000006 0.04904166666666659
19 0.33220312500000004 0.940048611111111 0.0828125 0.11990277777777768
19 0.39765625 0.96875 0.0421875 0.0625
19 0.5112500000000001 0.8662638888888889 0.09465625000000007 0.21683333333333318
3 0.71012109375 0.5920624999999999 0.3060078125 0.5405972222222223
19 0.41732812499999994 0.7632847222222221 0.08679687499999997 0.1205972222222222
19 0.3771640625 0.8781527777777778 0.044218750000000015 0.07116666666666668
19 0.5965 0.6852083333333334 0.08148437499999997 0.11805555555555555
19 0.493265625 0.5435902777777778 0.1078125 0.10326388888888892
19 0.474125 0.6382083333333333 0.07379687500000003 0.08733333333333333
2 0.31115624999999997 0.6679166666666666 0.14078125000000002 0.26638888888888884
19 0.24061328125 0.6441180555555556 0.03828906249999999 0.06990277777777784
19 0.40567578125 0.5546666666666666 0.1423828125 0.23994444444444443
19 0.7761796875 0.44238888888888894 0.06370312499999997 0.09891666666666671
19 0.51481640625 0.2502013888888889 0.23364843749999994 0.5004027777777778
19 0.5647929687500001 0.3486111111111111 0.06403906250000002 0.1617777777777778
19 0.329640625 0.365125 0.10279687500000004 0.23961111111111108
2 0.3603984375 0.26910416666666664 0.06993749999999999 0.14681944444444442
18 0.66041015625 0.13680555555555557 0.0904296875 0.27361111111111114
18 0.58122265625 0.09946527777777778 0.10919531249999999 0.19893055555555555
19 0.34869921875 0.09843055555555556 0.1170859375 0.19686111111111113
19 0.23536328125 0.01828472222222222 0.06911718750000002 0.03656944444444444