11 0.73 0.9801388888888888 0.05203124999999993 0.039722222222222096
18 0.25445703124999997 0.9282986111111111 0.18313281249999996 0.14340277777777777
19 0.3788359375 0.9680555555555556 0.07173437499999995 0.06388888888888888
19 0.515234375 0.9444444444444444 0.11015625 0.1111111111111111
8 0.6575781249999999 0.9248125 0.14281249999999995 0.15037499999999998
10 0.76964453125 0.6750138888888889 0.07653906249999994 0.43061111111111106
19 0.65345703125 0.7838611111111111 0.16139843749999994 0.2735
19 0.508203125 0.9013888888888889 0.18046875 0.19722222222222222
19 0.32657421875 0.7878333333333334 0.14783593750000001 0.1973333333333333
19 0.45572265625 0.7715972222222223 0.10388281250000002 0.06269444444444458
19 0.5323828125000001 0.7963333333333333 0.06696875000000002 0.06944444444444445
12 0.4917890625 0.688576388888889 0.08159375000000005 0.14945833333333336
17 0.62674609375 0.6625763888888889 0.06428906249999997 0.08351388888888889
19 0.18551171875 0.5486597222222221 0.1023828125 0.20648611111111106
19 0.2191953125 0.6768541666666668 0.018546875000000008 0.046152777777777806
19 0.31820312500000003 0.6217291666666667 0.09826562499999998 0.17095833333333338
12 0.7143203125 0.4858611111111111 0.09307812500000008 0.2948611111111112
8 0.63851171875 0.5584097222222222 0.09267968750000008 0.19081944444444443
7 0.56165234375 0.5783402777777777 0.09886718749999997 0.15373611111111118
0 0.47893359375000005 0.5254305555555555 0.10302343749999991 0.16666666666666666
19 0.39847265624999995 0.5214027777777778 0.08138281250000001 0.1703333333333333
19 0.61672265625 0.4613055555555555 0.14907031249999997 0.24388888888888893
19 0.41165234375 0.35273611111111114 0.10966406249999996 0.23508333333333337
19 0.31556640625 0.35298611111111106 0.08230468750000001 0.11688888888888885
19 0.33205078125 0.46195833333333336 0.0310546875 0.04219444444444444
7 0.5417578125 0.2662569444444444 0.17820312499999993 0.37168055555555557
19 0.30816406250000006 0.25487499999999996 0.038328124999999956 0.03516666666666666
19 0.26237109375 0.2736180555555556 0.10271093750000002 0.19998611111111111
19 0.50534765625 0.051618055555555556 0.1483515624999999 0.10323611111111111