19 0.57171484375 0.8998611111111111 0.12688281250000005 0.20027777777777783
19 0.47857031250000004 0.9074375 0.110359375 0.18512499999999996
19 0.38814453125000004 0.8042013888888888 0.08653906250000003 0.16923611111111098
14 0.31487890625000003 0.8293541666666666 0.08327343750000002 0.2320972222222224
19 0.19539843750000002 0.7947222222222221 0.052046875000000006 0.08383333333333319
19 0.4808359374999999 0.8062083333333332 0.11509374999999995 0.1435555555555554
17 0.77058203125 0.7613472222222222 0.08299218750000001 0.13097222222222216
10 0.670421875 0.8517777777777777 0.08778124999999992 0.1628611111111111
19 0.69965625 0.7040624999999999 0.050453124999999946 0.1044027777777778
19 0.598109375 0.7431944444444445 0.053671875000000036 0.13736111111111116
19 0.35916796875 0.6580277777777778 0.08458593749999999 0.1025555555555556
19 0.4658515625 0.6074166666666667 0.24717187500000004 0.30616666666666675
19 0.597421875 0.6251805555555555 0.08870312499999997 0.1419444444444445
17 0.5476640625 0.7459930555555556 0.07428124999999994 0.08976388888888896
10 0.6453984375 0.7445972222222222 0.060890625000000045 0.17583333333333329
19 0.22038281250000002 0.48106944444444444 0.03434375000000003 0.053416666666666716
19 0.39408984375 0.3785763888888889 0.06394531250000002 0.174125
19 0.500984375 0.4803333333333334 0.15607812499999998 0.23538888888888893
19 0.46747265625 0.41354166666666664 0.08542968749999993 0.16152777777777774
10 0.582125 0.40300694444444446 0.10426562500000003 0.24693055555555551
19 0.8325078124999999 0.29742361111111115 0.14656249999999993 0.2432083333333334
10 0.5387265625000001 0.3179513888888889 0.18667187500000004 0.22637500000000002
19 0.25533984375 0.18138888888888888 0.09322656250000003 0.1677777777777778
19 0.3123125 0.2838888888888889 0.02709374999999996 0.03955555555555558
19 0.587203125 0.15221527777777777 0.05675000000000008 0.15862499999999996
14 0.7494921874999999 0.11833333333333333 0.18132812499999992 0.23666666666666666
17 0.61468359375 0.17639583333333334 0.06438281250000007 0.14470833333333333
19 0.43298437500000003 0.24190972222222223 0.14320312499999996 0.21245833333333336
19 0.511796875 0.10912499999999999 0.06799999999999998 0.07875
19 0.5194726562499999 0.18330555555555558 0.03203906249999999 0.05494444444444445
19 0.40923828125000006 0.13385416666666666 0.0505859375 0.10256944444444446
19 0.54630859375 0.04685416666666667 0.05047656249999992 0.08973611111111109
19 0.25779687500000004 0.01929166666666667 0.04440625000000002 0.034972222222222224
19 0.4586875 0.02479861111111111 0.03821875000000006 0.04959722222222222
10 0.38559375 0.06784027777777778 0.050484375000000005 0.13568055555555555
18 0.51333984375 0.01838888888888889 0.05666406249999998 0.03677777777777778
19 0.63851171875 0.014729166666666666 0.05563281250000003 0.029458333333333333