19 0.4203125 0.9854166666666667 0.02421875 0.029166666666666667
19 0.5318515625 0.9480416666666666 0.13285937499999995 0.10391666666666657
19 0.838671875 0.99375 0.0171875 0.0125
19 0.5150546874999999 0.8501666666666666 0.07168749999999999 0.10980555555555548
16 0.35071874999999997 0.8422569444444445 0.12242187500000004 0.243263888888889
19 0.43228125000000006 0.7745694444444445 0.04312500000000004 0.09222222222222234
17 0.61873046875 0.8162569444444445 0.09816406250000007 0.10309722222222224
17 0.7477578125 0.7740972222222222 0.05407812500000002 0.14036111111111105
10 0.693125 0.8534583333333333 0.05304687500000007 0.0952499999999999
17 0.40034765624999996 0.6948958333333333 0.09596093749999998 0.11368055555555559
19 0.28895312500000003 0.7007708333333332 0.04742187500000004 0.05493055555555549
19 0.4859375 0.6315416666666667 0.07279687500000005 0.12352777777777785
8 0.77255078125 0.6464375000000001 0.03763281250000006 0.17920833333333339
12 0.66450390625 0.6277847222222223 0.2095546875 0.3341805555555555
12 0.28782031249999995 0.5262847222222222 0.12023437499999998 0.19604166666666664
19 0.3947929687499999 0.5753055555555556 0.10469531249999994 0.12527777777777785
19 0.53869140625 0.5405694444444444 0.11486718749999998 0.21447222222222218
19 0.38468749999999996 0.4887916666666667 0.06507812499999996 0.07255555555555557
19 0.45968749999999997 0.5044791666666667 0.08492187500000004 0.15098611111111115
19 0.71502734375 0.42702777777777773 0.028695312500000014 0.05488888888888886
19 0.48229687499999996 0.41645138888888894 0.09926562499999995 0.09565277777777778
19 0.41170703125 0.3850763888888889 0.04191406250000003 0.07995833333333337
10 0.2098203125 0.42916666666666664 0.05304687499999998 0.16041666666666668
10 0.26551562500000003 0.3713611111111111 0.05415624999999995 0.16230555555555556
19 0.36093359375 0.3625277777777777 0.0750859375 0.13288888888888895
19 0.76079296875 0.32428472222222227 0.022054687500000014 0.05881944444444447
19 0.4182578125 0.226875 0.4092656249999999 0.45375
2 0.31631640625 0.2533472222222223 0.1301640625 0.2203055555555556
13 0.20049609375 0.25825 0.12132031249999997 0.19872222222222227
19 0.81373046875 0.24645138888888887 0.09485156249999997 0.16348611111111108
14 0.170828125 0.11388888888888889 0.084921875 0.15883333333333335
5 0.83424609375 0.08349305555555554 0.059554687500000016 0.12156944444444445
14 0.16915234375000002 0.017236111111111112 0.02660156250000001 0.034472222222222224
18 0.21753515625 0.04782638888888889 0.041007812500000004 0.09565277777777778
12 0.46032421875 0.045472222222222226 0.12189843749999998 0.09094444444444445
15 0.5595859375 0.07958333333333333 0.05573437499999993 0.15916666666666665
3 0.652078125 0.017749999999999995 0.062890625 0.033888888888888885
19 0.46039453125000007 0.09941666666666667 0.030445312500000023 0.04236111111111111
2 0.5336953125 0.02496527777777778 0.04081250000000001 0.049208333333333326