19 0.6960546875 0.9690972222222223 0.183203125 0.06180555555555556
12 0.22126953125 0.967986111111111 0.09363281250000002 0.06402777777777766
17 0.4231640625 0.9827777777777779 0.037734374999999966 0.03444444444444438
19 0.37160156250000004 0.8657499999999999 0.22742187500000002 0.2684999999999999
8 0.43195312500000005 0.7241875 0.20984374999999997 0.345875
19 0.24127343750000002 0.7649166666666665 0.03317187500000003 0.059888888888888735
8 0.28805859375000004 0.4116666666666666 0.19325781250000001 0.1783333333333333
19 0.3332421875 0.46184722222222224 0.023890625000000033 0.040777777777777795
19 0.35803515625000004 0.22537500000000002 0.1051796875 0.17619444444444446
8 0.44368359375 0.18127083333333333 0.08591406250000003 0.18384722222222222
19 0.5122578124999999 0.334375 0.056265624999999986 0.1059722222222222
17 0.30539453125 0.15847222222222224 0.09532031249999999 0.09777777777777778
19 0.6821484375 0.1446736111111111 0.04617187499999993 0.08879166666666666
19 0.65244140625 0.105625 0.06957031249999997 0.21125
10 0.561421875 0.04563194444444445 0.10415624999999995 0.08945833333333333
10 0.41748046875 0.025347222222222222 0.0409609375 0.04888888888888889
18 0.4367304687500001 0.2385972222222222 0.060460937500000075 0.07369444444444445
18 0.11199218749999999 0.13903472222222224 0.10217187500000002 0.2780694444444445