11 0.68552734375 0.10709027777777777 0.04764843750000001 0.1185972222222222
3 0.5394062500000001 0.08177777777777778 0.10800000000000001 0.16355555555555557
12 0.7206210937499999 0.1864236111111111 0.049226562499999994 0.08187499999999999
12 0.6545546875 0.2172083333333333 0.08417187500000001 0.192
17 0.34484765624999997 0.17061805555555556 0.05558593749999998 0.13270833333333334
7 0.6227890625 0.06050694444444444 0.05876562500000002 0.11576388888888887
18 0.28436328125 0.04382638888888889 0.05161718749999995 0.08765277777777777
19 0.6649921875 0.9188541666666665 0.08985937499999999 0.16229166666666653
19 0.393453125 0.9411805555555556 0.11471874999999998 0.11763888888888895
15 0.71289453125 0.9691944444444444 0.07092968749999998 0.06161111111111097
8 0.50979296875 0.9159027777777777 0.20650781249999994 0.1681944444444443
12 0.29521484375 0.8075902777777777 0.12277343749999999 0.1932361111111112
19 0.411140625 0.7782430555555556 0.12228124999999998 0.22287500000000005
15 0.8420664062500001 0.7959166666666667 0.09582031250000007 0.19516666666666665
18 0.7135859375 0.6722777777777778 0.06639062500000001 0.1477777777777778
18 0.331984375 0.6605 0.04606250000000003 0.11294444444444436
2 0.25971875 0.6208055555555555 0.09846874999999997 0.1800833333333333
19 0.540578125 0.6707222222222222 0.15565625 0.25533333333333336
18 0.25389453125 0.6114166666666666 0.04764843750000001 0.0595833333333333
19 0.22718750000000001 0.8911666666666668 0.021171875000000017 0.1595555555555557
19 0.30302734375 0.9304791666666665 0.030445312500000023 0.051763888888888866
19 0.38552734375 0.5100208333333333 0.05422656249999998 0.09968055555555554
0 0.36232031249999996 0.31885416666666666 0.08417187500000001 0.1185972222222222
18 0.43471874999999993 0.6777708333333333 0.07720312499999996 0.14118055555555561
17 0.43989843749999996 0.5803263888888889 0.05845312499999995 0.13854166666666667
19 0.55298828125 0.2753541666666667 0.1335703125 0.21456944444444445
19 0.39890624999999996 0.14055555555555557 0.15578124999999998 0.28111111111111114
5 0.77049609375 0.7000277777777778 0.08735156250000005 0.1863611111111112
19 0.341671875 0.4529722222222222 0.08417187500000001 0.16658333333333342
19 0.4591953125 0.4135625 0.13817187500000006 0.19465277777777776
8 0.7848007812500001 0.2186388888888889 0.1889765624999999 0.2513333333333334
18 0.20048046875 0.7687569444444444 0.061945312499999995 0.07929166666666655