19 0.7562734375000001 0.9806597222222221 0.03370312500000008 0.038680555555555426
7 0.66250390625 0.9291597222222222 0.20608593749999998 0.14168055555555553
19 0.5120820312500001 0.9126666666666666 0.10000781249999999 0.17466666666666666
19 0.34485937499999997 0.8754375000000001 0.13315625000000003 0.24912499999999985
19 0.43272656249999997 0.9148472222222223 0.07381250000000002 0.1703055555555554
17 0.44608984375 0.7549722222222222 0.10872656250000001 0.16872222222222225
16 0.6396015625 0.7739999999999999 0.09632812499999996 0.1468055555555556
2 0.6798515625 0.6577777777777777 0.25914062499999996 0.37763888888888886
19 0.45488671875 0.6469652777777778 0.047476562499999986 0.07131944444444448
19 0.46403906250000004 0.6976458333333333 0.04242187499999996 0.0433472222222222
19 0.50389453125 0.671611111111111 0.07553906250000005 0.14649999999999994
19 0.23041015625 0.673125 0.1249921875 0.10241666666666668
7 0.21863281250000002 0.5946805555555555 0.09584375000000003 0.13944444444444443
2 0.38669921875 0.4622638888888889 0.17800781249999997 0.2004166666666666
3 0.7782031249999999 0.37264583333333334 0.15309374999999995 0.2665694444444444
19 0.5946445312499999 0.40500694444444446 0.24805468749999998 0.26556944444444447
19 0.49373046875000004 0.3345138888888889 0.07863281250000007 0.20652777777777775
19 0.38658203125 0.33964583333333337 0.0690390625 0.08315277777777778
19 0.31054296875 0.32198611111111114 0.06141406250000001 0.11533333333333336
16 0.3637578125 0.21153472222222222 0.11470312499999995 0.10862499999999997
17 0.45078125 0.1575 0.07437500000000004 0.19638888888888895
19 0.7263359374999999 0.11311805555555554 0.09967187499999994 0.15984722222222225
8 0.50408984375 0.15694444444444444 0.05838281250000001 0.16666666666666666
19 0.5400625000000001 0.20711805555555557 0.04798437500000006 0.10229166666666666
19 0.60941796875 0.20249305555555558 0.11178906249999994 0.13443055555555558
14 0.6327890625 0.09740277777777777 0.14098437500000002 0.19480555555555554
10 0.6042578125 0.0761111111111111 0.11148437500000004 0.1522222222222222
19 0.5299296874999999 0.04739583333333333 0.07232812499999994 0.09479166666666666
19 0.40420703125 0.0692986111111111 0.031695312499999996 0.08379166666666668
19 0.4339140625 0.035729166666666666 0.05779687500000001 0.07145833333333333
17 0.28393359374999994 0.03247916666666667 0.06646093749999996 0.06495833333333334
17 0.17469921875 0.012145833333333331 0.04835156249999999 0.024291666666666663