3 0.6828125 0.9506944444444444 0.1578125 0.09861111111111111
18 0.56200390625 0.9259513888888888 0.1010859374999999 0.14809722222222238
13 0.222265625 0.9152777777777777 0.2109375 0.16944444444444445
8 0.5066601562499999 0.9495972222222221 0.046757812499999926 0.10080555555555545
0 0.3556484375 0.8624166666666667 0.10782812499999998 0.2748611111111112
17 0.45129687500000004 0.8802708333333334 0.07392187499999991 0.14018055555555564
18 0.2824140625 0.8882013888888889 0.07804687499999999 0.22359722222222222
3 0.586953125 0.7893333333333332 0.12468749999999992 0.34577777777777785
18 0.22532812500000002 0.8058055555555554 0.07575000000000001 0.1802222222222222
3 0.5097265625 0.8314097222222222 0.05618750000000006 0.12015277777777776
19 0.7319453125 0.7460972222222223 0.19179687499999992 0.26650000000000007
12 0.32951171875 0.7040763888888888 0.05622656250000002 0.09718055555555552
17 0.7597109375 0.6865069444444445 0.053125 0.09631944444444447
17 0.5287773437500001 0.6014652777777777 0.11088281250000005 0.13237499999999994
12 0.39806640625 0.7368194444444445 0.048507812500000025 0.08766666666666659
19 0.4614296875 0.6789652777777778 0.163734375 0.33745833333333336
12 0.48566796874999996 0.7293680555555555 0.07888281250000002 0.1157361111111111
18 0.6629687499999999 0.6611180555555556 0.10906249999999992 0.15181944444444437
3 0.6841953125 0.5372638888888889 0.15328125000000004 0.23991666666666667
14 0.50684375 0.4391319444444445 0.12604687499999995 0.18884722222222225
14 0.3766015625 0.4980763888888889 0.05092187500000005 0.09362499999999996
14 0.6494609375 0.39718749999999997 0.05648437499999996 0.07676388888888887
10 0.39005859374999996 0.3734444444444444 0.10133593749999999 0.25380555555555556
10 0.76685546875 0.3952847222222223 0.11207031249999995 0.1925138888888889
2 0.2162734375 0.3749166666666667 0.07473437499999998 0.18511111111111106
14 0.53165234375 0.2800972222222222 0.05327343750000004 0.11080555555555552
19 0.70462890625 0.24536805555555558 0.1451171875 0.344625
3 0.48576953125000005 0.1951597222222222 0.18486718750000003 0.26698611111111115
14 0.37984375000000004 0.11979166666666667 0.11421875000000004 0.23958333333333334
14 0.27716406250000003 0.2630347222222222 0.02439062500000002 0.05134722222222226
8 0.61703125 0.1545763888888889 0.07125000000000004 0.3024861111111111
14 0.23133203125000001 0.15954166666666666 0.01861718750000003 0.05250000000000002
3 0.28011328124999996 0.04771527777777778 0.06996093749999996 0.09356944444444446
3 0.45405468749999994 0.07806249999999999 0.09049999999999994 0.15612499999999999
5 0.82472265625 0.06151388888888889 0.10141406249999996 0.12302777777777778
17 0.72202734375 0.022145833333333333 0.08600781249999993 0.04429166666666667
17 0.5272265625 0.014729166666666666 0.08665625000000006 0.029458333333333333
3 0.52080859375 0.05513888888888889 0.026320312500000043 0.06047222222222221
14 0.57119140625 0.16581944444444444 0.026960937499999994 0.08330555555555554