19 0.5950625 0.9162569444444444 0.14621875000000006 0.167486111111111
19 0.4953125 0.9673333333333334 0.04718750000000007 0.06533333333333328
15 0.70325390625 0.9502916666666665 0.09103906249999998 0.09941666666666657
19 0.39637500000000003 0.9601249999999999 0.14165624999999996 0.07669444444444448
19 0.6812226562499999 0.8583819444444444 0.06533593750000008 0.11751388888888875
19 0.21425390625000001 0.8424513888888888 0.14835156249999998 0.14840277777777766
19 0.3015390625 0.9412291666666666 0.027812500000000018 0.06043055555555554
19 0.32842578125 0.8823194444444444 0.07472656249999998 0.14286111111111097
19 0.35212890625000004 0.7317916666666666 0.10407031250000003 0.20219444444444443
19 0.46481640625000004 0.8017638888888888 0.18850781249999998 0.3102777777777778
17 0.5216093749999999 0.8802361111111111 0.06387499999999999 0.10805555555555549
2 0.28360937500000005 0.5391180555555556 0.16687500000000002 0.296875
19 0.39005078125 0.5767916666666666 0.1164140625 0.16861111111111107
19 0.45409765625 0.6120208333333333 0.03091406249999995 0.04212500000000006
19 0.84128515625 0.6199861111111111 0.022664062500000172 0.04966666666666665
19 0.35396875 0.434875 0.028843749999999967 0.056777777777777774
19 0.44648828125 0.4551875 0.09488281250000004 0.19520833333333326
19 0.38759375 0.46870138888888885 0.03296875000000003 0.0512916666666666
19 0.6557929687499999 0.5153541666666666 0.04533593749999998 0.0585972222222223
19 0.69012109375 0.2981666666666667 0.1230390625 0.404111111111111
3 0.5917148437499999 0.34483333333333327 0.1257578125 0.17938888888888885
19 0.19599218749999997 0.35339583333333335 0.02214062499999998 0.03373611111111114
19 0.50188671875 0.32956944444444447 0.07511718750000007 0.13736111111111107
19 0.58839453125 0.16186805555555556 0.14850781249999995 0.2870972222222222
17 0.4015859375 0.36569444444444443 0.07368749999999995 0.1551666666666667
12 0.35186328125 0.25211111111111106 0.06867968749999998 0.11575000000000005
19 0.37165234375 0.11675694444444444 0.18458593750000002 0.09004166666666664
19 0.42917187500000004 0.04502083333333333 0.06095312499999998 0.09004166666666666
19 0.46651953125 0.05113194444444444 0.06696093750000003 0.10226388888888888
19 0.51888671875 0.057999999999999996 0.17341406250000002 0.11599999999999999
8 0.6527734374999999 0.03579166666666666 0.08421874999999997 0.06883333333333333