17 0.27641796875 0.970423611111111 0.08658593750000003 0.059152777777777665
10 0.640609375 0.9342847222222221 0.05975000000000001 0.13143055555555572
19 0.56171875 0.9256944444444445 0.09765625 0.1486111111111111
19 0.738421875 0.7982916666666666 0.12485937499999995 0.22513888888888883
17 0.45215625 0.8146388888888888 0.07896874999999995 0.1242777777777778
17 0.55671484375 0.5767430555555555 0.0929765625 0.11876388888888888
19 0.38982421875 0.591125 0.0462890625 0.05775000000000006
12 0.33515625 0.5166041666666668 0.105578125 0.21123611111111115
19 0.17977734375 0.4234930555555555 0.054523437499999994 0.20079166666666662
19 0.540765625 0.44574305555555555 0.07182812500000005 0.15184722222222227
19 0.42330859375 0.3875555555555555 0.039664062499999986 0.048638888888888863
17 0.7499609375 0.3907083333333333 0.06617187500000003 0.16530555555555554
15 0.26508203125 0.395625 0.14847656250000002 0.31652777777777774
19 0.4672695312499999 0.3381527777777778 0.09519531249999993 0.09455555555555553
19 0.44625390624999994 0.2414791666666667 0.10508593749999999 0.10768055555555552
19 0.4654296875 0.1553263888888889 0.13101562500000002 0.1481527777777778
19 0.558984375 0.28786805555555556 0.013593750000000071 0.030763888888888858
12 0.7099609375 0.16375 0.135546875 0.19972222222222225
19 0.830828125 0.13583333333333336 0.06532812499999992 0.11447222222222224
19 0.4668984375 0.09210416666666667 0.11274999999999995 0.16879166666666667
14 0.49806249999999996 0.03945833333333333 0.09496874999999996 0.07891666666666666
19 0.5625859375 0.036597222222222225 0.05192187500000003 0.06883333333333333
19 0.64714453125 0.07243055555555555 0.1468671875 0.1448611111111111