12 0.2640625 0.9277777777777778 0.1265625 0.14444444444444443
2 0.41293359374999994 0.8648958333333334 0.12836718749999995 0.2702083333333333
19 0.5021328125 0.9223194444444444 0.08454687500000002 0.15536111111111098
2 0.62482421875 0.8732777777777778 0.11025781250000008 0.25344444444444447
19 0.55126953125 0.7430902777777777 0.2212890625 0.4585138888888888
19 0.7746171875 0.8572083333333335 0.13898437500000008 0.2855833333333332
18 0.4800625 0.8121388888888889 0.05159374999999997 0.09677777777777787
19 0.24233203125 0.6505 0.11466406249999998 0.4010277777777778
3 0.361296875 0.5939375 0.07515625000000004 0.11320833333333333
19 0.3709140625 0.6904791666666666 0.053359374999999966 0.08737500000000004
19 0.7342187499999999 0.6791319444444445 0.15218750000000006 0.24270833333333333
18 0.40623046875 0.5860486111111111 0.08285156249999996 0.15293055555555557
19 0.6122304687500001 0.5312430555555555 0.07805468750000007 0.12665277777777786
19 0.6961875 0.4734027777777778 0.11793750000000003 0.2718055555555556
19 0.8626171875 0.4198958333333333 0.11320312500000007 0.1688194444444444
10 0.385859375 0.27388888888888885 0.07531250000000003 0.3219444444444445
19 0.8383828125000001 0.29231944444444447 0.05504687500000003 0.08019444444444446
8 0.6305703125 0.027263888888888886 0.055421875000000044 0.05452777777777777
12 0.33118359374999995 0.03715277777777778 0.06752343750000005 0.07430555555555556
16 0.22928515625 0.053402777777777785 0.1247109375 0.10680555555555557
2 0.29388671875 0.45947916666666666 0.07628906249999998 0.09520833333333327
19 0.4212734375 0.08732638888888888 0.09410937500000002 0.13695833333333335
18 0.11199218749999999 0.13903472222222224 0.10217187500000002 0.2780694444444445