19 0.40226953125 0.9430833333333333 0.09600781250000004 0.11383333333333338
19 0.29408984374999997 0.8347986111111112 0.15102343749999997 0.18081944444444453
19 0.5465625000000001 0.8883402777777778 0.15414062499999998 0.2233194444444444
12 0.4615078125 0.8484166666666665 0.06487499999999997 0.1136944444444443
19 0.55105859375 0.8721319444444444 0.09350781250000004 0.13031944444444435
17 0.4059453125 0.7309305555555555 0.08389062499999995 0.1348333333333333
19 0.7430273437499999 0.611 0.18052343749999994 0.14655555555555552
2 0.5939179687499999 0.7068472222222222 0.17119531250000009 0.28427777777777785
19 0.44196093749999993 0.6277361111111112 0.08192187499999992 0.13522222222222224
12 0.33870703124999996 0.5437083333333333 0.16625781249999996 0.2899999999999999
19 0.47915624999999995 0.488125 0.17957812500000006 0.25544444444444436
2 0.22716406249999999 0.6501666666666667 0.11892187500000002 0.20713888888888896
19 0.48065234375 0.2746180555555556 0.17196093749999997 0.225625
19 0.25851171875 0.24071527777777776 0.0703203125 0.10893055555555556
8 0.59703515625 0.24694444444444447 0.05733593750000008 0.29916666666666664
14 0.6675859375000001 0.27619444444444446 0.08253125000000008 0.16999999999999996
17 0.73316015625 0.25548611111111114 0.06235156249999996 0.12150000000000002
10 0.3864296875 0.17768055555555554 0.08004687500000003 0.22319444444444442
17 0.4396484375 0.11314583333333333 0.08148437499999997 0.1660138888888889
3 0.700421875 0.11007638888888888 0.16743749999999996 0.22015277777777775
8 0.58007421875 0.04 0.09125781249999995 0.08
14 0.5028476562499999 0.0788125 0.07724218749999992 0.13231944444444443