18 0.28103124999999995 0.9474027777777778 0.057937499999999975 0.10519444444444445
19 0.5657812499999999 0.9922222222222222 0.013906249999999964 0.01555555555555562
8 0.5871445312500001 0.9197569444444444 0.05421093750000008 0.1482083333333334
3 0.3919921875 0.8290208333333333 0.13664062500000002 0.24081944444444434
19 0.43575781250000006 0.9071111111111111 0.055578125000000075 0.095611111111111
10 0.52848046875 0.8419652777777776 0.0820390625 0.20945833333333325
17 0.69716015625 0.7953472222222222 0.09138281250000002 0.22097222222222218
3 0.42248046875 0.6891944444444444 0.047226562500000034 0.08322222222222217
19 0.75698046875 0.6237986111111111 0.18121093750000003 0.30184722222222227
19 0.31387109375 0.574 0.0552734375 0.08194444444444444
19 0.3089375 0.3900555555555556 0.11712499999999997 0.18272222222222217
19 0.5028984375000001 0.5272916666666666 0.044859375000000055 0.07974999999999995
0 0.5702499999999999 0.48040277777777773 0.06095312499999998 0.09883333333333329
3 0.39175390625 0.31571527777777775 0.05750781250000001 0.17095833333333338
15 0.5550546875 0.34391666666666665 0.04831249999999994 0.1385833333333333
19 0.46237890625 0.5438680555555556 0.023054687499999994 0.03901388888888893
17 0.47078515625 0.1932708333333333 0.10717968750000004 0.20679166666666665
19 0.6283671875000001 0.25909722222222226 0.09139062500000002 0.18263888888888888
19 0.22914062500000001 0.15585416666666668 0.10046875000000002 0.1769027777777778
19 0.5464296875 0.31019444444444444 0.091015625 0.24888888888888888
12 0.29813671875000003 0.07625694444444445 0.12388281249999995 0.1525138888888889
12 0.62210546875 0.05678472222222222 0.0859453125 0.11356944444444445
18 0.39376171875 0.02607638888888889 0.060664062500000025 0.05215277777777778
0 0.44431640625 0.030569444444444448 0.05561718750000004 0.061138888888888895
18 0.11199218749999999 0.13903472222222224 0.10217187500000002 0.2780694444444445