10 0.7310585937499999 0.9392361111111112 0.1374140624999999 0.12152777777777778
2 0.484375 0.8583333333333333 0.203125 0.2833333333333333
19 0.5450234375 0.9571458333333334 0.05684374999999999 0.08570833333333339
19 0.38425390625 0.9036736111111111 0.056992187500000034 0.10329166666666652
16 0.64021484375 0.7314930555555554 0.19778906250000006 0.2497916666666666
19 0.3304765625 0.8168541666666667 0.033499999999999995 0.06593055555555559
2 0.8392578125 0.6992986111111111 0.23735937500000004 0.4329305555555556
13 0.2179765625 0.84725 0.21400000000000005 0.30550000000000005
17 0.556125 0.7828055555555555 0.04710937499999997 0.10777777777777765
8 0.6513515625 0.8893819444444445 0.10384375000000005 0.17143055555555564
2 0.30762109375 0.6816805555555555 0.11883593750000002 0.19558333333333325
19 0.31262109374999997 0.5509097222222223 0.13353906250000006 0.3603750000000001
19 0.47146875 0.6311458333333333 0.053156249999999974 0.10770833333333327
19 0.46961718750000003 0.7102638888888889 0.029671875000000014 0.054944444444444365
19 0.38869921875 0.40611111111111114 0.07057031250000004 0.13630555555555554
19 0.4560820312500001 0.41487500000000005 0.029789062500000085 0.052750000000000026
19 0.618109375 0.4159583333333333 0.10882812499999997 0.23072222222222222
17 0.19646484375 0.44235416666666666 0.09902343750000002 0.2483472222222222
19 0.822015625 0.3335625 0.08418750000000008 0.11868055555555554
19 0.33002734375 0.18326388888888887 0.08650781250000002 0.36652777777777773
5 0.43636328124999996 0.19643750000000001 0.06428906249999997 0.11156944444444442
17 0.42709375000000005 0.11268055555555555 0.1125 0.10330555555555555
17 0.8282578125000001 0.03051388888888889 0.06428125000000007 0.06102777777777778
19 0.733625 0.07777777777777778 0.11509374999999995 0.15555555555555556
19 0.52963671875 0.08850694444444443 0.0878984375 0.16923611111111111
19 0.46720703125000007 0.03820833333333334 0.1311640624999999 0.07641666666666667
19 0.38011328125 0.04125 0.05316406249999996 0.05713888888888889