10 0.8349921875000001 0.9752916666666666 0.046734375000000127 0.04941666666666657
3 0.54033203125 0.8915208333333333 0.12464843749999996 0.2169583333333334
19 0.26145703124999997 0.926826388888889 0.1291953125 0.14634722222222207
2 0.42606640625000003 0.9268541666666665 0.09302343749999994 0.14629166666666657
18 0.36352343749999994 0.7931944444444443 0.11528124999999996 0.14288888888888904
19 0.8254023437500001 0.8555416666666666 0.06864843749999991 0.16619444444444456
19 0.6896875 0.8731527777777777 0.08984375 0.14486111111111105
18 0.7550390625000001 0.7488750000000001 0.1390625 0.29677777777777786
18 0.18303124999999998 0.7142638888888888 0.07195312500000002 0.22263888888888883
18 0.47103906250000005 0.6317847222222223 0.13468750000000007 0.45504166666666673
18 0.3598984375 0.6446527777777777 0.13351562499999997 0.2280833333333333
19 0.56648046875 0.7823125 0.06774218750000002 0.09887500000000007
19 0.595875 0.7072777777777778 0.17484374999999996 0.2459166666666666
18 0.6816992187500001 0.5641666666666667 0.12863281250000008 0.12749999999999995
17 0.29880859375 0.48658333333333337 0.05975781250000001 0.0988611111111112
14 0.29935156249999995 0.3544027777777778 0.20484375000000005 0.3087500000000001
19 0.5350937499999999 0.35518055555555555 0.07078124999999993 0.15458333333333332
10 0.65033203125 0.1851736111111111 0.11964843750000007 0.2564583333333333
8 0.72294140625 0.2065763888888889 0.11130468750000003 0.19843055555555555
19 0.37916015625 0.17294444444444443 0.28800781249999996 0.34588888888888886
19 0.2433046875 0.1600347222222222 0.07785937499999998 0.13120833333333332
19 0.60987109375 0.07247222222222222 0.06027343750000007 0.11547222222222223
19 0.56278125 0.137125 0.08071874999999995 0.16091666666666668
8 0.6792695312499999 0.04159027777777778 0.10258593749999996 0.08318055555555556
19 0.574546875 0.5081111111111111 0.148625 0.23247222222222222
12 0.8494765624999999 0.05511805555555556 0.12051562500000008 0.11023611111111112
19 0.55790234375 0.0313125 0.07021093749999992 0.062625