19 0.6701640624999999 0.8883472222222223 0.10590624999999995 0.2233055555555555
19 0.7328125 0.9798611111111111 0.02421875 0.04027777777777778
19 0.47969140625 0.9819583333333333 0.05311718750000001 0.036083333333333356
19 0.5055859375 0.8746527777777777 0.26117187499999994 0.25069444444444444
18 0.17084765625 0.7752708333333332 0.16192968749999997 0.3162916666666667
18 0.35783593750000003 0.8059791666666668 0.10634375 0.23251388888888894
17 0.25972265625 0.8160555555555555 0.08666406250000006 0.1802222222222222
14 0.49342968749999994 0.9395902777777778 0.08835937499999993 0.12081944444444445
17 0.21698828125 0.6071180555555555 0.08713281249999998 0.18251388888888884
15 0.2801484375 0.5457569444444444 0.07281250000000003 0.17268055555555561
17 0.48901171874999994 0.6872638888888889 0.09044531249999999 0.14705555555555555
17 0.4139296874999999 0.6652152777777778 0.084375 0.19459722222222225
17 0.6059765625 0.7142152777777778 0.09595312499999994 0.1588194444444444
17 0.5127734375 0.5606944444444445 0.08714062499999997 0.12663888888888897
19 0.25787109375000006 0.5 0.1422265625 0.2704722222222222
19 0.35737500000000005 0.6096875 0.03862500000000004 0.15104166666666666
19 0.59348828125 0.583875 0.11247656250000002 0.19833333333333328
19 0.7867968750000001 0.6385972222222223 0.09650000000000007 0.1301666666666667
19 0.85227734375 0.5002222222222221 0.018148437500000014 0.3612222222222221
19 0.7986875 0.5183958333333334 0.05971874999999995 0.13234722222222217
10 0.49458203125000005 0.4628263888888889 0.13235156250000008 0.13726388888888894
19 0.602234375 0.4420625 0.21853125 0.2136805555555556
19 0.65508984375 0.38009722222222214 0.1865234375 0.36902777777777784
19 0.41130078125 0.4720625 0.1283828125 0.21979166666666666
17 0.470359375 0.32761805555555557 0.06970312500000002 0.1089305555555556
10 0.62417578125 0.16772222222222222 0.11194531249999998 0.2831666666666667
19 0.2035078125 0.3624791666666667 0.04978125000000002 0.09804166666666671
19 0.27451171875 0.32625 0.09803906250000001 0.14977777777777782
19 0.35500781249999996 0.35130555555555554 0.02834374999999998 0.049027777777777753
19 0.41099609375 0.23761111111111113 0.019914062500000006 0.05311111111111112
19 0.5333203125 0.2780486111111111 0.02834374999999998 0.11437500000000003
19 0.16920312499999998 0.15815277777777778 0.14628125 0.3150833333333333
19 0.17694921875 0.09652777777777778 0.1706171875 0.19305555555555556
19 0.27728125000000003 0.09582638888888889 0.08748437500000002 0.19165277777777778
19 0.46264453125000005 0.04447222222222222 0.06088281250000005 0.06847222222222221
19 0.5731601562499999 0.11153472222222222 0.09661718750000006 0.22140277777777778
19 0.5625703125 0.08447916666666665 0.13103125000000002 0.16259722222222223
14 0.71537109375 0.07582638888888889 0.10336718749999996 0.15165277777777778
2 0.33823437500000003 0.1491875 0.21176562499999996 0.29670833333333335