2 0.545703125 0.8763888888888889 0.16484375 0.24722222222222223
14 0.1934296875 0.9826180555555556 0.04798437500000001 0.03476388888888885
19 0.40516015625 0.8814583333333333 0.14514843749999998 0.2370833333333334
14 0.733484375 0.9629791666666667 0.08834374999999994 0.07404166666666659
19 0.42521484374999996 0.9581180555555556 0.09267968749999995 0.08376388888888882
19 0.7930859375 0.9338819444444444 0.09909374999999994 0.12043055555555561
12 0.6601250000000001 0.83375 0.13001562500000005 0.24944444444444439
19 0.73173046875 0.8311041666666666 0.058882812499999916 0.24248611111111107
19 0.21652343749999997 0.9211319444444445 0.07757812499999998 0.10309722222222224
19 0.251578125 0.7978125000000001 0.10656249999999998 0.16859722222222237
19 0.56884765625 0.7002291666666666 0.10224218749999991 0.11498611111111107
19 0.5832460937499999 0.6085972222222222 0.1203203125 0.11705555555555552
19 0.41051953125 0.6864305555555555 0.17816406249999997 0.18211111111111103
19 0.28841015625 0.6591111111111111 0.11666406250000003 0.29572222222222216
19 0.33251953125 0.5514236111111112 0.1009765625 0.18884722222222225
19 0.79851953125 0.7260000000000001 0.06402343749999995 0.17675
19 0.29000781249999996 0.4798611111111111 0.03409374999999999 0.04747222222222215
19 0.44908984375000005 0.5915069444444444 0.16622656249999998 0.14884722222222216
19 0.4406796875 0.5117916666666666 0.051999999999999956 0.0580833333333334
12 0.72578515625 0.5094583333333333 0.0767578125 0.15874999999999995
8 0.53403515625 0.4620833333333333 0.13988281249999995 0.1327777777777778
19 0.60934375 0.35885416666666664 0.09184374999999996 0.31506944444444446
19 0.63751953125 0.4748680555555556 0.09716406249999991 0.1997916666666667
17 0.1909296875 0.4483611111111111 0.06062500000000002 0.16958333333333336
19 0.6534296875 0.3000277777777778 0.057656249999999964 0.12769444444444444
9 0.745640625 0.2425486111111111 0.1033125 0.20454166666666665
19 0.3956875 0.41186111111111107 0.13851562499999998 0.2588611111111111
17 0.47555859375000004 0.35256250000000006 0.057632812499999984 0.12581944444444448
12 0.53415234375 0.3273888888888889 0.05975781250000001 0.1186388888888889
16 0.21795312500000003 0.2775625 0.08217187500000003 0.13359722222222223
11 0.28448046875 0.29415972222222225 0.0955078125 0.25387499999999996
19 0.34260156249999996 0.28641666666666665 0.05979687499999997 0.13005555555555554
19 0.41406640625 0.22662500000000002 0.12049218750000001 0.16575000000000004
11 0.5069921875 0.19368055555555555 0.06335937499999993 0.2076388888888889
10 0.3569375 0.185 0.06778124999999999 0.13666666666666666
19 0.671171875 0.13541666666666666 0.28828124999999993 0.2708333333333333
19 0.43891796875000005 0.07202777777777777 0.21986718750000006 0.14405555555555555
17 0.2328125 0.035791666666666666 0.06531250000000002 0.07158333333333333