12 0.55959765625 0.9345138888888889 0.10091406250000005 0.13097222222222216
18 0.6177421875 0.9449930555555556 0.07139062500000008 0.11001388888888894
19 0.44041796875 0.8799791666666668 0.04244531249999994 0.09606944444444454
6 0.61121484375 0.8145625 0.10238281249999996 0.14229166666666673
2 0.6150390625 0.6103472222222222 0.15960937499999997 0.26958333333333334
19 0.65704296875 0.7688263888888888 0.07200781250000006 0.12512499999999996
2 0.47303125 0.6134652777777778 0.15996875 0.3349861111111112
19 0.34068359375 0.6840138888888889 0.14121093750000005 0.17086111111111107
19 0.31187109375 0.5585069444444445 0.08546093749999999 0.14868055555555548
19 0.4289296875 0.5658194444444444 0.14357812499999997 0.20283333333333328
19 0.55840625 0.39461111111111113 0.12976562499999994 0.22777777777777777
19 0.685078125 0.3896597222222222 0.10279687499999994 0.0787638888888889
19 0.81782421875 0.6085138888888889 0.04439843749999994 0.10602777777777782
19 0.7932890625000001 0.4412291666666667 0.15434375000000006 0.22134722222222222
10 0.31412500000000004 0.3367777777777778 0.11715625000000003 0.24938888888888888
19 0.6537109375 0.2228055555555556 0.21335937499999993 0.2947777777777778
18 0.39782812500000003 0.21105555555555552 0.09684375000000003 0.17344444444444443
8 0.512765625 0.14263194444444444 0.13803125000000005 0.16443055555555552
19 0.272421875 0.11018750000000001 0.13984375 0.16454166666666664
18 0.11199218749999999 0.13903472222222224 0.10217187500000002 0.2780694444444445