19 0.54757421875 0.9141458333333332 0.1036015625000001 0.1717083333333335
19 0.7142968749999999 0.871875 0.22250000000000006 0.25625
12 0.22046484375 0.8222222222222222 0.09155468749999998 0.1669444444444445
17 0.4139765625 0.8217430555555555 0.08345312499999995 0.10043055555555548
19 0.37828906250000005 0.7249097222222223 0.24515624999999996 0.38826388888888885
19 0.13905078125 0.9552291666666667 0.025960937500000014 0.06120833333333325
8 0.431140625 0.514 0.21006249999999996 0.32994444444444443
19 0.2414140625 0.5750277777777778 0.03376562500000002 0.06969444444444438
8 0.29038671875 0.21185416666666665 0.19203906250000002 0.17898611111111112
19 0.3340859375 0.2730972222222222 0.023890625000000033 0.040777777777777795
19 0.35778515624999996 0.0615 0.1086953125 0.123
8 0.45004687500000007 0.041277777777777774 0.08257812500000003 0.08255555555555555
19 0.5176914062500001 0.14385416666666667 0.056757812500000074 0.11026388888888891
19 0.57275 0.9107638888888889 0.08793749999999996 0.17847222222222223
18 0.11199218749999999 0.13903472222222224 0.10217187500000002 0.2780694444444445