19 0.61484375 0.9583333333333334 0.0921875 0.08333333333333333
18 0.60631640625 0.8121944444444444 0.13724218750000006 0.20111111111111105
15 0.5940195312500001 0.8085069444444445 0.07446093749999996 0.12654166666666652
17 0.687453125 0.786923611111111 0.08725000000000005 0.12029166666666653
17 0.16960156249999997 0.6186805555555556 0.08757812500000002 0.17097222222222225
8 0.2537109375 0.0942361111111111 0.08835937500000002 0.1884722222222222
16 0.75474609375 0.9726736111111111 0.10803906250000006 0.054652777777777654
19 0.45743359375 0.8957569444444443 0.20122656249999996 0.2084861111111113
2 0.29691796875 0.9768958333333333 0.07583593749999995 0.04620833333333331
19 0.34005859374999997 0.9733819444444444 0.045554687499999955 0.05323611111111101
10 0.22469531250000002 0.9095694444444444 0.05812499999999998 0.18086111111111114
10 0.26487890625 0.9196458333333333 0.04805468749999999 0.11390277777777777
19 0.36514453125 0.9154861111111111 0.05416406250000003 0.16902777777777783
19 0.3329140625 0.8728819444444444 0.05671875000000002 0.14201388888888888
19 0.31823437499999996 0.8255625000000001 0.0915 0.12140277777777789
19 0.5334648437499999 0.9002708333333332 0.048867187499999964 0.08093055555555553
19 0.46775 0.7427013888888889 0.171890625 0.25468055555555563
19 0.33997265625 0.7498055555555556 0.07372656250000001 0.10363888888888897
14 0.32893359375 0.6430416666666667 0.12344531249999999 0.21819444444444439
14 0.234421875 0.5504097222222223 0.07984375000000002 0.28123611111111113
19 0.45331640625 0.6133402777777778 0.05055468750000003 0.19131944444444443
19 0.55140625 0.7045 0.06878124999999997 0.10250000000000002
18 0.59183984375 0.6483819444444445 0.18402343749999997 0.22190277777777784
16 0.75733984375 0.5462083333333333 0.20057031250000001 0.3170833333333333
19 0.31984765625 0.5006875 0.0859453125 0.13479166666666662
19 0.39721484375000005 0.553236111111111 0.053929687500000024 0.11080555555555552
19 0.43112890625 0.5007847222222223 0.06496093750000002 0.11384722222222227
19 0.49026953125000006 0.34734027777777776 0.07710156250000004 0.09993055555555554
19 0.5283359375 0.4390555555555556 0.14764062500000003 0.15888888888888886
10 0.27179296875 0.39729861111111114 0.16442968750000003 0.20393055555555561
17 0.2093828125 0.3633402777777778 0.09042187500000001 0.13556944444444446
19 0.46933203125 0.22631944444444443 0.08885156250000001 0.14569444444444443
19 0.585234375 0.2048611111111111 0.19171875000000008 0.35694444444444445
19 0.40522656250000005 0.36089583333333336 0.13237500000000005 0.2502916666666667
19 0.7813671875000001 0.13270833333333334 0.10554687500000001 0.16319444444444448
19 0.43830078125 0.1414722222222222 0.042929687500000036 0.09488888888888886
19 0.42462890625 0.06636805555555556 0.10813281250000002 0.1327361111111111
19 0.67950390625 0.1036736111111111 0.05582031250000004 0.2073472222222222
19 0.5423359375 0.08318055555555556 0.13601562499999992 0.16636111111111113