19 0.15696484375000003 0.8076944444444444 0.12627343750000003 0.38461111111111124
2 0.37967968750000003 0.9400347222222222 0.07314062499999996 0.11993055555555543
7 0.446484375 0.9125 0.1578125 0.175
8 0.71543359375 0.8551666666666667 0.1363203125 0.2896666666666666
19 0.4157265625 0.7828472222222221 0.283640625 0.4343055555555556
19 0.6557031249999999 0.8824930555555556 0.08010937499999997 0.14565277777777763
10 0.58795703125 0.8411875 0.06824218749999993 0.1667638888888888
19 0.3352578125 0.8177361111111111 0.08159375000000005 0.11077777777777777
19 0.57658203125 0.6367847222222223 0.03560156249999995 0.14301388888888894
19 0.746921875 0.5475486111111111 0.19881249999999992 0.2669583333333334
19 0.4697578125 0.6926041666666667 0.15726562499999996 0.19048611111111108
3 0.28012109375 0.5800833333333333 0.14835156249999998 0.3381666666666666
19 0.40055078124999993 0.5240972222222222 0.11864843749999995 0.26636111111111105
19 0.24242578125 0.8374722222222221 0.07296093749999999 0.19977777777777767
18 0.5014140625 0.5119166666666667 0.10532812499999995 0.3276666666666666
19 0.6628515625 0.3734722222222222 0.059375 0.1746388888888889
13 0.41043359375 0.3504791666666666 0.17503906249999995 0.2900972222222222
14 0.5041328125000001 0.28938194444444443 0.056375000000000064 0.131875
19 0.77587890625 0.19675 0.2111328125 0.34955555555555556
18 0.68105078125 0.14752777777777779 0.13522656249999992 0.18077777777777781
19 0.56421484375 0.2186111111111111 0.04302343749999995 0.044833333333333295
19 0.4212890625 0.1286736111111111 0.11271874999999998 0.23098611111111111
19 0.32328515625 0.3910694444444444 0.016335937499999974 0.04719444444444447
3 0.47963281250000006 0.11763194444444444 0.14093750000000008 0.2287916666666667
19 0.25030859375000003 0.08795833333333333 0.08777343750000002 0.16505555555555557
19 0.31026562500000004 0.0138125 0.01978125000000004 0.027625
12 0.55444140625 0.03137500000000001 0.07049218750000001 0.05836111111111113
12 0.7126679687499999 0.05447222222222222 0.14711718749999997 0.10894444444444444
19 0.46850390625000005 0.014909722222222222 0.04450781250000002 0.029819444444444444