19 0.21351562500000001 0.9308402777777778 0.162421875 0.13668055555555567
18 0.6693945312499999 0.9388194444444443 0.05964843749999993 0.12236111111111099
18 0.637875 0.9257708333333334 0.026468750000000086 0.05645833333333346
11 0.52265625 0.9541666666666667 0.078125 0.09166666666666666
12 0.7087656250000001 0.8362430555555556 0.07559374999999999 0.1477916666666668
12 0.44707421875 0.888125 0.06352343749999996 0.11058333333333319
12 0.3703125 0.8470138888888887 0.12174999999999998 0.23519444444444432
18 0.6641640625 0.6928263888888889 0.03970312499999995 0.05176388888888894
18 0.39655078125000004 0.7383055555555557 0.13392968750000006 0.10977777777777772
19 0.47795703125 0.40874999999999995 0.05702343750000001 0.4528055555555555
19 0.548640625 0.5150694444444444 0.07673437500000002 0.30366666666666664
16 0.61524609375 0.5277361111111112 0.09397656249999997 0.2
12 0.66289453125 0.46184722222222224 0.05558593750000007 0.0753055555555556
12 0.37458203125 0.46247222222222223 0.1958828125 0.3281666666666666
19 0.18914843750000002 0.5537083333333334 0.055265625000000006 0.10166666666666672
4 0.33997656249999997 0.642 0.052468749999999974 0.05138888888888889
15 0.2349453125 0.2906944444444445 0.06426562499999999 0.2758333333333334
0 0.6375117187500001 0.2576805555555556 0.07158593750000009 0.11713888888888893
0 0.33262890624999997 0.11634027777777778 0.05974218750000002 0.09968055555555556
19 0.35514843749999997 0.26666666666666666 0.08271875 0.12908333333333333
10 0.7917265625000001 0.10351388888888889 0.15073437500000003 0.20702777777777778
18 0.377203125 0.19640277777777776 0.020218749999999997 0.03430555555555554
14 0.6644296875 0.04763194444444445 0.08915624999999991 0.09329166666666665
11 0.7496171875000001 0.7964722222222222 0.07901562500000008 0.14202777777777775
12 0.420703125 0.9493055555555555 0.06171875 0.10138888888888889
3 0.4552734375 0.10525694444444444 0.14228124999999997 0.19804166666666664
19 0.5611601562499999 0.05508333333333333 0.08713281249999998 0.11016666666666666
2 0.254671875 0.5636666666666666 0.11262499999999998 0.2712222222222222
19 0.12076171875 0.2946736111111111 0.1258203125 0.5893472222222222