19 0.42530078125 0.8968333333333334 0.12607031249999995 0.20633333333333326
17 0.4828125 0.9673611111111111 0.078125 0.06527777777777778
12 0.7578125 0.9194444444444444 0.13515625 0.16111111111111112
19 0.21869140625 0.8824166666666665 0.041289062500000015 0.05674999999999986
12 0.31217187500000004 0.8189652777777777 0.08121875000000003 0.15181944444444437
0 0.372375 0.7578472222222222 0.04835937499999998 0.1119444444444444
19 0.50784765625 0.7651249999999999 0.07992968749999996 0.13474999999999998
14 0.6561328125 0.8648958333333334 0.021718749999999964 0.04868055555555549
19 0.49241015624999995 0.8506250000000001 0.048476562499999966 0.06552777777777787
12 0.29934765625000004 0.6392291666666666 0.07672656250000003 0.15104166666666666
19 0.27917187499999996 0.557548611111111 0.06349999999999997 0.10356944444444435
19 0.4346328125 0.6535069444444445 0.06584374999999998 0.13993055555555556
19 0.50323828125 0.61125 0.13475781250000002 0.28388888888888886
2 0.5905078125000001 0.624451388888889 0.14164062499999996 0.18168055555555548
19 0.34053125 0.30038888888888887 0.09771875000000003 0.17580555555555552
19 0.47475781250000004 0.2630625 0.09110937499999991 0.18418055555555557
17 0.52131640625 0.20587499999999997 0.05689843749999994 0.1271388888888889
0 0.24607421875000002 0.09720833333333333 0.08825781250000002 0.17077777777777778
17 0.34486328125 0.021826388888888888 0.056757812499999984 0.043652777777777776
19 0.432046875 0.12895138888888888 0.09537499999999999 0.15604166666666663
19 0.61421875 0.43074305555555553 0.19453125 0.3675972222222223
19 0.4170234375 0.23909722222222224 0.07829687500000002 0.17069444444444448
19 0.6248828125 0.20669444444444443 0.08570312500000003 0.1302222222222222
19 0.22633203124999998 0.23297916666666668 0.05421093749999999 0.08820833333333332
8 0.784828125 0.05909722222222222 0.07329687500000004 0.11819444444444444
19 0.41287109375000003 0.14416666666666667 0.03863281250000004 0.04083333333333334
18 0.11199218749999999 0.13903472222222224 0.10217187500000002 0.2780694444444445