10 0.5381328125 0.9662499999999999 0.08701562500000008 0.06749999999999988
8 0.29434375 0.9534166666666666 0.06040624999999995 0.09316666666666656
8 0.3751484375 0.9443055555555555 0.12935937500000003 0.11138888888888895
17 0.21662890625000003 0.9276597222222221 0.08419531249999998 0.11059722222222237
18 0.41500000000000004 0.7393541666666668 0.10328125000000003 0.16037500000000005
18 0.566671875 0.8149236111111111 0.05384375000000006 0.07293055555555554
17 0.34966015625 0.7217291666666666 0.05969531249999997 0.1269027777777777
2 0.22010156250000001 0.5908888888888888 0.11114062499999999 0.2573888888888888
18 0.31258984375 0.6448194444444444 0.08016406250000001 0.11858333333333333
19 0.29898828125 0.7516180555555555 0.060148437500000006 0.12334722222222215
19 0.4961953125 0.6098680555555556 0.019265625000000064 0.04081944444444442
17 0.37977343750000003 0.5920555555555556 0.061359375000000015 0.10924999999999996
19 0.57421875 0.6682013888888889 0.09671874999999996 0.3027638888888889
17 0.4729140625 0.4980972222222222 0.07618749999999999 0.16013888888888883
19 0.35136328125 0.4803541666666667 0.13650781250000002 0.17684722222222227
10 0.62883984375 0.47870833333333335 0.17996093749999992 0.2503888888888888
12 0.2737265625 0.37125694444444446 0.12970312499999997 0.2432916666666666
2 0.41419921875000004 0.2972430555555555 0.1283359375 0.3232361111111111
19 0.5143046875 0.3460416666666667 0.08454687500000002 0.16330555555555554
2 0.64240625 0.35718749999999994 0.08424999999999994 0.25895833333333335
19 0.5544140625 0.17652083333333332 0.20914062500000002 0.35304166666666664
19 0.7877304687500001 0.2780763888888889 0.1339140625 0.3486527777777778
18 0.49629687499999997 0.2320486111111111 0.06896874999999998 0.12715277777777778
19 0.24891015625000001 0.1277361111111111 0.11363281250000001 0.2554722222222222
3 0.39120703125 0.04227777777777778 0.1298984375 0.08455555555555556
19 0.368375 0.11304166666666667 0.04971874999999999 0.08391666666666665
19 0.7457148437500001 0.11090277777777777 0.15841406250000006 0.22180555555555553
18 0.11199218749999999 0.13903472222222224 0.10217187500000002 0.2780694444444445