19 0.3525859375 0.9829652777777778 0.06501562500000002 0.03406944444444441
19 0.44801171874999995 0.984923611111111 0.07194531249999994 0.030152777777777827
19 0.20380078125 0.9771249999999999 0.06088281250000003 0.045750000000000075
8 0.606640625 0.9840277777777777 0.07578125 0.03194444444444444
17 0.278125 0.9715277777777778 0.06328125 0.05694444444444444
12 0.1925546875 0.8931041666666666 0.08271874999999998 0.1529305555555554
19 0.5788046875 0.8772222222222222 0.09595312499999994 0.2058888888888889
12 0.52487109375 0.9109444444444444 0.07721093749999994 0.17450000000000013
12 0.43526171874999997 0.9058472222222222 0.05746093749999996 0.11961111111111096
8 0.30084375 0.8243472222222222 0.11010937500000004 0.3224722222222223
8 0.76201171875 0.7177291666666666 0.12660156250000004 0.37268055555555546
11 0.52048046875 0.7151805555555556 0.15882031249999998 0.15294444444444438
17 0.44771093749999996 0.6064375 0.07679687499999996 0.13993055555555556
17 0.33187109375 0.6186944444444444 0.09396093749999998 0.17186111111111113
19 0.20944140625000002 0.5640763888888889 0.15619531250000002 0.2387361111111111
12 0.5244531250000001 0.561673611111111 0.09000000000000004 0.17276388888888888
8 0.72763671875 0.4417013888888889 0.22633593750000003 0.37987499999999996
2 0.5668046875 0.37112500000000004 0.11117187499999996 0.34694444444444444
19 0.3775390625 0.46106250000000004 0.021171875000000017 0.04470833333333341
19 0.46224609375 0.3985902777777777 0.03441406249999997 0.04729166666666661
19 0.7211289062499999 0.24288888888888888 0.08735156249999995 0.08577777777777776
19 0.6383398437500001 0.33047916666666666 0.08086718749999999 0.21176388888888892
19 0.49546484375000005 0.2716527777777778 0.030445312500000023 0.07058333333333332
19 0.44119921875 0.34694444444444444 0.11514843750000003 0.09411111111111113
19 0.43325781249999995 0.1605486111111111 0.1125 0.3069305555555556
19 0.37237890625 0.2546319444444445 0.041023437499999996 0.07170833333333333
19 0.65230859375 0.14224305555555555 0.10588281249999998 0.14118055555555556
19 0.35054296875 0.15165277777777778 0.04235156250000003 0.15999999999999998
19 0.23334375000000002 0.07988888888888888 0.059687499999999984 0.12469444444444444
8 0.75083984375 0.11871527777777777 0.08086718749999999 0.174125
10 0.535171875 0.1716527777777778 0.09926562499999995 0.2423611111111111
19 0.55039453125 0.09111805555555556 0.09528906250000002 0.18223611111111113
8 0.30408203125 0.06453472222222223 0.07941406249999998 0.12906944444444446
10 0.366953125 0.020999999999999998 0.06749999999999998 0.041999999999999996
18 0.6395976562500001 0.056298611111111105 0.1363203125 0.11259722222222221