18 0.54170703125 0.9440416666666666 0.05064843749999994 0.11191666666666657
19 0.31453125000000004 0.9626666666666667 0.08023437500000004 0.07466666666666666
12 0.27491796874999996 0.8892083333333334 0.1065546875 0.15897222222222226
19 0.38175 0.841548611111111 0.10893750000000005 0.15329166666666652
19 0.28529296875 0.7486527777777777 0.12613281250000002 0.23600000000000002
19 0.3557890625 0.6839861111111111 0.11515625000000003 0.21061111111111108
18 0.501515625 0.8528958333333334 0.04803125000000001 0.0666527777777778
19 0.5785 0.79575 0.12046875000000004 0.12472222222222216
19 0.49161718750000005 0.7826319444444445 0.05987500000000008 0.09665277777777767
18 0.5539492187499999 0.7338749999999999 0.07460156250000001 0.13191666666666668
11 0.78229296875 0.7959791666666667 0.13885156250000003 0.2094305555555555
11 0.35812499999999997 0.5870555555555556 0.13165624999999997 0.1787777777777778
19 0.44350781249999993 0.6776180555555555 0.17564062499999994 0.11662500000000003
19 0.4457109375 0.5909652777777777 0.04006249999999998 0.05423611111111105
19 0.6671953125 0.6992986111111111 0.03049999999999997 0.05776388888888885
19 0.42018359375000003 0.4783333333333334 0.09260156249999998 0.14888888888888896
19 0.23888671875000003 0.4923055555555556 0.01930468750000003 0.03952777777777783
19 0.31973046875 0.3678541666666667 0.07755468749999998 0.16834722222222223
19 0.5439101562499999 0.47722222222222216 0.06530468749999993 0.11897222222222217
19 0.5237343749999999 0.3705763888888889 0.1110468749999999 0.1715138888888889
2 0.48003124999999996 0.367875 0.08987499999999997 0.20563888888888884
19 0.6316875000000001 0.43280555555555555 0.05364062500000007 0.09200000000000001
14 0.66645703125 0.5701111111111111 0.04682031250000005 0.062166666666666655
19 0.40873046874999996 0.3809305555555556 0.031882812499999955 0.03797222222222227
19 0.285796875 0.31885416666666666 0.065421875 0.08090277777777778
19 0.36324609375000005 0.2121736111111111 0.12810156250000002 0.15545833333333334
18 0.25577734375000005 0.23099305555555555 0.09792968750000001 0.15504166666666666
7 0.51978515625 0.1295138888888889 0.13433593750000003 0.2265277777777778
19 0.7676953125000001 0.2826458333333333 0.07179687500000007 0.09498611111111109
17 0.7248671874999999 0.21815277777777778 0.06670312500000009 0.1293611111111111
19 0.838859375 0.3272638888888889 0.025093749999999915 0.04213888888888885
12 0.70758984375 0.10869444444444443 0.12924218750000005 0.21733333333333335
19 0.39309765625 0.30679861111111106 0.020257812500000007 0.036652777777777756
17 0.6178671875 0.09054861111111111 0.06740624999999997 0.1535416666666667
0 0.36150390625 0.042465277777777775 0.061789062500000026 0.08493055555555555
10 0.415921875 0.07429861111111111 0.06109375000000004 0.14859722222222221
19 0.34802343750000003 0.11210416666666667 0.02048437500000002 0.08320833333333333
19 0.5060078125 0.018083333333333333 0.05090625000000006 0.036166666666666666
18 0.11199218749999999 0.13903472222222224 0.10217187500000002 0.2780694444444445