8 0.28409765625 0.9506319444444443 0.18524218750000002 0.098736111111111
19 0.35087109375 0.8202777777777778 0.10560156249999997 0.18194444444444444
8 0.43659374999999995 0.7590277777777777 0.08993749999999996 0.16611111111111107
19 0.506578125 0.9111527777777779 0.04987499999999993 0.10019444444444459
17 0.29868359375 0.7358680555555556 0.0950234375 0.10701388888888883
19 0.67256640625 0.732361111111111 0.04455468749999998 0.08444444444444438
19 0.694484375 0.6061666666666666 0.17806250000000007 0.3704444444444444
10 0.56282421875 0.5625972222222222 0.13267968749999995 0.20102777777777778
10 0.40316015625000007 0.4860694444444445 0.0996171875 0.27897222222222223
19 0.4413125 0.34526388888888887 0.047531249999999935 0.16774999999999995
19 0.51393359375 0.36513888888888885 0.09135156250000005 0.1877777777777778
19 0.244 0.2561527777777778 0.057687500000000023 0.09519444444444447
18 0.39528906249999995 0.2538125 0.05910937499999998 0.19265277777777784
19 0.48214453125 0.14021527777777779 0.18975781249999996 0.28043055555555557
19 0.6451835937499999 0.3179166666666667 0.03891406249999996 0.03886111111111114
19 0.8329804687500001 0.3083472222222222 0.07247656249999998 0.15163888888888893
12 0.24925390624999996 0.12115277777777776 0.10883593749999998 0.18308333333333332
2 0.53187109375 0.07201388888888889 0.23405468749999994 0.14402777777777778
18 0.60438671875 0.11381944444444443 0.11388281249999999 0.11124999999999999
12 0.22196875 0.05242361111111111 0.10920312499999998 0.10484722222222222
19 0.80020703125 0.043263888888888886 0.015835937499999987 0.050972222222222224
19 0.32859375 0.14930555555555555 0.07578125 0.20527777777777778
18 0.435609375 0.8060833333333334 0.06050000000000004 0.0694166666666667
19 0.20919531249999998 0.29786111111111113 0.018937500000000006 0.035416666666666666
18 0.11199218749999999 0.13903472222222224 0.10217187500000002 0.2780694444444445