0 0.49687109375 0.9688888888888889 0.09030468749999994 0.06222222222222216
3 0.789453125 0.9375 0.0734375 0.125
19 0.70463671875 0.9029027777777776 0.11292968749999996 0.19419444444444436
19 0.8086054687500001 0.9422361111111113 0.04888281250000004 0.11025000000000015
19 0.2953125 0.8736111111111111 0.134375 0.25277777777777777
18 0.2036640625 0.9464722222222222 0.05221875000000002 0.10705555555555546
19 0.6131718749999999 0.9356805555555556 0.1358437500000001 0.12863888888888875
19 0.5068203125 0.8260972222222224 0.10410937499999999 0.1731944444444445
18 0.21484375 0.7628472222222222 0.08190625000000003 0.14455555555555552
19 0.65124609375 0.9332083333333333 0.07267968749999998 0.11422222222222224
19 0.21885546875 0.6301805555555555 0.05460156249999999 0.08216666666666662
12 0.36894140625 0.5589305555555555 0.12113281249999996 0.2481944444444445
18 0.45731640625000003 0.6042777777777778 0.04635156249999994 0.07558333333333328
19 0.559859375 0.6401249999999999 0.17750000000000005 0.2955555555555555
2 0.6548164062499999 0.7671736111111112 0.09305468749999993 0.1042638888888888
18 0.76380078125 0.7073472222222221 0.12544531250000004 0.15516666666666662
18 0.6774375 0.6784027777777778 0.05582812500000003 0.07677777777777782
16 0.68484375 0.5425208333333333 0.11150000000000002 0.24531944444444445
7 0.7544531250000001 0.6888194444444445 0.09368750000000006 0.27436111111111117
16 0.47566015625 0.46749305555555554 0.07497656250000002 0.11812499999999994
16 0.5290390625 0.4768055555555556 0.03962500000000002 0.09861111111111111
18 0.5354453125 0.33135416666666667 0.11603124999999999 0.2180972222222222
18 0.72953125 0.3824097222222222 0.117578125 0.1770416666666667
18 0.87391796875 0.3495625 0.08405468750000011 0.20954166666666668
3 0.308984375 0.24145833333333333 0.28921875 0.48291666666666666
17 0.60208984375 0.2683611111111111 0.08953906249999992 0.12952777777777777
3 0.7890742187500001 0.14756944444444445 0.17528906249999993 0.2951388888888889
19 0.45826562499999995 0.34600000000000003 0.04065624999999997 0.10116666666666671
19 0.4816601562500001 0.1852777777777778 0.054804687500000074 0.09472222222222221
19 0.6805078124999999 0.04861111111111111 0.05046874999999993 0.0806388888888889
19 0.50787109375 0.029506944444444447 0.041695312499999915 0.059013888888888894