19 0.481734375 0.9 0.18420312499999997 0.2
8 0.5936210937499999 0.9571388888888889 0.09149218749999992 0.08572222222222226
19 0.698046875 0.9568888888888888 0.090234375 0.08622222222222212
19 0.5015234375000001 0.7877708333333334 0.12240625000000005 0.12937500000000013
9 0.38715625 0.6767708333333333 0.19039062500000004 0.5095694444444445
19 0.28783984375 0.8944166666666666 0.009898437499999968 0.026333333333333382
12 0.60784375 0.7987638888888889 0.1026250000000001 0.1865277777777777
19 0.740359375 0.7836597222222222 0.02843750000000007 0.06315277777777782
19 0.4668984375 0.7129027777777778 0.06057812499999997 0.12527777777777785
17 0.24207421875000001 0.7112152777777777 0.08777343750000002 0.13626388888888882
17 0.5522031249999999 0.6581180555555556 0.08282812499999999 0.17329166666666673
19 0.27211328125 0.6324861111111111 0.03463281250000003 0.04833333333333327
19 0.28208593750000005 0.45858333333333334 0.12856249999999997 0.2925277777777778
19 0.51799609375 0.4964166666666667 0.07417968750000004 0.1560555555555556
19 0.56518359375 0.5916527777777778 0.07788281250000004 0.09230555555555561
19 0.6432734375 0.5007013888888889 0.13598437499999996 0.2287916666666667
12 0.7813320312500001 0.42522222222222217 0.08038281249999998 0.17819444444444443
19 0.5655859375000001 0.3797291666666666 0.08157812500000006 0.08106944444444444
19 0.484 0.3476944444444445 0.08282812499999999 0.10549999999999997
19 0.262 0.2020763888888889 0.09743750000000002 0.21359722222222216
8 0.5702265625 0.2652569444444445 0.16173437499999999 0.2228194444444445
19 0.47596875 0.24439583333333334 0.032140625000000075 0.08573611111111114
17 0.44907421875 0.18504861111111112 0.06408593749999998 0.172125
10 0.33071875 0.20772916666666666 0.06637500000000003 0.3312083333333334
12 0.6409140625 0.16798611111111109 0.11973437499999999 0.2370833333333333
8 0.7747265624999999 0.13605555555555554 0.14710937499999996 0.2687222222222222
12 0.51269921875 0.16706944444444444 0.07000781249999992 0.12086111111111109
19 0.2884296875 0.0657361111111111 0.10532812499999995 0.12658333333333335
19 0.37811328125 0.14749305555555556 0.056523437499999975 0.1054861111111111
19 0.41000390625000005 0.06979166666666667 0.11438281250000001 0.13958333333333334
19 0.61695703125 0.08815277777777777 0.08322656249999998 0.12922222222222224
19 0.548046875 0.0605625 0.19731249999999995 0.121125
10 0.70010546875 0.019680555555555555 0.03857031249999991 0.03936111111111111