19 0.346421875 0.8754652777777777 0.301640625 0.24906944444444434
18 0.221484375 0.9743055555555555 0.0578125 0.05138888888888889
19 0.50316796875 0.9739236111111111 0.04485156250000007 0.052152777777777715
19 0.62809765625 0.9304166666666667 0.07307031249999998 0.13916666666666672
18 0.32987890625 0.8175416666666666 0.0962890625 0.11913888888888885
18 0.58868359375 0.749125 0.13669531250000003 0.22113888888888894
19 0.6927734375 0.8894513888888889 0.07571875000000006 0.14340277777777777
16 0.8012109374999999 0.9156388888888889 0.1076249999999999 0.16872222222222225
17 0.8029921874999999 0.7748750000000001 0.10506250000000002 0.12075000000000008
12 0.6416796874999999 0.70025 0.08915624999999991 0.16750000000000004
19 0.5569296875 0.6512916666666667 0.06492187499999993 0.08058333333333331
17 0.1899921875 0.7185902777777777 0.09729687499999999 0.15126388888888892
19 0.45593359375000003 0.68975 0.10841406249999999 0.17111111111111119
16 0.31028515624999997 0.6943888888888889 0.050148437500000045 0.11138888888888895
14 0.24027734375 0.5583263888888889 0.0820390625 0.15601388888888895
17 0.18473046875 0.6096666666666667 0.059757812499999986 0.1198888888888888
16 0.60660546875 0.5578125 0.05977343749999999 0.09254166666666666
10 0.541609375 0.49934722222222216 0.06960937499999993 0.23980555555555552
17 0.34036328125000004 0.4641736111111111 0.05977343749999999 0.1404861111111111
14 0.2856484375 0.46597916666666667 0.05774999999999997 0.12248611111111118
19 0.2331640625 0.3189722222222222 0.224921875 0.2921111111111111
2 0.35795703125 0.2174722222222222 0.11144531249999998 0.08911111111111109
12 0.5377109375 0.2848333333333333 0.10317187499999995 0.1645
3 0.61715234375 0.15131944444444445 0.2667890625 0.3026388888888889
8 0.30546875 0.09791666666666667 0.21281250000000002 0.19583333333333333
19 0.260390625 0.0320625 0.08307812500000003 0.064125
2 0.77457421875 0.05693055555555555 0.05977343749999999 0.10447222222222222
19 0.606453125 0.4516875 0.04474999999999998 0.10206944444444446