12 0.6984375 0.9791666666666666 0.05 0.041666666666666664
12 0.37085156249999995 0.9666180555555556 0.10298437499999995 0.06656944444444453
18 0.6630624999999999 0.8869513888888889 0.03970312499999995 0.051763888888888866
18 0.39765234375 0.9304652777777777 0.13392968750000006 0.10976388888888886
19 0.4768515625 0.5891458333333334 0.057015625000000014 0.45279166666666676
19 0.5398203125000001 0.7013472222222222 0.07673437500000002 0.30366666666666664
16 0.61524609375 0.7100833333333333 0.09397656249999997 0.2
12 0.6606875000000001 0.6520486111111111 0.05559375000000007 0.07529166666666672
12 0.37348046874999996 0.6683611111111112 0.19588281249999998 0.3281666666666667
19 0.19135156250000002 0.7439027777777778 0.055265625000000006 0.10166666666666672
4 0.325078125 0.8076388888888889 0.06906249999999999 0.0808333333333334
15 0.23382421875 0.5064305555555555 0.06422656250000003 0.23658333333333337
0 0.63641015625 0.4498333333333333 0.07158593750000009 0.11713888888888893
0 0.33262890624999997 0.31634027777777773 0.05974218750000002 0.09968055555555554
19 0.35294140625 0.46274999999999994 0.08272656249999999 0.1290833333333334
10 0.7882421875000001 0.29074999999999995 0.15476562500000002 0.22072222222222215
18 0.37667187500000004 0.3964027777777778 0.02350000000000003 0.03430555555555562
14 0.6655468750000001 0.21724305555555554 0.09796875000000008 0.15801388888888887
11 0.75293359375 0.9548611111111112 0.07241406250000004 0.09027777777777778
18 0.51284765625 0.15859722222222222 0.05183593749999993 0.11961111111111111
3 0.45291015625000003 0.26052777777777775 0.13113281249999997 0.2602222222222222
19 0.5611601562499999 0.2612013888888889 0.08713281249999998 0.11015277777777778
19 0.43840234375 0.06439583333333333 0.09044531249999999 0.12879166666666667
15 0.75990625 0.04282638888888889 0.05625 0.08565277777777779
19 0.2613203125 0.12125694444444446 0.08062500000000003 0.24251388888888892
4 0.37884375 0.057534722222222216 0.05956249999999996 0.11506944444444443
4 0.652171875 0.024743055555555556 0.05876562500000002 0.04948611111111111
2 0.2430078125 0.769125 0.11648437500000001 0.2711944444444444
19 0.12076171875 0.2946736111111111 0.1258203125 0.5893472222222222