19 0.37232812499999995 0.9489027777777777 0.07303124999999996 0.10219444444444434
18 0.164453125 0.9569444444444445 0.134375 0.08611111111111111
19 0.6851875 0.9525972222222222 0.09184374999999996 0.09480555555555555
19 0.5721953125 0.9504652777777777 0.11956249999999997 0.09906944444444435
12 0.46079687500000005 0.9260277777777778 0.11557812500000005 0.1479444444444444
19 0.7926171875 0.9500416666666667 0.06370312499999997 0.09991666666666674
19 0.48826953125 0.8287569444444444 0.04605468750000004 0.0668194444444443
17 0.7321875 0.8260069444444443 0.08578124999999996 0.1525694444444443
19 0.42984374999999997 0.8210069444444444 0.05064062499999995 0.09587499999999996
19 0.37876171875 0.79275 0.05227343749999998 0.07716666666666659
8 0.664953125 0.46275 0.17554687500000005 0.44294444444444436
19 0.5708203125000001 0.5940208333333333 0.2905468750000001 0.6910972222222223
3 0.842984375 0.73075 0.14585937499999996 0.2513888888888889
19 0.2444375 0.8430555555555556 0.16940625000000004 0.3138888888888889
19 0.28318359374999996 0.6754375 0.07522656249999997 0.08654166666666659
19 0.4694765625 0.6619166666666666 0.18564062499999995 0.24444444444444435
12 0.27231640625 0.5360277777777778 0.09085156249999997 0.22922222222222216
12 0.21122265625 0.46772916666666664 0.06946093749999997 0.18565277777777772
12 0.79127734375 0.5316319444444445 0.08852343750000005 0.14559722222222227
12 0.78091015625 0.6125902777777779 0.05022656250000006 0.06848611111111104
10 0.81473828125 0.4293402777777778 0.08478906250000007 0.2205416666666666
9 0.387171875 0.38106944444444446 0.202640625 0.36666666666666664
3 0.3696328125 0.2500555555555556 0.10948437500000004 0.16149999999999998
19 0.8441367187500001 0.24275694444444443 0.029445312500000043 0.06140277777777775
19 0.77680859375 0.3330208333333333 0.05139843750000006 0.08687500000000002
3 0.8166367187500001 0.10728472222222223 0.13078906249999997 0.16626388888888885
19 0.54109765625 0.1436527777777778 0.18405468749999992 0.24091666666666672
8 0.64408984375 0.10572222222222223 0.13708593750000003 0.21144444444444446
19 0.38252734375 0.20222222222222222 0.04244531250000003 0.40444444444444444
0 0.4562226562499999 0.2520833333333333 0.05125781249999992 0.08363888888888893
19 0.45266015625 0.13154166666666667 0.07077343749999994 0.11983333333333336
19 0.5234375 0.04629861111111111 0.06740624999999997 0.09259722222222222
7 0.32095703125 0.05723611111111111 0.08510156250000005 0.11447222222222223