17 0.54246484375 0.9920138888888889 0.03178906250000004 0.01597222222222222
18 0.6130859375 0.8484305555555556 0.09310937500000005 0.3031388888888889
19 0.810546875 0.9583333333333334 0.07890625 0.08333333333333333
10 0.8205625 0.8200555555555556 0.07781249999999992 0.2029444444444443
19 0.50909765625 0.9083541666666667 0.07014843749999997 0.1388194444444445
16 0.34828515625 0.7947500000000001 0.0877890625 0.16375000000000012
2 0.5099882812500001 0.7017986111111111 0.1323359374999999 0.2820416666666666
16 0.26446484375 0.7165902777777777 0.08338281250000001 0.17412499999999992
19 0.50379296875 0.6809027777777777 0.1085078124999999 0.21402777777777773
19 0.6183320312499999 0.47565972222222225 0.10377343749999994 0.4296249999999999
19 0.5645390625 0.515 0.046875 0.07844444444444447
19 0.54569921875 0.4434305555555556 0.04044531249999998 0.06208333333333339
19 0.5045390624999999 0.49395138888888884 0.09282812499999996 0.14340277777777777
18 0.33560546874999997 0.46106250000000004 0.12683593750000002 0.264875
18 0.41867187499999997 0.4700833333333333 0.07496875000000003 0.2295555555555555
19 0.27284375 0.5654791666666666 0.06839062499999997 0.11170833333333342
19 0.349046875 0.6193888888888889 0.06768749999999998 0.06983333333333329
12 0.71458984375 0.40229166666666666 0.16480468750000005 0.2720277777777778
17 0.22092578124999998 0.3410277777777778 0.0939453125 0.17069444444444443
16 0.4789882812499999 0.3232986111111111 0.12683593749999994 0.21176388888888892
15 0.61928125 0.5261597222222222 0.076171875 0.17081944444444447
19 0.62430078125 0.3968263888888889 0.03860156250000006 0.05815277777777778
19 0.61365625 0.2438263888888889 0.088671875 0.14412499999999998
12 0.26883203125 0.13226388888888888 0.16157031249999998 0.26380555555555557
12 0.68180859375 0.1790972222222222 0.08997656250000005 0.11819444444444446
19 0.4818359375 0.13471527777777778 0.088671875 0.16470833333333335
17 0.41698046875 0.08029861111111111 0.07808593750000004 0.16059722222222222
2 0.5314687499999999 0.165 0.15353124999999998 0.33
19 0.60101953125 0.11541666666666665 0.037195312499999925 0.10588888888888891