19 0.6515625 0.9784722222222222 0.05078125 0.043055555555555555
19 0.45842968749999996 0.9593680555555556 0.05907812499999991 0.08126388888888887
19 0.27526562499999996 0.9550277777777778 0.0399375 0.08994444444444444
8 0.550203125 0.9496944444444444 0.12443749999999998 0.10061111111111119
19 0.714453125 0.93125 0.06171875 0.1375
19 0.62499609375 0.8382708333333334 0.10405468750000005 0.1623194444444443
19 0.34648828125 0.7650555555555556 0.07125781250000003 0.16919444444444437
19 0.37975000000000003 0.8691180555555555 0.014406250000000042 0.022958333333333296
18 0.45137890625 0.8264166666666668 0.15083593749999996 0.1592500000000001
18 0.27027343750000005 0.7295486111111111 0.07750000000000004 0.1310416666666666
19 0.54868359375 0.6238541666666667 0.03616406249999997 0.09726388888888884
19 0.47573046874999997 0.6716458333333333 0.08447656250000009 0.19112500000000002
19 0.2771953125 0.6292430555555556 0.07015624999999996 0.08259722222222227
19 0.18538281250000002 0.7193333333333333 0.06799999999999999 0.11172222222222229
17 0.17969921875 0.5893194444444444 0.05938281249999999 0.1451944444444444
17 0.38673437499999996 0.6803125000000001 0.07210937499999996 0.12820833333333326
7 0.33862890625 0.6488194444444444 0.05769531250000002 0.12088888888888884
17 0.42671093749999994 0.53225 0.07050000000000001 0.16494444444444442
17 0.53679296875 0.49923611111111116 0.04697656250000008 0.13186111111111118
17 0.19395703125 0.4347777777777778 0.07677343749999999 0.16716666666666669
19 0.35542578124999996 0.4616388888888889 0.09764843749999996 0.21327777777777773
2 0.45501562500000003 0.3834375 0.14600000000000005 0.3218194444444445
19 0.558546875 0.3203680555555556 0.06696875000000002 0.23495833333333327
19 0.26996875 0.2951180555555556 0.043031250000000035 0.08468055555555559
19 0.23880468749999997 0.1907708333333333 0.17426562499999998 0.3295972222222222
19 0.67393359375 0.3308888888888889 0.04207031249999993 0.05647222222222218
10 0.62328125 0.2597152777777778 0.07640624999999997 0.2202916666666667
15 0.38249609375000004 0.20268055555555556 0.13952343749999999 0.28630555555555554
19 0.1813046875 0.18011805555555555 0.017890624999999983 0.057236111111111106
19 0.49883984375 0.2390138888888889 0.06275781249999994 0.14347222222222225
19 0.5748632812500001 0.11614583333333334 0.05838281250000001 0.10226388888888888
19 0.47183984375000004 0.10805555555555556 0.14938281250000002 0.21611111111111111
19 0.3735 0.053111111111111116 0.069625 0.10622222222222223
19 0.35551171875 0.030222222222222223 0.033476562500000015 0.060444444444444446
19 0.31773828125000003 0.008090277777777778 0.05580468750000005 0.016180555555555556
19 0.55420703125 0.01875 0.048148437500000085 0.0375