2 0.8484140625000001 0.8703055555555556 0.23603124999999991 0.2593888888888889
7 0.4944296875 0.9673958333333333 0.06676562500000002 0.061597222222222095
17 0.63294140625 0.9495694444444445 0.0810546875 0.10086111111111096
17 0.53866796875 0.8720486111111111 0.06282031250000006 0.1909305555555556
19 0.46985546874999995 0.8553333333333334 0.09117968750000002 0.16211111111111115
19 0.39681249999999996 0.9185555555555556 0.04106249999999996 0.06788888888888904
18 0.4403359375 0.9609166666666666 0.03646875000000005 0.07816666666666663
14 0.28985546875 0.815673611111111 0.06380468749999997 0.13890277777777776
3 0.36650390625 0.7786111111111111 0.09155468750000004 0.1789999999999999
18 0.71588671875 0.7071736111111111 0.09878906250000004 0.15615277777777786
19 0.80885546875 0.6852291666666667 0.07599218749999999 0.10506944444444449
3 0.47858984375 0.5637986111111111 0.2673828125 0.4361527777777777
2 0.21942578125 0.58075 0.14114843749999997 0.35166666666666674
19 0.38496874999999997 0.6371597222222222 0.05914062499999999 0.09948611111111111
18 0.6376757812499999 0.4958263888888889 0.07880468749999991 0.1200694444444445
19 0.66555078125 0.4030763888888889 0.08282031249999999 0.167375
11 0.5545546874999999 0.44522222222222224 0.06824999999999992 0.11783333333333337
7 0.588015625 0.4008333333333334 0.09639062500000009 0.0890277777777778
14 0.32003906249999997 0.41329166666666667 0.11115624999999998 0.2691111111111111
12 0.455734375 0.3350625 0.13068749999999998 0.1512361111111111
19 0.658359375 0.2035486111111111 0.09421874999999993 0.19095833333333334
19 0.5656484374999999 0.20804166666666665 0.16410937499999995 0.33322222222222225
19 0.410640625 0.23775694444444445 0.14184374999999996 0.1405138888888889
19 0.21305468749999998 0.16481944444444446 0.253328125 0.2972222222222222
17 0.45745312499999996 0.11276388888888889 0.053703125000000004 0.12608333333333333
17 0.76494921875 0.09114583333333333 0.09928906250000002 0.13329166666666667