17 0.7024882812500001 0.8962083333333333 0.08117968750000007 0.1305833333333333
2 0.313484375 0.8598402777777777 0.09943749999999998 0.15909722222222217
17 0.8663281250000001 0.6974444444444444 0.058453125000000127 0.1253055555555555
6 0.21974609374999998 0.6851666666666667 0.1102421875 0.1984722222222222
19 0.5328515625000001 0.3993749999999999 0.09820312500000003 0.25375000000000003
12 0.33006250000000004 0.2751944444444444 0.10515625000000002 0.15177777777777773
12 0.43949609375000004 0.3146527777777778 0.10616406249999995 0.2765277777777778
2 0.1953125 0.9652777777777778 0.096875 0.06944444444444445
19 0.568265625 0.9286527777777778 0.04212500000000006 0.07363888888888886
12 0.6699765625 0.057506944444444444 0.09973437500000007 0.11501388888888889
10 0.5733984375 0.1074375 0.08914062499999993 0.214875
8 0.3350234375 0.06686805555555556 0.09410937500000002 0.1337361111111111
6 0.84347265625 0.26998611111111115 0.039789062499999875 0.07594444444444445
10 0.30748046875 0.970826388888889 0.10072656250000005 0.05834722222222221
19 0.3835390625 0.9184722222222221 0.07620312500000001 0.16155555555555548
19 0.68359375 0.8902777777777777 0.1640625 0.21944444444444444
19 0.5931015625 0.9409444444444445 0.04748437499999998 0.11811111111111106
19 0.43157421875000007 0.8105000000000001 0.053085937500000034 0.08875000000000012
19 0.5517734375 0.7984305555555555 0.10110937500000006 0.19688888888888886
2 0.6696328125 0.6708611111111111 0.20776562500000004 0.3729444444444444
17 0.775546875 0.7655416666666666 0.08071874999999995 0.1668055555555555
7 0.43755468750000004 0.6939930555555556 0.17726562500000004 0.2432361111111111
19 0.43928124999999996 0.928861111111111 0.15374999999999997 0.14227777777777786
17 0.3775390625 0.7283263888888889 0.09399999999999994 0.14915277777777783
19 0.3301171875 0.5428541666666666 0.06106249999999998 0.25165277777777784
19 0.25230859375 0.5429722222222222 0.10755468749999997 0.1511666666666667
19 0.5509570312500001 0.5645416666666667 0.035757812499999986 0.08291666666666674
19 0.37080859374999997 0.5180694444444445 0.06167968749999999 0.1359722222222222
19 0.3105390625 0.39166666666666666 0.09234375000000003 0.11813888888888885
19 0.6251796875 0.4776944444444444 0.05221874999999994 0.08538888888888892
19 0.6469218750000001 0.3589305555555556 0.05445312500000003 0.1016666666666667
19 0.7250664062500001 0.43204166666666666 0.08649218750000003 0.14791666666666667
19 0.385984375 0.3995833333333333 0.08698437500000003 0.1411944444444444
9 0.20947265625 0.13604166666666667 0.1908203125 0.27208333333333334
19 0.57744921875 0.26500694444444445 0.1490078125 0.18306944444444448
19 0.5138828125 0.10579166666666667 0.06185937500000005 0.11658333333333333
19 0.47428124999999993 0.2656597222222222 0.05476562499999993 0.1387361111111111
19 0.42131640625000005 0.142625 0.04971093750000004 0.08388888888888887
19 0.46007421875 0.12615277777777778 0.04128906249999993 0.0808888888888889
10 0.37354296875 0.11254166666666666 0.08291406250000004 0.2109166666666667
19 0.44485156249999996 0.04595833333333334 0.08074999999999992 0.09191666666666667
19 0.5175234375000001 0.029111111111111112 0.07162500000000005 0.058222222222222224
19 0.62987109375 0.14622222222222223 0.07302343750000002 0.13605555555555554