17 0.31328125 0.9840277777777777 0.04453125 0.03194444444444444
2 0.48872265625000005 0.9512291666666667 0.07219531250000007 0.0975416666666667
17 0.41701171875 0.886923611111111 0.10239843749999995 0.17476388888888877
18 0.28259765625 0.8185277777777776 0.0666953125 0.19697222222222213
19 0.35804296874999997 0.8984444444444445 0.014289062499999972 0.039722222222222096
19 0.57223828125 0.820625 0.02657031249999999 0.04513888888888889
8 0.58755078125 0.7326527777777778 0.05421093750000008 0.14819444444444452
3 0.39419531250000006 0.6387430555555556 0.13714062500000002 0.23301388888888885
19 0.4350703125 0.7166805555555555 0.055546874999999926 0.08950000000000008
10 0.52766796875 0.6555833333333333 0.0820390625 0.20944444444444438
17 0.698328125 0.6070625 0.09139062500000002 0.22098611111111113
3 0.42540625 0.4984861111111111 0.047218750000000045 0.08322222222222217
19 0.76048828125 0.43759027777777776 0.18121093750000003 0.30184722222222227
19 0.31435546875 0.37722222222222224 0.0552734375 0.08194444444444444
19 0.3089375 0.19552777777777777 0.11712499999999997 0.18272222222222223
19 0.5063125 0.3417777777777778 0.044859375000000055 0.07975000000000002
0 0.5721953125 0.2896875 0.06095312499999998 0.09881944444444442
3 0.39468359375 0.12535416666666666 0.05750781250000001 0.17095833333333335
15 0.55798046875 0.15043055555555557 0.04830468749999994 0.1385833333333333
19 0.4637734375 0.3558263888888889 0.025843749999999943 0.0390138888888889
17 0.47962109374999995 0.05246527777777778 0.08777343749999993 0.10493055555555555
19 0.6317578125 0.07482638888888889 0.09479687499999993 0.14965277777777777
19 0.2316015625 0.022930555555555558 0.08285937500000003 0.045861111111111116
19 0.5455859375000001 0.12444444444444444 0.091015625 0.24888888888888888
18 0.11199218749999999 0.13903472222222224 0.10217187500000002 0.2780694444444445