14 0.3681484375 0.8896666666666666 0.05843749999999996 0.22066666666666682
19 0.67109375 0.9083333333333333 0.1265625 0.18333333333333332
16 0.52265625 0.9583333333333334 0.09765625 0.08333333333333333
16 0.295703125 0.9833333333333333 0.08359375 0.03333333333333333
10 0.7639374999999999 0.8878541666666666 0.06179687499999993 0.22429166666666667
19 0.82186328125 0.8497916666666667 0.08410156250000007 0.16499999999999992
16 0.20144140624999998 0.8565277777777779 0.13616406249999996 0.25791666666666674
16 0.42809375000000005 0.7380138888888889 0.07390624999999998 0.19736111111111107
16 0.5057890625 0.7530555555555556 0.08512500000000003 0.1505555555555556
18 0.44610546875 0.9769027777777778 0.018601562499999957 0.03888888888888889
17 0.6489687500000001 0.9570347222222222 0.05778125000000003 0.0859305555555554
11 0.5594296875 0.6505694444444445 0.13070312499999998 0.18138888888888893
17 0.7064375 0.7326458333333333 0.06687499999999993 0.15129166666666677
19 0.62330859375 0.5859722222222222 0.1332890625000001 0.2636111111111111
10 0.8181796875 0.5897986111111111 0.080859375 0.2952083333333333
2 0.2894140625 0.6612777777777777 0.10562500000000004 0.25513888888888897
16 0.41373437499999993 0.5108472222222222 0.14012500000000006 0.2364166666666667
17 0.53182421875 0.4703333333333333 0.07683593749999992 0.1896666666666666
19 0.498078125 0.5582708333333333 0.05278124999999996 0.22851388888888885
17 0.3040078125 0.47180555555555553 0.08528124999999998 0.1411944444444444
7 0.33035156250000003 0.27910416666666665 0.20632812500000006 0.2820972222222222
19 0.47383203125 0.2667986111111111 0.09702343750000005 0.1252638888888889
19 0.60606640625 0.28245833333333337 0.05646093749999999 0.0806388888888889
0 0.58552734375 0.2005138888888889 0.0455078125 0.07075
12 0.6545664062500001 0.08845833333333333 0.13086718749999998 0.17691666666666667
19 0.7744140625 0.081625 0.08198437500000004 0.16325
19 0.46451171875 0.1371388888888889 0.08021093750000005 0.1516111111111111
19 0.53251953125 0.09886111111111112 0.07944531250000005 0.12608333333333333
19 0.55020703125 0.020159722222222225 0.060789062499999956 0.04031944444444445
0 0.32481640624999997 0.012659722222222223 0.06408593749999998 0.025319444444444447