16 0.3513515625 0.9706874999999999 0.07260937500000005 0.05862500000000005
19 0.2721953125 0.9420347222222222 0.062406249999999996 0.11593055555555559
19 0.42529296875 0.9218819444444445 0.13367968750000006 0.15623611111111113
19 0.50609765625 0.9284166666666666 0.037460937500000034 0.14316666666666655
19 0.3435078125 0.8964305555555555 0.04246875000000001 0.07369444444444437
19 0.3790390625000001 0.8439930555555557 0.06681250000000002 0.08462500000000009
0 0.6607148437499999 0.7562847222222222 0.08013281249999996 0.1360694444444445
19 0.40715625000000005 0.7656458333333334 0.05654687500000004 0.0847361111111111
17 0.47696875 0.7077361111111112 0.0640625 0.1486666666666667
10 0.34965234375 0.7381180555555554 0.09097656250000004 0.14198611111111115
19 0.56755859375 0.6628402777777778 0.08171093749999994 0.15879166666666664
19 0.5784687500000001 0.5837291666666666 0.223046875 0.33754166666666663
3 0.7031679687500001 0.570388888888889 0.20569531250000006 0.4460833333333333
9 0.39559375 0.5739930555555556 0.15757812500000004 0.2602083333333334
19 0.20346875 0.5481111111111112 0.06600000000000002 0.10236111111111118
17 0.27019921875 0.49922916666666667 0.1102421875 0.18790277777777772
19 0.36926953125 0.4317430555555556 0.1284140625 0.14476388888888891
19 0.21176171875 0.32577083333333334 0.09221093749999998 0.14884722222222221
19 0.35605859375 0.37368055555555557 0.061507812500000016 0.08838888888888886
19 0.46502734375 0.3987361111111112 0.06235156249999996 0.08538888888888892
19 0.40238671875 0.35911805555555554 0.05897656250000001 0.0949027777777778
17 0.58271875 0.40215972222222224 0.06487499999999997 0.11384722222222227
19 0.51080859375 0.3753194444444445 0.07924218750000005 0.1018888888888889
19 0.59856640625 0.25111805555555555 0.21786718749999992 0.2175138888888889
17 0.6072265625 0.24054166666666665 0.08173437499999991 0.098
8 0.53796875 0.1476388888888889 0.07109375 0.19
19 0.40976171875 0.246875 0.1171953125 0.14597222222222223
19 0.31125390625000005 0.09765972222222222 0.05055468750000003 0.053930555555555544
19 0.8395624999999999 0.15557638888888892 0.06571874999999991 0.1169027777777778
19 0.81765625 0.22871527777777775 0.04446875000000006 0.03640277777777775
17 0.6813359375 0.10772916666666667 0.09704687500000002 0.20490277777777774
19 0.7318749999999999 0.059256944444444445 0.07078124999999993 0.11851388888888889
18 0.8268828125000001 0.09333333333333334 0.15514062499999995 0.18666666666666668
19 0.61215625 0.1323263888888889 0.05899999999999998 0.1257638888888889
19 0.3932734375 0.0938611111111111 0.25779687500000004 0.1877222222222222
19 0.57626953125 0.07049305555555556 0.1081953125 0.14098611111111112