19 0.44741015625 0.9330277777777778 0.042679687500000084 0.13394444444444453
0 0.63515625 0.9722222222222222 0.05390625 0.05555555555555555
17 0.5638203125000001 0.9355069444444445 0.10818750000000002 0.12898611111111097
16 0.2098125 0.9397847222222222 0.09725000000000002 0.12043055555555561
19 0.41211328125 0.9350694444444444 0.0625078125 0.12986111111111112
19 0.22587109375 0.8041805555555556 0.1145546875 0.1033055555555557
13 0.38955078125 0.7881458333333333 0.08407031249999997 0.17140277777777782
19 0.479 0.8009375 0.018546875000000008 0.0351527777777777
19 0.53926171875 0.7562222222222222 0.10508593749999999 0.15844444444444442
10 0.2043359375 0.6664513888888888 0.125484375 0.2923749999999999
17 0.5697617187499999 0.5957777777777779 0.06550781249999993 0.21313888888888893
19 0.63757421875 0.5591805555555556 0.08774218749999996 0.19116666666666665
12 0.7401484375 0.5642430555555555 0.14465625000000007 0.2419583333333334
8 0.6418710937500001 0.729826388888889 0.04574218749999996 0.11429166666666661
19 0.45808203125 0.6704861111111111 0.08900781250000005 0.18461111111111114
19 0.39399999999999996 0.6507083333333333 0.02224999999999997 0.07472222222222216
19 0.24884765625000002 0.5651388888888889 0.09952343749999999 0.21272222222222217
12 0.3338359375 0.60375 0.05687499999999997 0.08808333333333328
19 0.39671874999999995 0.5525625 0.08984374999999996 0.1363194444444444
19 0.29638671875 0.3407847222222222 0.11246093750000004 0.5760138888888889
19 0.51723828125 0.47777083333333337 0.09778906250000005 0.17384722222222215
8 0.45132031249999993 0.5325694444444444 0.03503124999999994 0.09341666666666665
19 0.68137109375 0.28018750000000003 0.14525781250000006 0.12820833333333334
19 0.48980078124999993 0.35454861111111113 0.10107031249999991 0.09156944444444445
19 0.37410546875 0.33513888888888893 0.04852343750000001 0.1098888888888889
19 0.34974609375 0.16935416666666667 0.14300781249999997 0.2618472222222222
19 0.53373828125 0.26482638888888893 0.07005468750000006 0.13843055555555558
19 0.64551171875 0.21335416666666668 0.15678906250000005 0.20254166666666673
17 0.48288281250000004 0.19743055555555555 0.07610937500000006 0.21458333333333332
17 0.5779921875 0.8210902777777777 0.10859375 0.17718055555555548
15 0.5429296875 0.11729861111111113 0.09271875000000004 0.1516527777777778
19 0.42857421875 0.10850000000000001 0.07911718749999999 0.1824166666666667
19 0.71909765625 0.04051388888888889 0.05192968750000002 0.08102777777777778
8 0.53056640625 0.00975 0.04821093750000003 0.0195
7 0.59980078125 0.046013888888888896 0.0976640625 0.09202777777777779
19 0.23448046875 0.16454861111111113 0.01730468749999998 0.05715277777777779