19 0.3909375 0.9504444444444443 0.09718750000000002 0.09911111111111097
19 0.5008945312499999 0.9014097222222222 0.1703984375000001 0.19718055555555558
19 0.5594531249999999 0.8472569444444444 0.2059687499999999 0.3054861111111112
19 0.223046875 0.9479166666666666 0.11328125 0.10416666666666667
19 0.3128828125 0.9105416666666666 0.06226562500000003 0.1147222222222221
19 0.43409765624999996 0.6890416666666667 0.1390546875 0.1681944444444444
19 0.5336015625 0.8361666666666666 0.11364062500000002 0.16211111111111115
3 0.6455234375 0.7055972222222222 0.2539999999999999 0.5131111111111112
16 0.23759375 0.9299722222222221 0.080890625 0.14005555555555543
19 0.3843203125 0.8080347222222222 0.07582812499999995 0.17431944444444444
19 0.24884765625 0.7108958333333334 0.13052343749999998 0.17362500000000006
17 0.43290625 0.652 0.09268750000000003 0.14550000000000007
10 0.636703125 0.49968749999999995 0.09145312499999995 0.2693472222222223
17 0.82960546875 0.42133333333333334 0.08072656249999995 0.10513888888888895
19 0.52613671875 0.6002569444444444 0.053929687499999976 0.10484722222222223
19 0.5358359374999999 0.4338263888888889 0.1790156249999999 0.23904166666666668
17 0.3273359375 0.5542986111111111 0.06492187500000002 0.1880972222222223
19 0.389578125 0.5581527777777778 0.06664062499999997 0.11241666666666675
8 0.37868359375 0.4666944444444444 0.11711718749999997 0.1033333333333333
19 0.22646093750000001 0.5350555555555556 0.140546875 0.20319444444444437
19 0.29258984374999997 0.4119305555555556 0.05757031250000004 0.07097222222222226
14 0.2389296875 0.3671666666666667 0.06974999999999998 0.10847222222222225
12 0.269796875 0.282125 0.1055625 0.1617777777777778
19 0.37028906250000004 0.2981527777777778 0.164640625 0.2824166666666667
18 0.5631015625 0.34768055555555555 0.13445312499999992 0.17261111111111108
19 0.48961328125000003 0.25384027777777773 0.07482031249999999 0.1265972222222222
19 0.6423359375000001 0.20958333333333334 0.054390624999999915 0.11222222222222224
18 0.34662109374999994 0.1356388888888889 0.08636718749999997 0.15099999999999997
19 0.41601171875 0.21963194444444442 0.11797656249999999 0.29509722222222223
18 0.39953515624999997 0.03783333333333333 0.05063281249999996 0.07427777777777778
19 0.46850390625000005 0.07736111111111112 0.030429687500000035 0.05722222222222224
19 0.53373828125 0.12780555555555556 0.11642968749999998 0.17477777777777775
12 0.595875 0.05574305555555555 0.08903125000000003 0.1114861111111111
18 0.72515625 0.07336111111111111 0.11062499999999993 0.14672222222222223
10 0.8420937500000001 0.12303472222222224 0.13065624999999992 0.1996805555555556
18 0.81957421875 0.04714583333333333 0.07883593749999998 0.09429166666666666
17 0.26909765625 0.04435416666666667 0.07928906250000001 0.08870833333333333
19 0.5921015625000001 0.2613055555555555 0.12314062499999992 0.23377777777777772