8 0.717578125 0.9027777777777778 0.08515625 0.19444444444444445
19 0.634765625 0.9576388888888889 0.0609375 0.08472222222222223
19 0.26914453125 0.9764930555555554 0.08422656249999996 0.047013888888888765
19 0.412046875 0.886201388888889 0.22445312499999998 0.22759722222222206
19 0.5775546874999999 0.952298611111111 0.07645312499999993 0.09540277777777785
19 0.47350781249999996 0.8769444444444444 0.15595312499999997 0.23758333333333326
17 0.5715585937500001 0.8509583333333334 0.06728906250000008 0.1227777777777779
10 0.26566015625 0.9128402777777777 0.1254765625 0.11995833333333318
19 0.28755859375000004 0.8514375 0.05982031249999995 0.10484722222222223
10 0.18546875 0.8424791666666667 0.18164062499999997 0.134263888888889
12 0.30013671875000003 0.7310763888888889 0.10027343750000002 0.15279166666666666
19 0.4707890624999999 0.6495347222222222 0.1323125000000001 0.22629166666666675
17 0.38043359374999997 0.6534097222222222 0.08425781250000001 0.12881944444444438
9 0.23833984375000003 0.5472708333333333 0.15633593750000002 0.23718055555555553
19 0.8144882812500001 0.8086805555555555 0.09016406249999998 0.13480555555555548
10 0.803671875 0.6896527777777778 0.101953125 0.16027777777777774
2 0.7978984375 0.5146875000000001 0.13606250000000006 0.40031944444444445
19 0.154359375 0.7367847222222222 0.07189062499999999 0.12404166666666659
19 0.39467187499999995 0.508263888888889 0.16382812500000005 0.25236111111111115
12 0.6472265625 0.5329861111111112 0.07790625000000002 0.1366944444444444
16 0.18698046875 0.44968749999999996 0.09236718749999999 0.1634305555555555
17 0.48773437499999994 0.44377083333333334 0.05546875 0.1262361111111111
19 0.62989453125 0.3625486111111111 0.13255468750000005 0.20009722222222218
19 0.42943749999999997 0.33674305555555556 0.17690625000000004 0.19412499999999996
12 0.44581640624999996 0.2826388888888889 0.06171093750000001 0.11683333333333334
9 0.6533203125 0.14625 0.167578125 0.2925
19 0.51712890625 0.21515277777777778 0.08167968749999996 0.19302777777777771
19 0.38754296875000005 0.20177083333333334 0.08321093750000004 0.18423611111111116
17 0.45644921875 0.18383333333333335 0.05446093750000003 0.09072222222222222
19 0.56521875 0.2574444444444445 0.043937500000000004 0.09274999999999996
19 0.47323828125 0.08597222222222223 0.08694531249999997 0.12944444444444442
19 0.2933515625 0.06097916666666667 0.10454687499999996 0.12195833333333334
19 0.35955078124999995 0.1376875 0.06488281249999997 0.14829166666666665
19 0.39578125000000003 0.05872916666666666 0.05982812499999999 0.11745833333333332
19 0.46556640624999995 0.03210416666666666 0.11094531249999999 0.06420833333333333
19 0.53886328125 0.06427083333333333 0.06617968750000003 0.12854166666666667
19 0.8635859374999999 0.13832638888888887 0.05876562499999984 0.11387500000000002
10 0.8030390624999999 0.01964583333333333 0.03923437499999993 0.03929166666666666
19 0.73642578125 0.028486111111111115 0.05483593750000004 0.05697222222222223