19 0.99477734375 0.01670138888888889 0.010445312499999915 0.03340277777777778
19 0.699609375 0.9881944444444445 0.015625 0.02361111111111111
10 0.4654375 0.9314236111111112 0.11243750000000005 0.1371527777777778
12 0.40688281249999997 0.8990486111111112 0.16500000000000004 0.20190277777777763
19 0.32726171875000004 0.9752777777777778 0.007492187500000025 0.025
19 0.3556796875 0.8615902777777779 0.07482812499999998 0.13787499999999997
19 0.47765625 0.7518124999999999 0.07406249999999996 0.1516805555555556
18 0.5902539062500001 0.7163541666666666 0.17550781250000008 0.20698611111111107
18 0.45278515624999993 0.6868749999999999 0.1221328125 0.14486111111111105
19 0.49935156250000007 0.5229166666666667 0.24539062499999997 0.36902777777777784
18 0.25232421875 0.5888888888888889 0.14689843749999998 0.2854999999999999
17 0.7884765625 0.6105902777777777 0.08599999999999994 0.16706944444444438
17 0.6975546875 0.4866944444444445 0.07996874999999992 0.14997222222222226
19 0.36953125 0.4050138888888889 0.11781249999999996 0.1991944444444444
19 0.39817578124999997 0.5537847222222222 0.0390078125 0.12173611111111107
19 0.60516015625 0.4146666666666667 0.03421093749999997 0.058777777777777845
19 0.5151874999999999 0.32129861111111113 0.049249999999999974 0.06934722222222223
19 0.4345976562500001 0.4033958333333334 0.05892968750000005 0.0884583333333334
19 0.78996484375 0.2179722222222222 0.1186640624999999 0.16233333333333333
19 0.56034765625 0.15889583333333335 0.1355390625 0.21556944444444442
19 0.4062734375 0.22998611111111109 0.07026562500000004 0.21447222222222218
12 0.61196875 0.11227083333333332 0.10392187499999998 0.21220833333333333
19 0.70478515625 0.08112499999999999 0.09713281249999994 0.16224999999999998
19 0.7805546874999999 0.0732986111111111 0.07314062499999992 0.14251388888888888
19 0.62140234375 0.03170833333333333 0.1375078125 0.06341666666666666
19 0.3646015625 0.06485416666666667 0.04768749999999997 0.08729166666666668
19 0.39437500000000003 0.07964583333333333 0.023703125000000026 0.05468055555555556
19 0.36120703125 0.006527777777777778 0.058242187499999966 0.013055555555555556
17 0.500890625 0.008604166666666666 0.03690625000000001 0.017208333333333332
19 0.849359375 0.008645833333333333 0.01909375000000004 0.017291666666666667
18 0.11199218749999999 0.13903472222222224 0.10217187500000002 0.2780694444444445