19 0.39782421875 0.9701388888888889 0.03502343749999999 0.059722222222222225
14 0.678296875 0.8967361111111113 0.10246875000000007 0.1665277777777779
19 0.53344140625 0.8678472222222222 0.23157031250000007 0.2643055555555555
19 0.29245312500000004 0.8439791666666667 0.09509375000000002 0.14851388888888897
19 0.23374999999999999 0.7858055555555555 0.08492187500000001 0.15575000000000006
14 0.678953125 0.6545069444444445 0.12945312500000003 0.18334722222222222
19 0.5664609375 0.5505694444444444 0.08748437500000002 0.1660833333333334
17 0.48729296875 0.6006597222222223 0.08822656250000005 0.13381944444444446
17 0.3091015625 0.5876597222222222 0.08312499999999998 0.18084722222222227
16 0.32884375 0.5326111111111111 0.19593749999999996 0.47741666666666666
19 0.44316015625 0.6609583333333333 0.04150781250000009 0.09533333333333331
19 0.463375 0.7334583333333333 0.04637499999999992 0.07036111111111115
19 0.4938515625 0.43243750000000003 0.10110937500000006 0.17245833333333332
19 0.623828125 0.36891666666666667 0.08578124999999996 0.1356111111111111
19 0.19885937499999998 0.500875 0.08281249999999998 0.19250000000000003
19 0.3955390625 0.42535416666666664 0.14075000000000001 0.24806944444444445
2 0.23062500000000002 0.41744444444444445 0.17484375 0.2394444444444444
19 0.33650390625000004 0.2658055555555556 0.22566406250000007 0.3157777777777778
16 0.43841015624999996 0.2355763888888889 0.11161718749999996 0.18643055555555557
19 0.46342578124999995 0.31872222222222224 0.07171093749999997 0.0949166666666667
7 0.5906445312499999 0.27260416666666665 0.16274218749999997 0.16054166666666672
8 0.7851015625000001 0.251 0.034531249999999944 0.11208333333333331
15 0.74546875 0.1488958333333333 0.06109375000000004 0.19029166666666666
19 0.768953125 0.31980555555555557 0.02048437500000002 0.044722222222222205
19 0.42176562500000003 0.18699999999999997 0.06673437500000001 0.09347222222222223
19 0.51428125 0.1393888888888889 0.11425 0.1707222222222222
19 0.61234765625 0.14383333333333334 0.08186718749999997 0.1007222222222222
9 0.65028125 0.09888888888888889 0.12335937500000008 0.19777777777777777
19 0.4222734375 0.08630555555555555 0.11223437500000003 0.1726111111111111