19 0.425 0.9768819444444444 0.04324999999999992 0.04623611111111106
17 0.48266015625 0.9878055555555556 0.07808593750000004 0.024388888888888814
19 0.5176953125 0.8987777777777778 0.12546874999999993 0.20244444444444443
18 0.73630078125 0.8435208333333333 0.06511718749999992 0.15423611111111105
18 0.5534414062499999 0.6940972222222223 0.07358593750000005 0.1819166666666667
19 0.36391406249999997 0.7236527777777777 0.09218749999999995 0.1230555555555555
19 0.77525 0.7805000000000001 0.04807812499999997 0.1003611111111111
15 0.6147421875 0.681513888888889 0.045218750000000085 0.12941666666666676
18 0.46986718750000006 0.6609652777777778 0.13510937500000003 0.3201805555555555
14 0.3590703125 0.6051944444444445 0.11820312499999996 0.13836111111111113
14 0.506671875 0.5000694444444445 0.06196874999999995 0.19233333333333336
16 0.57781640625 0.5043819444444445 0.1167109374999999 0.1664305555555556
17 0.2854140625 0.4623888888888889 0.05714062499999999 0.1466666666666667
17 0.6927070312500001 0.43630555555555556 0.07902343750000007 0.15997222222222232
17 0.54401953125 0.30357638888888894 0.08024218750000003 0.155625
17 0.45785937499999996 0.21294444444444444 0.09365625000000008 0.17327777777777775
19 0.27364453125 0.3052708333333333 0.07586718750000002 0.08559722222222221
19 0.25783984374999996 0.24104166666666668 0.08899218749999997 0.09736111111111115
10 0.5276015624999999 0.15552083333333333 0.07781249999999992 0.14048611111111114
19 0.2832265625 0.12958333333333333 0.072953125 0.10158333333333336
19 0.325171875 0.12310416666666665 0.044984375000000035 0.14481944444444442
19 0.6200078124999999 0.12418055555555554 0.05106249999999992 0.09077777777777779
14 0.216359375 0.011680555555555555 0.03890624999999999 0.021833333333333333
19 0.48444140624999993 0.03761805555555556 0.02310156249999995 0.07370833333333335
19 0.5294296875 0.009520833333333334 0.037687500000000006 0.017513888888888888
19 0.66012890625 0.07830555555555556 0.09969531249999992 0.15661111111111112
19 0.7421953125 0.015618055555555555 0.044984374999999945 0.03123611111111111
17 0.30632421875000004 0.0383125 0.08024218750000003 0.076625
17 0.389 0.050583333333333334 0.07781250000000002 0.09100000000000001