19 0.711171875 0.9213888888888888 0.09437499999999996 0.1572222222222223
19 0.6392578125 0.9651944444444444 0.060203124999999955 0.06961111111111096
8 0.2913671875 0.9904861111111111 0.07476562500000003 0.01902777777777784
19 0.569140625 0.9701388888888889 0.05 0.059722222222222225
12 0.4208359375 0.9037291666666666 0.15904687499999998 0.1925416666666668
19 0.79262890625 0.7941041666666666 0.11888281250000006 0.2881250000000001
19 0.28506640625 0.9213125000000001 0.0970703125 0.15737499999999993
8 0.23929296874999997 0.8596805555555556 0.09047656249999998 0.1451944444444444
19 0.5969609374999999 0.7372638888888888 0.23679687499999993 0.25
19 0.49892578125 0.8794583333333332 0.09000781250000003 0.2087777777777777
10 0.35951953125 0.7448402777777777 0.11925781249999998 0.20940277777777774
8 0.17033203125000002 0.7702777777777778 0.05785156250000001 0.2818055555555556
12 0.259421875 0.6944999999999999 0.15796874999999996 0.27774999999999994
17 0.48784374999999996 0.5037638888888889 0.07796874999999996 0.12227777777777772
17 0.426453125 0.54425 0.05771874999999995 0.14586111111111108
19 0.48851562500000006 0.5996736111111111 0.09273437500000004 0.13481944444444435
17 0.5699609375 0.4891805555555556 0.08748437500000002 0.12963888888888894
19 0.7757578125 0.5799097222222221 0.08042187500000005 0.1212083333333333
2 0.71203515625 0.42788888888888893 0.0708984375 0.23958333333333334
17 0.2847734375 0.44379166666666664 0.09226562500000002 0.14986111111111108
19 0.21363671874999998 0.45379861111111114 0.07791406250000002 0.21304166666666666
19 0.44167187500000005 0.3920555555555555 0.09100000000000001 0.16719444444444445
12 0.6534296875 0.3417013888888889 0.11078124999999997 0.17040277777777776
19 0.36590234375 0.41035416666666663 0.09546093750000004 0.21134722222222216
19 0.541296875 0.3376319444444445 0.03862500000000004 0.07240277777777782
10 0.7131171875 0.2504444444444444 0.12951562499999997 0.12125000000000001
17 0.283890625 0.2906597222222222 0.08932812500000002 0.1332916666666667
19 0.360140625 0.23909722222222224 0.08426562499999997 0.18375000000000002
19 0.5214453124999999 0.13195833333333332 0.09364062499999992 0.2548611111111111
19 0.249921875 0.1436111111111111 0.12406249999999999 0.2872222222222222
16 0.435453125 0.15125 0.09356249999999999 0.17000000000000004
19 0.6201875 0.17225694444444442 0.07165625000000002 0.11090277777777777
19 0.6599609375 0.11222222222222222 0.06726562499999993 0.1425
19 0.599046875 0.07747916666666667 0.08706250000000004 0.15495833333333334
19 0.709109375 0.061236111111111116 0.061437500000000075 0.07386111111111113
19 0.70412890625 0.02727777777777778 0.17955468749999995 0.05455555555555556
19 0.42096093749999997 0.04505555555555555 0.10818750000000002 0.0901111111111111
19 0.33313671874999995 0.029027777777777777 0.07377343750000005 0.05694444444444444