19 0.61015625 0.9597222222222223 0.0890625 0.08055555555555556
12 0.26589453125 0.8854375 0.16266406250000004 0.22912500000000005
12 0.67276171875 0.9425486111111111 0.08997656250000005 0.1149027777777778
19 0.4730546875 0.9211597222222222 0.088671875 0.15768055555555552
17 0.40903906249999994 0.8320763888888889 0.07809375000000003 0.1802361111111111
2 0.5012226562500001 0.5 0.2638515625 1
18 0.46692968749999997 0.7579166666666667 0.08576562499999998 0.16094444444444453
19 0.593078125 0.858951388888889 0.03718749999999993 0.10587500000000002
17 0.212484375 0.44061805555555555 0.08123437500000001 0.2141527777777778
18 0.3800546875 0.594 0.055593749999999977 0.17647222222222214
18 0.42333203125 0.4223125 0.1416171875 0.24131944444444445
18 0.65561328125 0.3318888888888889 0.046320312499999974 0.06588888888888889
0 0.44287890625 0.261375 0.08492968750000003 0.10980555555555556
19 0.50330078125 0.2109166666666667 0.11996093749999996 0.1959444444444445
19 0.54719140625 0.13843055555555553 0.07464843749999997 0.12988888888888886
10 0.7822460937500001 0.09180555555555554 0.06511718750000002 0.18361111111111109
12 0.47174609375000004 0.02549305555555556 0.11435156249999992 0.04518055555555556
19 0.37661328125 0.16694444444444442 0.041289062500000015 0.09599999999999999
19 0.63612890625 0.007097222222222223 0.02064843750000005 0.014194444444444445
19 0.21419921875 0.0593125 0.04513281249999999 0.09968055555555556
8 0.52744921875 0.5501111111111112 0.1715703125000001 0.34802777777777777