14 0.2782421875 0.9836805555555556 0.03914062500000002 0.03263888888888889
18 0.592328125 0.9839513888888888 0.03496874999999999 0.03209722222222208
18 0.7827929687499999 0.9279444444444445 0.0926640625 0.141111111111111
19 0.63078125 0.8083055555555556 0.12659374999999998 0.38338888888888883
19 0.710640625 0.9517708333333333 0.07854687499999997 0.0964583333333334
18 0.5457734375000001 0.8555763888888889 0.07326562499999997 0.10531944444444434
19 0.33612109375 0.8323125 0.06838281249999997 0.1520416666666667
14 0.48576171874999996 0.7678055555555556 0.12866406250000004 0.23983333333333343
19 0.452734375 0.9243055555555556 0.25546875 0.15138888888888888
19 0.38125390625 0.8233333333333335 0.048835937499999996 0.08597222222222235
1 0.5578125 0.7457777777777779 0.026171875 0.10616666666666674
14 0.35080468750000005 0.620375 0.05270312500000003 0.09755555555555556
16 0.471078125 0.5222222222222223 0.13162500000000002 0.20083333333333336
19 0.4159453125 0.7008194444444444 0.06764062499999998 0.18525
19 0.6638164062499999 0.5374375 0.04397656249999997 0.0928194444444445
16 0.6105156249999999 0.46864583333333326 0.07504687499999996 0.1417638888888888
14 0.5643828125 0.4925138888888888 0.04221874999999997 0.0938055555555555
7 0.37725390625 0.3364027777777778 0.18721093750000004 0.33358333333333334
10 0.3672421875 0.5190208333333334 0.061531249999999996 0.1428194444444445
19 0.2993828125 0.4159513888888889 0.03460937499999996 0.08973611111111113
14 0.536140625 0.3600416666666667 0.04515624999999997 0.0875
19 0.64534765625 0.37900694444444444 0.06774218750000002 0.14309722222222218
0 0.49873046875 0.22794444444444445 0.06613281250000007 0.10466666666666669
14 0.71419921875 0.24469444444444446 0.10035156250000003 0.2342222222222222
19 0.67263671875 0.07078472222222222 0.08855468749999992 0.14156944444444444
17 0.57869921875 0.1713611111111111 0.04994531250000005 0.13355555555555554
14 0.6175039062500001 0.16177083333333334 0.03936718750000008 0.11340277777777778
19 0.646875 0.2188055555555556 0.059281250000000084 0.07905555555555557
19 0.21373828125 0.13680555555555557 0.24205468750000003 0.2672222222222222
17 0.56417578125 0.07184027777777777 0.062148437499999966 0.09381944444444446
19 0.53192578125 0.15574999999999997 0.04338281249999998 0.1115277777777778
18 0.4539453125 0.1062361111111111 0.14423437499999997 0.20847222222222223
3 0.3621875 0.06927083333333334 0.08267187499999995 0.13854166666666667
1 0.35808203125000004 0.07705555555555556 0.07328906249999996 0.12508333333333332
19 0.36687499999999995 0.15678472222222223 0.04045312499999998 0.03648611111111112
19 0.53982421875 0.011048611111111111 0.06416406250000009 0.021013888888888888
19 0.77665234375 0.0200625 0.12580468750000007 0.03601388888888889