10 0.63500390625 0.9666666666666667 0.07436718750000004 0.06666666666666667
10 0.24024218749999998 0.8945555555555554 0.11079687499999998 0.21088888888888876
19 0.49453125 0.8826388888888889 0.1640625 0.23472222222222222
19 0.50296484375 0.6801875000000001 0.08614843749999998 0.15743055555555552
2 0.40551562500000005 0.6652638888888889 0.13585937500000003 0.21144444444444446
2 0.757015625 0.6382777777777778 0.078125 0.1213055555555556
19 0.5579960937499999 0.5122708333333333 0.1114140625000001 0.33601388888888895
16 0.44236718750000004 0.5116597222222222 0.15726562499999996 0.24331944444444453
18 0.6628203125000001 0.28215277777777775 0.15421875000000007 0.3520833333333333
19 0.20594921875 0.43813888888888886 0.03158593749999998 0.048444444444444436
14 0.254296875 0.2684583333333333 0.02921874999999998 0.06191666666666665
14 0.30734374999999997 0.25025000000000003 0.09534374999999998 0.15355555555555556
17 0.40657812499999996 0.2599097222222222 0.04778125000000002 0.107375
17 0.46224218750000007 0.291625 0.09132812500000007 0.19138888888888891
19 0.5229765625 0.1807152777777778 0.06829687500000006 0.13476388888888888
12 0.7798828125 0.2334027777777778 0.083984375 0.14652777777777778
12 0.73975390625 0.13331944444444446 0.07935156249999994 0.15080555555555553
11 0.53257421875 0.05979166666666666 0.09782031250000003 0.11958333333333332
19 0.21320703124999998 0.13624305555555555 0.06389843749999999 0.09237499999999998
19 0.28784765625 0.10555555555555556 0.07161718749999997 0.16222222222222224
19 0.27168359375 0.021555555555555553 0.07446093749999996 0.04311111111111111
19 0.3826171875 0.15572916666666667 0.07664062499999998 0.17673611111111112
19 0.45325000000000004 0.14457638888888888 0.06067187500000006 0.09287500000000001
19 0.39073828125 0.06536805555555555 0.1597734375 0.1307361111111111
19 0.8387421875 0.01625 0.040765624999999875 0.0325