19 0.99477734375 0.01670138888888889 0.010445312499999915 0.03340277777777778
19 0.655078125 0.9298611111111111 0.10234375 0.14027777777777778
19 0.520609375 0.9200902777777776 0.09251562500000006 0.15981944444444435
19 0.5965351562500001 0.9520138888888888 0.033117187500000075 0.07574999999999996
19 0.38004296874999993 0.7774444444444444 0.049023437499999954 0.1507222222222222
18 0.34658984375 0.7205069444444444 0.07150781249999998 0.1342638888888889
18 0.50362890625 0.7382430555555557 0.15053906250000004 0.2567638888888888
19 0.6986757812500001 0.6880208333333333 0.08649218750000003 0.21287499999999998
10 0.4560859375 0.6095833333333333 0.14610937499999999 0.2428888888888888
12 0.41390625 0.5405416666666667 0.16500000000000004 0.22636111111111112
19 0.34467578125 0.6485902777777778 0.033320312499999984 0.04912500000000001
19 0.3346015625 0.5966805555555555 0.015578125000000043 0.0313055555555555
19 0.36258203125 0.47126388888888887 0.07485156249999995 0.13280555555555557
19 0.48425781249999994 0.37631944444444443 0.07489062499999992 0.16027777777777774
18 0.5931875000000001 0.333375 0.18489062500000006 0.20699999999999996
18 0.45640625 0.30791666666666667 0.12218750000000003 0.15305555555555558
19 0.5110546875 0.16055555555555553 0.24539062499999997 0.32111111111111107
18 0.25274609375 0.20016666666666666 0.14689843749999998 0.2855
17 0.80164453125 0.22049999999999997 0.09125781249999995 0.16705555555555554
17 0.7074999999999999 0.09764583333333335 0.07996874999999992 0.14995833333333333
19 0.38314062499999996 0.05983333333333333 0.11068750000000005 0.11966666666666666
19 0.40435156250000004 0.17514583333333336 0.03901562500000004 0.1282916666666667
19 0.61466796875 0.029375 0.03169531249999995 0.05875
18 0.11199218749999999 0.13903472222222224 0.10217187500000002 0.2780694444444445