19 0.48385546874999996 0.9362847222222223 0.11528906249999996 0.12743055555555555
19 0.559765625 0.9479166666666666 0.11796875 0.10416666666666667
16 0.22053906249999997 0.8579444444444445 0.12984375 0.2628611111111111
3 0.33180078125 0.7699375 0.22858593749999995 0.41298611111111105
19 0.493859375 0.8113680555555555 0.08492187500000004 0.13901388888888877
19 0.6526796874999999 0.8809444444444444 0.07037499999999994 0.06902777777777784
19 0.62263671875 0.7844930555555556 0.18880468750000007 0.1920138888888889
17 0.20899609375 0.6451041666666667 0.07760156250000001 0.17023611111111103
19 0.68876953125 0.6201458333333333 0.15285156250000007 0.17256944444444444
8 0.74765625 0.7817500000000001 0.06673437500000005 0.06650000000000016
17 0.39729296875000003 0.6049791666666666 0.0768515625 0.136625
19 0.41105078125 0.4490833333333334 0.06471093749999998 0.10605555555555557
19 0.7251875 0.4424375 0.05835937500000003 0.08676388888888893
19 0.56483203125 0.36888888888888893 0.26783593749999995 0.7377777777777779
8 0.65123828125 0.33461805555555557 0.10192968750000002 0.21570833333333336
19 0.40493359374999993 0.32382638888888887 0.09461718749999996 0.15098611111111107
10 0.44774218749999994 0.19504166666666667 0.053421875000000084 0.21036111111111117
19 0.33796875 0.15291666666666665 0.09015624999999998 0.19194444444444442
12 0.69558984375 0.17867361111111113 0.11366406250000001 0.22373611111111108
19 0.7784531250000001 0.1457638888888889 0.05828125000000002 0.13736111111111113
19 0.8310195312500002 0.10540277777777778 0.052804687500000114 0.14694444444444443
19 0.38961718749999996 0.09466666666666666 0.07923437499999997 0.1618333333333333
19 0.50206640625 0.0798611111111111 0.05822656249999998 0.1597222222222222