19 0.20521875 0.8975486111111112 0.08412499999999998 0.12912500000000005
19 0.34838671875 0.9450208333333334 0.061507812500000016 0.08837500000000015
19 0.44097265624999993 0.9583680555555555 0.06235156249999996 0.08326388888888896
19 0.3938671875 0.9556944444444445 0.0484375 0.08861111111111104
17 0.58218359375 0.9428819444444444 0.06488281249999997 0.11384722222222227
19 0.50419140625 0.9483749999999999 0.07924218750000005 0.10188888888888875
19 0.5849570312499999 0.8316666666666666 0.21786718749999992 0.21752777777777763
17 0.5959843749999999 0.8149444444444445 0.08173437499999991 0.09799999999999992
8 0.5280234375 0.7280555555555556 0.07109375 0.18999999999999995
19 0.4065625 0.7702500000000001 0.11370312499999997 0.19561111111111107
19 0.30309765625 0.6637569444444444 0.05055468750000003 0.053930555555555613
19 0.82687109375 0.6715138888888889 0.06817968749999999 0.2744444444444444
19 0.8072421875 0.8094027777777778 0.04446875000000006 0.04991666666666674
17 0.6621171875 0.6841875000000001 0.09704687500000002 0.20490277777777774
19 0.7048984375 0.6098680555555556 0.09506250000000005 0.18537500000000004
18 0.81634375 0.6408541666666666 0.14668750000000008 0.26012499999999994
19 0.60613671875 0.6997986111111112 0.058992187499999994 0.1257638888888889
19 0.3932109375 0.5836111111111111 0.23392187500000006 0.3068055555555555
19 0.57748828125 0.5396805555555555 0.15430468749999998 0.2208611111111111
19 0.387015625 0.7589791666666668 0.06881249999999998 0.12856944444444435
19 0.43569140624999997 0.7331111111111112 0.06885156250000009 0.11733333333333336
19 0.46138671875000004 0.5376666666666666 0.054601562500000075 0.08413888888888894
19 0.34125 0.44784722222222223 0.09468750000000004 0.2048055555555556
19 0.42507812500000003 0.4635625 0.06553124999999996 0.12062500000000004
17 0.73001171875 0.5031458333333334 0.08510156250000005 0.15429166666666672
19 0.66785546875 0.5502847222222222 0.10327343750000004 0.20059722222222232
15 0.5633359375 0.38701388888888894 0.09887499999999996 0.15783333333333333
19 0.66589453125 0.40950000000000003 0.09607031250000002 0.1495555555555556
19 0.4649296875 0.32835416666666667 0.10832812500000007 0.29976388888888894
19 0.60528515625 0.27016666666666667 0.19161718749999998 0.2142222222222222
18 0.510453125 0.15070833333333333 0.09268750000000008 0.21863888888888883
11 0.4087890625 0.109875 0.154296875 0.17086111111111113
12 0.447890625 0.049006944444444436 0.10124999999999998 0.09801388888888887
19 0.52928515625 0.021243055555555557 0.06677343750000002 0.04248611111111111
18 0.24583593749999996 0.042409722222222224 0.09370312500000003 0.08481944444444445
14 0.7617578125 0.17847222222222223 0.05476562499999993 0.06472222222222224
19 0.6397031249999999 0.0384375 0.04299999999999997 0.076875
7 0.7117578125 0.06689583333333333 0.10110937500000006 0.13379166666666667