19 0.605328125 0.9669166666666666 0.04168749999999992 0.06355555555555555
7 0.72778125 0.8420347222222222 0.20521875000000006 0.3159305555555556
18 0.281640625 0.9819444444444444 0.06953125 0.03611111111111111
0 0.37838281249999994 0.9428055555555555 0.06659374999999997 0.11438888888888875
12 0.49790624999999994 0.8559861111111112 0.1887656249999999 0.25550000000000006
12 0.48385937500000004 0.6529305555555556 0.09781250000000004 0.15291666666666662
16 0.34871484375 0.6098125000000001 0.09633593749999995 0.1634583333333334
19 0.4258125 0.6702152777777777 0.06271874999999998 0.1254305555555555
3 0.5873515625 0.6420486111111111 0.08579687499999995 0.18176388888888897
19 0.7400859375 0.5955972222222222 0.24267187499999993 0.22141666666666662
19 0.4560546875 0.5113402777777777 0.09045312499999998 0.17887499999999995
0 0.4019921875 0.2886736111111112 0.09351562500000003 0.17790277777777783
18 0.5172578125 0.45814583333333336 0.057937500000000065 0.09551388888888887
2 0.5809765625000001 0.4027569444444445 0.2788281250000001 0.41226388888888876
19 0.7024765625 0.4032013888888889 0.14817187500000006 0.17918055555555554
17 0.7090078125 0.41401388888888896 0.09743750000000002 0.11702777777777776
17 0.36042968750000004 0.4224444444444444 0.08426562499999997 0.15761111111111115
17 0.56873046875 0.33582638888888894 0.08163281250000001 0.10923611111111108
19 0.56258984375 0.42087500000000005 0.05530468749999997 0.05150000000000006
19 0.32103515625 0.30233333333333334 0.0490234375 0.14688888888888887
19 0.48710156250000003 0.2366041666666667 0.09685937500000001 0.14856944444444448
16 0.74687109375 0.18152777777777776 0.14282031250000005 0.26069444444444445
18 0.26093359375 0.13744444444444442 0.09344531250000002 0.1943333333333333
12 0.18026953125 0.1490138888888889 0.0800859375 0.1419722222222222
19 0.35735546875 0.14669444444444446 0.10007031250000002 0.2091111111111111
2 0.42055859375000004 0.16620138888888888 0.04916406250000001 0.1700972222222222
2 0.52808984375 0.12250694444444445 0.13605468750000008 0.15137499999999998
12 0.8090078125 0.028055555555555556 0.08167187499999998 0.05611111111111111
19 0.5548632812500001 0.035111111111111114 0.13166406249999998 0.07022222222222223