18 0.6471640625 0.8927986111111111 0.20896875 0.21440277777777764
8 0.5701484375 0.8969583333333333 0.19359374999999995 0.20608333333333348
19 0.250390625 0.9326388888888889 0.08046875 0.13472222222222222
19 0.3413359375 0.9879444444444444 0.038578125 0.024111111111110972
19 0.4523632812500001 0.9218819444444445 0.054007812500000085 0.08765277777777764
19 0.31981640625 0.7492152777777777 0.10333593749999999 0.24304166666666668
17 0.40978515625 0.8645833333333334 0.07727343750000001 0.13736111111111124
17 0.48069140625000006 0.774263888888889 0.06594531250000006 0.10683333333333343
17 0.69808984375 0.596 0.08038281250000008 0.15161111111111106
19 0.39853515625 0.6223541666666667 0.03214843750000003 0.06812499999999994
12 0.28523046875 0.6665277777777777 0.11880468749999995 0.16702777777777778
19 0.5428046875 0.7700486111111112 0.10260937499999993 0.1340694444444444
19 0.5035546875 0.6139583333333333 0.08914062499999993 0.2044722222222222
19 0.45243359375000003 0.6416875 0.04203906249999996 0.046152777777777806
19 0.62476953125 0.6986111111111111 0.16071093750000004 0.18461111111111114
15 0.5905976562499999 0.5641041666666666 0.1756953124999999 0.20218055555555547
19 0.784 0.39263194444444444 0.18049999999999997 0.15756944444444446
19 0.18459765625 0.4535486111111111 0.0792421875 0.1534305555555556
19 0.3945703125 0.3491805555555555 0.10632812500000002 0.2241944444444444
19 0.62624609375 0.3320138888888889 0.07564843749999994 0.1371388888888889
17 0.50409765625 0.367625 0.04897656250000004 0.10813888888888891
19 0.3336796875 0.36220833333333335 0.02670312499999996 0.11783333333333337
17 0.21722265625 0.30837500000000007 0.05785156249999999 0.15297222222222223
2 0.52793359375 0.3150833333333333 0.15132031250000005 0.2715
18 0.72325 0.2320902777777778 0.11868750000000006 0.2005694444444444
19 0.8137460937500001 0.2558888888888889 0.10088281250000009 0.1371388888888889
19 0.59715234375 0.25325000000000003 0.04450781250000002 0.07911111111111108
19 0.36498046875000006 0.20299305555555555 0.08752343750000002 0.2482083333333333
19 0.4948046875 0.2096736111111111 0.08304687499999996 0.102875
10 0.24704296874999998 0.15289583333333334 0.16911718750000002 0.1901527777777778
19 0.319734375 0.06204166666666667 0.02670312499999996 0.03427777777777779
19 0.5229765625 0.09497916666666667 0.13351562500000008 0.18995833333333334
19 0.68764453125 0.09896527777777778 0.19582031250000007 0.1925138888888889
4 0.29525781249999994 0.02640277777777778 0.08159375000000005 0.05280555555555556
17 0.20253515625000001 0.03949305555555556 0.09494531249999998 0.07409722222222222