10 0.6737460937499999 0.9270277777777777 0.13263281249999997 0.14594444444444435
17 0.4498164062500001 0.9516874999999999 0.06572656250000009 0.0966249999999999
19 0.37667968749999997 0.9365694444444443 0.15921874999999996 0.126861111111111
18 0.52271875 0.8779861111111111 0.144328125 0.24402777777777784
19 0.39831249999999996 0.7434444444444444 0.10049999999999999 0.2070277777777777
11 0.6284609375000001 0.8671041666666666 0.1262656249999999 0.24979166666666655
19 0.27714062500000003 0.7030138888888889 0.06875 0.11333333333333337
19 0.340265625 0.6993541666666666 0.07232812500000003 0.19604166666666673
10 0.508046875 0.7303055555555554 0.11435937500000008 0.1365833333333333
19 0.5346835937500001 0.59875 0.22297656250000006 0.3311111111111111
19 0.22011328125000001 0.8136180555555557 0.08350781249999999 0.18223611111111115
16 0.37143359375 0.5807361111111111 0.0715859375 0.11863888888888884
19 0.30031640625 0.4801111111111111 0.08375781250000003 0.1731944444444445
19 0.25791015625 0.4959166666666667 0.06810156249999996 0.0915555555555555
19 0.47841015625 0.3178402777777778 0.08553906250000001 0.23493055555555553
19 0.3774375 0.29361805555555553 0.04284375000000003 0.07245833333333336
19 0.4234375 0.33484722222222224 0.057578125000000036 0.08238888888888887
19 0.2821875 0.24909722222222225 0.017812499999999964 0.048222222222222264
19 0.404765625 0.2132152777777778 0.04140625 0.0744861111111111
19 0.5956640624999999 0.24875000000000003 0.13445312499999992 0.11999999999999997
14 0.68859375 0.12319444444444443 0.11578125000000003 0.17305555555555557
19 0.56205859375 0.14209027777777777 0.27307031249999997 0.28418055555555555
19 0.30233984375 0.07789583333333333 0.09719531249999998 0.15579166666666666
19 0.23460546875000002 0.043381944444444445 0.07733593750000001 0.08676388888888889