19 0.180078125 0.9513888888888888 0.10859375 0.09722222222222222
18 0.26859765625 0.9335416666666666 0.09046093749999998 0.13291666666666674
19 0.7960703125 0.9850625 0.1030156250000001 0.02987499999999999
19 0.58253515625 0.9018402777777776 0.12708593750000005 0.19631944444444432
12 0.41171875 0.8949236111111112 0.09054687500000003 0.2101527777777777
10 0.70728515625 0.882076388888889 0.19010156250000004 0.23584722222222215
7 0.67152734375 0.8289930555555556 0.06082031249999993 0.10268055555555565
19 0.24312109375 0.8158750000000001 0.12810156250000002 0.22744444444444442
19 0.4928906250000001 0.7183333333333334 0.13156250000000008 0.14594444444444443
19 0.20735156249999998 0.7233194444444444 0.11395312500000002 0.12527777777777785
19 0.34182421874999996 0.688375 0.11757031249999997 0.18899999999999997
17 0.65892578125 0.6378263888888889 0.08272656250000007 0.136625
19 0.67429296875 0.7168541666666667 0.04114843750000006 0.06890277777777772
19 0.54863671875 0.5844930555555556 0.13086718749999998 0.11712500000000006
19 0.74766796875 0.5675 0.10661718750000002 0.18377777777777768
19 0.8202734375 0.5666111111111111 0.05618750000000006 0.3078611111111111
2 0.38219921874999996 0.44402777777777785 0.19121093749999996 0.3648333333333334
19 0.6459921875 0.5177708333333334 0.07046875000000004 0.2461527777777778
3 0.5390703125 0.40854166666666664 0.131046875 0.2496944444444444
19 0.62846875 0.3279861111111111 0.06912500000000002 0.1062222222222222
19 0.5740234375 0.2546527777777778 0.09271875000000004 0.14008333333333337
19 0.49386718749999997 0.18820138888888888 0.07829687500000002 0.20498611111111115
19 0.40351953125 0.24534722222222222 0.0710859375 0.10374999999999998
19 0.40933984375000004 0.18852083333333336 0.0907578125 0.14406944444444447
19 0.306875 0.11270833333333334 0.12921875 0.22541666666666668
17 0.23255468750000002 0.2026319444444444 0.05779687500000001 0.1283472222222222
17 0.41750781249999996 0.06915972222222222 0.08295312500000004 0.120875
17 0.22162499999999996 0.025243055555555557 0.042031249999999964 0.050486111111111114
3 0.59182421875 0.11535416666666667 0.2881796874999999 0.23070833333333335