10 0.33178515625 0.9767222222222223 0.05471093749999998 0.04655555555555553
19 0.4856640625 0.9764166666666666 0.07664062499999993 0.04716666666666672
19 0.5449921874999999 0.9441180555555555 0.053031250000000085 0.08415277777777766
19 0.63530078125 0.955201388888889 0.09299218749999998 0.0895972222222222
14 0.71155859375 0.9029375000000001 0.09321093749999995 0.19412499999999996
19 0.7900117187500001 0.8528055555555555 0.11857031250000008 0.2943888888888889
18 0.56932421875 0.8922291666666666 0.10216406249999999 0.18762499999999988
19 0.43376953125 0.9469722222222221 0.08582031249999997 0.10605555555555542
7 0.6074531249999999 0.7500138888888889 0.09228124999999991 0.1410833333333333
19 0.4382890625 0.7542152777777777 0.09634374999999995 0.2072083333333334
19 0.30281640625 0.8266875 0.06469531249999996 0.14534722222222235
17 0.35140625000000003 0.8803125 0.04474999999999998 0.09306944444444443
17 0.33753515625 0.775423611111111 0.1013671875 0.1442083333333333
19 0.5990390625 0.7179166666666666 0.04229687500000008 0.06583333333333338
19 0.5161289062500001 0.7199166666666668 0.07707031250000007 0.1261944444444444
19 0.36236328124999995 0.6504305555555555 0.12499218749999996 0.17861111111111114
19 0.44841015625 0.5277916666666667 0.10744531249999997 0.23733333333333334
3 0.57012109375 0.5277361111111112 0.15886718749999992 0.24458333333333337
19 0.7802695312499999 0.5404861111111111 0.1616328124999999 0.25533333333333336
17 0.6419296875 0.5609375 0.08087499999999999 0.14412499999999998
19 0.42756249999999996 0.54 0.140828125 0.1260833333333333
12 0.25935546875000004 0.4150694444444445 0.06177343749999995 0.11747222222222228
19 0.47576953125 0.37511111111111106 0.13180468750000002 0.2416944444444444
19 0.62825390625 0.4078333333333333 0.06291406249999998 0.07416666666666663
19 0.81473046875 0.41567361111111106 0.06383593750000002 0.12648611111111105
12 0.35233593750000003 0.41563194444444446 0.11357812500000004 0.16420833333333335
12 0.389265625 0.14900694444444443 0.07598437499999999 0.18920833333333328
18 0.3192890625 0.31030555555555556 0.24721874999999996 0.3046666666666667
18 0.7216015625 0.113125 0.16148437500000004 0.22625
19 0.5021796875 0.1950625 0.06170312500000001 0.15237499999999998
19 0.82280078125 0.2577986111111111 0.06282031249999998 0.11356944444444442
19 0.2476015625 0.13022916666666667 0.09604687499999998 0.15562499999999999
19 0.6086953125 0.0760902777777778 0.07659374999999997 0.1515138888888889
8 0.46523046875 0.09861805555555556 0.06686718749999994 0.1972361111111111
12 0.8208515625 0.09878472222222222 0.10454687500000004 0.19690277777777776