18 0.6344101562500001 0.9761319444444444 0.060867187500000065 0.04773611111111096
18 0.529921875 0.8930763888888889 0.15243749999999992 0.21384722222222227
19 0.24765625 0.9368055555555556 0.13359375 0.12638888888888888
18 0.24148437500000003 0.8451458333333334 0.16976562499999998 0.15568055555555543
10 0.8171328125 0.7270555555555556 0.12398437499999995 0.37083333333333335
19 0.39747656249999996 0.7198472222222222 0.15753124999999996 0.23097222222222216
18 0.6112695312499999 0.6723680555555556 0.10869531250000009 0.2027083333333334
8 0.5507265625 0.6939444444444445 0.05982812499999994 0.20719444444444454
3 0.544796875 0.5608124999999999 0.14070312499999993 0.3245972222222222
19 0.23140234375 0.6408402777777779 0.09216406250000002 0.16509722222222223
19 0.7312226562499999 0.7731805555555556 0.054976562499999916 0.09466666666666677
19 0.39566406249999997 0.9020069444444444 0.17868749999999997 0.19598611111111128
19 0.27429296875 0.5655902777777778 0.11808593749999999 0.23848611111111115
2 0.43264453124999996 0.5918402777777778 0.09302343749999994 0.25345833333333334
18 0.361703125 0.4418611111111111 0.11528124999999996 0.20455555555555552
19 0.8336640624999999 0.47136805555555555 0.06864062500000001 0.16620833333333326
19 0.6990390625 0.4984097222222222 0.08984375 0.14484722222222218
18 0.7625078125 0.33993055555555557 0.1390625 0.2967777777777778
18 0.19055468750000001 0.3290138888888889 0.07195312500000002 0.22263888888888891
18 0.486328125 0.24307638888888888 0.13468750000000007 0.4550416666666667
18 0.36453515625 0.27291666666666664 0.15092968750000005 0.23527777777777775
19 0.58083984375 0.37405555555555553 0.06774218750000002 0.09886111111111108
19 0.6002460937499999 0.32734722222222223 0.17483593749999998 0.2459166666666667
18 0.6816796875000001 0.18208333333333332 0.11695312500000003 0.1275
17 0.30564453125 0.1156388888888889 0.05975781250000001 0.09886111111111112
14 0.30166796875 0.07084722222222221 0.21338281250000005 0.14169444444444443
19 0.5816250000000001 0.11804166666666668 0.148625 0.23247222222222222