19 0.6194726562499999 0.9670069444444445 0.0763671875 0.06598611111111109
19 0.38332812499999996 0.904 0.08664062500000003 0.192
19 0.35379296875 0.9025486111111112 0.04035156249999998 0.06426388888888887
19 0.51818359375 0.7694375 0.0996171875 0.17409722222222218
15 0.40609375 0.7542986111111112 0.08417187500000001 0.12887499999999996
17 0.27711718750000003 0.7975902777777778 0.07037500000000003 0.10740277777777768
19 0.22226953124999999 0.6967291666666666 0.0489296875 0.09462500000000007
19 0.2689375 0.5319236111111111 0.091015625 0.15856944444444437
19 0.40384765624999996 0.6584236111111111 0.05150781250000005 0.09920833333333343
19 0.6311835937500001 0.6341597222222222 0.08413281250000004 0.12209722222222218
19 0.78554296875 0.7584305555555555 0.023179687500000056 0.024416666666666566
19 0.75828515625 0.7304861111111112 0.01802343749999995 0.04883333333333337
19 0.5132656250000001 0.47875694444444444 0.035171874999999984 0.07931944444444447
16 0.19957421875 0.4621944444444444 0.08842968749999999 0.1448888888888888
19 0.49298828125000005 0.403125 0.09014843750000008 0.09750000000000002
19 0.61776171875 0.4384791666666667 0.13307031249999995 0.16770833333333332
19 0.42987890625 0.3996388888888889 0.056679687499999964 0.08102777777777782
19 0.37150781250000003 0.4084513888888889 0.018031250000000033 0.038013888888888896
17 0.52632421875 0.3623888888888888 0.09100781250000001 0.14938888888888885
17 0.74925390625 0.4706180555555556 0.08499218749999997 0.12681944444444437
19 0.36638671875 0.29644444444444445 0.014601562500000043 0.05799999999999999
19 0.4727500000000001 0.21829861111111112 0.1120000000000001 0.12118055555555556
19 0.530828125 0.13115972222222222 0.07948437500000001 0.09793055555555555
17 0.53440234375 0.04657638888888888 0.0708984375 0.09156944444444445
19 0.48435937500000004 0.017319444444444446 0.03792187499999997 0.03052777777777778
2 0.42100781249999997 0.07925 0.10739062500000003 0.1585
18 0.3296875 0.95625 0.06015625 0.0875