17 0.4561875000000001 0.9561180555555555 0.07043750000000007 0.08776388888888896
19 0.55740625 0.8707499999999999 0.13671875 0.23624999999999988
19 0.41701171875 0.8603819444444443 0.1583984375 0.14318055555555545
18 0.2038671875 0.7238958333333334 0.087890625 0.2160972222222222
17 0.325203125 0.6638402777777779 0.07023437499999999 0.16256944444444446
19 0.38830078125 0.6223125 0.08492968749999999 0.14451388888888883
19 0.37057421874999996 0.7345069444444445 0.05125781250000001 0.06990277777777776
19 0.497703125 0.7092916666666668 0.16850000000000004 0.23997222222222225
19 0.62015234375 0.5646527777777777 0.1548828125 0.1898333333333334
19 0.5374453125 0.5652986111111111 0.06204687500000006 0.08987500000000005
19 0.42386718749999996 0.43824305555555554 0.09039062500000003 0.11398611111111102
19 0.50341796875 0.5010347222222222 0.12649218750000008 0.1362638888888889
19 0.5105117187499999 0.4378194444444445 0.06702343749999998 0.11961111111111111
14 0.5905078125000001 0.3447638888888889 0.12281250000000003 0.24236111111111114
19 0.73590625 0.32797916666666665 0.10384375000000005 0.2085972222222222
16 0.3374609375 0.38013888888888886 0.098046875 0.17055555555555554
18 0.4987109375 0.19209722222222222 0.200390625 0.38419444444444445
0 0.8334374999999999 0.19791666666666666 0.06906250000000007 0.13249999999999998
19 0.6753164062500001 0.08439583333333334 0.10325781250000006 0.15531944444444445
17 0.37446875 0.04435416666666667 0.09828125000000001 0.08870833333333333