19 0.23982421875 0.9128472222222223 0.12546093750000004 0.17430555555555555
3 0.3073203125 0.7738472222222224 0.13129687499999995 0.22724999999999992
19 0.3919921875 0.8630902777777779 0.09195312500000004 0.1634583333333334
19 0.45905859375 0.8618263888888889 0.1093828125 0.15929166666666675
19 0.640421875 0.8477916666666668 0.020859375000000034 0.05819444444444457
19 0.3325234375 0.6752986111111111 0.09576562500000003 0.18754166666666672
19 0.46627734375 0.7162013888888888 0.07964843750000003 0.18501388888888895
17 0.49032421875 0.5172777777777777 0.06924218750000008 0.17927777777777784
7 0.7831835937499999 0.39689583333333334 0.11894531249999991 0.28898611111111105
19 0.33621093750000003 0.3498055555555556 0.09617187500000002 0.1375833333333333
19 0.5364960937500001 0.5437708333333333 0.07419531250000003 0.18281944444444445
19 0.42315625 0.29750000000000004 0.08993750000000005 0.13166666666666668
19 0.41633984375 0.17369444444444446 0.09505468750000001 0.1200277777777778
19 0.5036796874999999 0.18254861111111112 0.05982812499999994 0.08573611111111111
19 0.5716249999999999 0.2177708333333333 0.12440625000000001 0.1685972222222222
19 0.4916953125 0.233625 0.013843750000000021 0.026055555555555544
17 0.23021484375 0.1542222222222222 0.08372656249999999 0.11883333333333332
19 0.21245703124999998 0.05445833333333334 0.10430468749999999 0.10891666666666668
19 0.28518750000000004 0.0251875 0.049124999999999995 0.050375
19 0.43166406250000006 0.012909722222222222 0.027843750000000077 0.025180555555555553
19 0.58223046875 0.023930555555555556 0.046320312499999974 0.04786111111111111
19 0.6898242187499999 0.07288194444444443 0.10085156249999994 0.14176388888888888
19 0.40000390625 0.11749305555555556 0.05100781249999997 0.060458333333333336
18 0.11199218749999999 0.13903472222222224 0.10217187500000002 0.2780694444444445