19 0.523046875 0.9638888888888889 0.29921875 0.07222222222222222
19 0.4702578125 0.957701388888889 0.04864062499999999 0.08320833333333345
19 0.4270390624999999 0.9440069444444446 0.046578124999999915 0.06801388888888893
19 0.37499609375 0.9371875 0.10497656250000005 0.12562500000000007
17 0.1990234375 0.9001388888888889 0.06353124999999997 0.12941666666666676
19 0.6111640625 0.9150416666666665 0.06365625000000001 0.11294444444444436
19 0.69105078125 0.8691527777777778 0.11117968749999996 0.2
19 0.3209375 0.8444513888888889 0.043671874999999985 0.07529166666666672
8 0.44689453125 0.7318888888888889 0.2369140625 0.29347222222222213
17 0.58262890625 0.8285069444444444 0.09264843749999993 0.17673611111111112
10 0.703359375 0.687236111111111 0.071484375 0.2893333333333332
19 0.20564062500000002 0.6984236111111112 0.05293749999999999 0.11059722222222229
19 0.6911757812499999 0.5120902777777777 0.061585937499999945 0.12418055555555552
19 0.6479687500000001 0.4973680555555556 0.026671875000000077 0.0685972222222222
19 0.5441171875 0.5063680555555555 0.056062499999999994 0.08006944444444442
19 0.48529296874999994 0.47451388888888885 0.061585937499999945 0.14052777777777786
19 0.5225117187499999 0.42514583333333333 0.06800781249999996 0.11834722222222227
2 0.3253828125 0.36666666666666664 0.113078125 0.28105555555555556
18 0.32537890625 0.36549999999999994 0.11302343749999996 0.23427777777777783
17 0.244046875 0.40422222222222215 0.06614062499999998 0.10780555555555556
19 0.809859375 0.6464583333333334 0.041031249999999984 0.04388888888888892
19 0.24751953124999998 0.2962430555555556 0.05882031249999997 0.11437500000000003
19 0.5553671875 0.2723263888888889 0.089453125 0.12156944444444441
19 0.23889062499999997 0.27063194444444444 0.09814062500000001 0.1458472222222222
19 0.53862109375 0.16652777777777777 0.26411718749999996 0.19583333333333333
18 0.711953125 0.1129861111111111 0.21703125000000006 0.2259722222222222
2 0.49259375 0.29910416666666667 0.09440624999999994 0.24904166666666663
17 0.6440234375 0.31172916666666667 0.09000000000000004 0.13412500000000002
17 0.232421875 0.1528888888888889 0.05890624999999998 0.17505555555555558
2 0.23106640625 0.05653472222222222 0.06892968750000002 0.11273611111111109
19 0.34733203125 0.04093055555555555 0.060664062499999984 0.0818611111111111
19 0.43373437499999995 0.027854166666666666 0.06801562499999995 0.049180555555555554
19 0.5127773437500001 0.11609722222222223 0.09191406250000007 0.16683333333333333
10 0.56562109375 0.031125 0.09650781249999998 0.06225
18 0.8146601562500001 0.014784722222222222 0.023070312500000155 0.029569444444444443