19 0.584765625 0.9701388888888889 0.10703125 0.059722222222222225
19 0.57596875 0.6448750000000001 0.11681249999999999 0.13336111111111115
3 0.74462109375 0.8861111111111111 0.18528906250000005 0.22777777777777777
19 0.8337382812499999 0.955375 0.08789843750000008 0.08924999999999998
18 0.281953125 0.9122916666666667 0.07593750000000003 0.1754166666666666
10 0.24751171875 0.8554791666666666 0.09392968750000001 0.28904166666666675
19 0.41088281249999997 0.8400763888888889 0.07057812499999998 0.2064305555555557
19 0.47069921875 0.8535694444444445 0.06316406249999992 0.10483333333333336
18 0.5226484375 0.8337083333333333 0.1590781249999999 0.1745833333333334
7 0.6063124999999999 0.7450069444444444 0.12331249999999994 0.11251388888888887
10 0.34150390625 0.6174027777777777 0.07466406249999995 0.1401666666666666
7 0.46643359375000004 0.6726736111111111 0.08544531249999991 0.12434722222222226
19 0.55661328125 0.3144583333333333 0.08482031249999995 0.08469444444444443
19 0.64512890625 0.8107430555555554 0.04067968749999995 0.10120833333333318
19 0.21516015624999998 0.679236111111111 0.046320312499999995 0.08358333333333334
19 0.2724140625 0.4513888888888889 0.058984375 0.07674999999999998
16 0.42348437499999997 0.5182222222222223 0.15367187500000004 0.11977777777777779
16 0.79917578125 0.40331944444444445 0.23792968750000004 0.32222222222222224
18 0.56294921875 0.4025902777777778 0.08785156250000004 0.14454166666666662
8 0.40419921875 0.3805972222222222 0.1074296875 0.24341666666666664
16 0.35280468750000005 0.4255763888888888 0.09653124999999996 0.12490277777777786
18 0.47421875 0.3801041666666667 0.10387500000000002 0.2939027777777778
16 0.5726171874999999 0.2121597222222222 0.10023437499999996 0.20845833333333338
3 0.63223046875 0.24011805555555554 0.029257812500000036 0.11090277777777781
19 0.66358984375 0.44397222222222216 0.029054687500000044 0.04624999999999994
17 0.379546875 0.1342986111111111 0.057937499999999975 0.17229166666666668
18 0.498578125 0.19422916666666667 0.09375 0.14231944444444442
17 0.63025 0.1492777777777778 0.06425 0.11236111111111112
16 0.82669921875 0.08747222222222223 0.0990234375 0.1647777777777778
2 0.616015625 0.05752083333333334 0.08640624999999993 0.08615277777777779
18 0.451703125 0.11022222222222222 0.10534374999999999 0.22044444444444444
19 0.42589453125 0.1689513888888889 0.07057031249999998 0.15543055555555554