2 0.6221640625 0.9401041666666666 0.06292187499999997 0.11979166666666667
19 0.57421875 0.9305555555555556 0.06484375 0.1388888888888889
19 0.47951953124999996 0.9512222222222222 0.059585937499999984 0.09755555555555556
18 0.333203125 0.9715277777777778 0.08828125 0.05694444444444444
6 0.4023359375 0.9351944444444443 0.07940625000000004 0.129611111111111
2 0.31687499999999996 0.8956736111111111 0.11584374999999998 0.2019305555555554
17 0.71531640625 0.8663125 0.08492968750000003 0.14118055555555567
2 0.76046875 0.8168958333333333 0.14118750000000002 0.22379166666666675
19 0.6448125 0.8107083333333334 0.05129687500000006 0.06933333333333344
19 0.39846875 0.7314444444444445 0.28570312500000006 0.3805277777777778
2 0.22885546875 0.6653263888888888 0.2123984375 0.3519583333333334
0 0.53396875 0.7509305555555555 0.03960937500000004 0.14650000000000002
2 0.48842187499999995 0.5758472222222223 0.096484375 0.14816666666666675
19 0.5933984375000001 0.6151458333333334 0.08234375000000008 0.18087500000000004
10 0.355953125 0.5096944444444444 0.14953125000000003 0.24763888888888883
17 0.71465625 0.38968055555555553 0.08335937500000004 0.16288888888888886
19 0.6855273437499999 0.4994236111111111 0.033085937499999926 0.051763888888888866
19 0.52802734375 0.4982430555555556 0.059554687500000016 0.1623472222222222
19 0.45787890625000005 0.48059027777777785 0.059554687500000016 0.07529166666666672
19 0.409578125 0.32413888888888887 0.214453125 0.35061111111111115
14 0.490359375 0.3879027777777777 0.08712499999999998 0.1309722222222222
14 0.5000234375 0.2631666666666667 0.13776562499999995 0.21172222222222226
19 0.36152734375 0.19070833333333334 0.10588281249999998 0.24000000000000002
19 0.8002734375000001 0.12247916666666667 0.09396875000000007 0.1694027777777778
19 0.6745390625 0.06300694444444443 0.07720312499999996 0.12373611111111112
19 0.5328125 0.11190277777777777 0.05843749999999996 0.2175833333333333
19 0.44617578125 0.08261805555555556 0.06408593749999998 0.15901388888888887
19 0.47437500000000005 0.7542847222222223 0.051875000000000074 0.12548611111111108
17 0.5752773437500001 0.4545902777777778 0.08161718750000002 0.1484027777777778
8 0.38034765625 0.09434722222222224 0.1335703125 0.18869444444444447
19 0.21757421875 0.4602361111111111 0.023757812499999975 0.024222222222222298