19 0.46104687499999997 0.9596597222222221 0.10274999999999998 0.08068055555555544
19 0.6167148437500001 0.9749791666666667 0.05188281250000006 0.05004166666666663
19 0.23549609375 0.8990069444444445 0.05686718749999997 0.08351388888888904
19 0.30596484375 0.8204652777777778 0.027195312499999957 0.08570833333333339
19 0.5481562500000001 0.9324513888888889 0.12375000000000007 0.1350972222222222
19 0.6258671875 0.7393263888888888 0.09021875000000001 0.2886805555555555
18 0.322015625 0.7184027777777777 0.08170312500000003 0.14888888888888896
7 0.50444140625 0.7851388888888888 0.17319531250000003 0.29977777777777775
8 0.2541875 0.6816458333333334 0.055031250000000045 0.14768055555555562
17 0.40589062499999995 0.6790624999999999 0.08557812499999998 0.15040277777777772
17 0.38567578125 0.5637361111111111 0.07877343750000003 0.1313055555555555
19 0.61591796875 0.5951597222222222 0.1900390625 0.44301388888888893
19 0.49068359375000004 0.5979930555555555 0.08603906250000008 0.20340277777777785
19 0.3485859375 0.47954166666666664 0.09509375000000002 0.10022222222222218
19 0.45737890624999994 0.40918750000000004 0.05453906249999996 0.2417083333333333
0 0.6246015625 0.48959027777777775 0.11829687500000005 0.2147083333333334
19 0.52901171875 0.4667916666666667 0.03857031249999991 0.09230555555555561
17 0.565796875 0.38109027777777776 0.10818750000000002 0.14234722222222224
16 0.20742578125 0.4013194444444445 0.12094531249999999 0.2643055555555555
19 0.41894140625 0.40225694444444443 0.07292968749999998 0.20679166666666665
19 0.22608203124999998 0.21224305555555556 0.10013281249999997 0.10329166666666667
13 0.397296875 0.22653472222222223 0.08406250000000001 0.17140277777777777
19 0.48939843749999995 0.22652777777777777 0.018546875000000008 0.03516666666666666
19 0.5524453125 0.17372916666666668 0.12734375 0.1584583333333333
10 0.22421875 0.11437499999999999 0.09890625000000001 0.22874999999999998
17 0.5876796875 0.06059027777777778 0.061812499999999916 0.11648611111111112
19 0.6507304687500001 0.027625 0.04697656250000008 0.05494444444444445
12 0.75148828125 0.06161805555555556 0.13722656249999998 0.12323611111111112
8 0.64764453125 0.15619444444444444 0.04574218749999996 0.11427777777777778
19 0.46529296875000004 0.0968611111111111 0.08900781250000005 0.1846111111111111
19 0.3997695312499999 0.08806944444444444 0.022257812499999963 0.07472222222222223
19 0.26194140625 0.057284722222222216 0.08533593750000001 0.109875
12 0.33548437499999995 0.03853472222222222 0.05687499999999997 0.07706944444444444
19 0.40718750000000004 0.015548611111111112 0.08653124999999999 0.026402777777777785
19 0.28405468749999996 0.021722222222222223 0.043265624999999995 0.043444444444444445
17 0.588671875 0.2619444444444445 0.10859375 0.20888888888888885