19 0.4884375 0.9665277777777778 0.15640625000000002 0.0669444444444445
17 0.6139453125000001 0.9639097222222222 0.07142187500000005 0.0721805555555556
12 0.2661640625 0.9245416666666668 0.11420312500000004 0.13811111111111118
8 0.795515625 0.956388888888889 0.055375000000000084 0.08722222222222216
19 0.34398046875 0.9638194444444443 0.11144531249999998 0.07236111111111099
19 0.19445703125 0.8723611111111111 0.11274218750000001 0.1936944444444445
19 0.42923046875 0.7701180555555556 0.1941328125 0.2996805555555555
19 0.45685546875 0.9076388888888889 0.08005468750000003 0.09436111111111119
19 0.5567031250000001 0.8743055555555556 0.05390625 0.17808333333333337
2 0.6339648437500001 0.8307638888888889 0.08492968750000003 0.15452777777777776
6 0.68741015625 0.7068888888888889 0.08294531250000006 0.13847222222222227
19 0.586046875 0.6808611111111111 0.18246874999999996 0.23705555555555563
17 0.18987109375000003 0.67225 0.08425781250000001 0.16208333333333333
8 0.6226757812500001 0.6186875 0.1809453125000001 0.1380694444444444
12 0.5043984375 0.5563888888888889 0.10281249999999993 0.17152777777777778
14 0.25012109374999997 0.5591597222222222 0.05949218749999998 0.08412500000000007
19 0.37657421874999997 0.41071527777777783 0.0730390625 0.13812500000000003
18 0.175 0.4245555555555556 0.14146875000000003 0.22261111111111107
19 0.7683515625 0.5078958333333333 0.08840624999999998 0.13573611111111114
19 0.696140625 0.4642013888888889 0.09184374999999996 0.12165277777777782
17 0.6267070312499999 0.45443055555555556 0.06488281249999997 0.1366388888888889
19 0.57421484375 0.39055555555555554 0.11957031249999997 0.16386111111111112
12 0.47583203125000006 0.3618333333333333 0.11557031250000005 0.2148055555555555
19 0.8070078125 0.3579444444444444 0.06370312499999997 0.11144444444444446
19 0.49262500000000004 0.4492777777777778 0.04604687500000004 0.06683333333333334
17 0.684171875 0.3751875 0.07182812500000005 0.13126388888888887
17 0.7453398437500001 0.24197222222222223 0.08491406250000004 0.13163888888888892
19 0.43059375 0.2428402777777778 0.05064062499999995 0.09587499999999996
19 0.38626562499999995 0.23530555555555555 0.052281250000000015 0.07716666666666668
17 0.67412109375 0.25419444444444445 0.046117187499999976 0.07341666666666669
19 0.5764296875 0.2873055555555556 0.06798437499999999 0.10786111111111106
8 0.6770039062500001 0.09452777777777778 0.10813281250000006 0.1819722222222222
19 0.60206640625 0.1488888888888889 0.2613203125 0.2977777777777778
3 0.8497265624999999 0.12569444444444444 0.14585937499999996 0.2513888888888889
19 0.24355859375 0.31432638888888886 0.1827265625 0.4571805555555555
19 0.28019140625 0.09785416666666666 0.07522656249999997 0.08654166666666667
19 0.44690624999999995 0.12222222222222222 0.18564062499999995 0.24444444444444444