3 0.361328125 0.8659722222222223 0.09375 0.26805555555555555
19 0.4261953125 0.9637013888888889 0.03479687499999997 0.0725972222222222
10 0.25625 0.91875 0.1296875 0.1625
17 0.49755078125 0.9405833333333333 0.10630468749999995 0.11861111111111124
19 0.473421875 0.7606388888888889 0.17882812500000003 0.3476111111111111
19 0.6100703125 0.8461180555555554 0.13403124999999996 0.30676388888888884
2 0.20628515625000002 0.9461597222222222 0.13772656249999998 0.10768055555555552
6 0.7607539062500001 0.7393194444444445 0.08775781250000003 0.08405555555555554
19 0.615328125 0.6416458333333334 0.06918749999999996 0.11868055555555562
19 0.24523828124999997 0.5098263888888889 0.05686718749999997 0.08351388888888889
19 0.31323046874999994 0.4498263888888889 0.027195312499999957 0.08570833333333339
19 0.55078125 0.5463125000000001 0.12375000000000007 0.1362638888888889
19 0.62215625 0.3619236111111111 0.09021875000000001 0.2886805555555556
18 0.32750781250000005 0.3416944444444444 0.08170312500000003 0.1488888888888889
7 0.51418359375 0.41054166666666664 0.17319531250000003 0.2997777777777778
8 0.25735156249999996 0.2949166666666666 0.055031250000000045 0.1476944444444445
17 0.41453125 0.298875 0.07565624999999998 0.15033333333333335
17 0.38938671875 0.179125 0.07877343750000003 0.1313055555555556
19 0.62463671875 0.21582638888888886 0.19619531250000008 0.4166527777777778
19 0.49686718750000003 0.1606111111111111 0.08604687500000008 0.2473888888888889
19 0.3485859375 0.08393055555555555 0.09509375000000002 0.10022222222222221
19 0.46726953125000004 0.06414583333333333 0.04464843750000007 0.11868055555555554
0 0.6073867187499999 0.09447916666666664 0.16763281249999995 0.1793472222222222
19 0.5339570312499999 0.09316666666666666 0.03857031249999991 0.09230555555555557
17 0.5837265625000001 0.02613888888888889 0.09954687500000006 0.05227777777777778
16 0.2035703125 0.056409722222222215 0.11629687500000001 0.10634722222222222
19 0.4183125 0.06930555555555555 0.05934375000000003 0.1386111111111111