14 0.46109375 0.9571458333333334 0.09117187500000004 0.08570833333333339
17 0.28027734375 0.9581180555555556 0.06886718749999998 0.08376388888888882
19 0.7794101562500001 0.9477777777777777 0.11321093750000007 0.1044444444444445
10 0.6342382812499999 0.8283472222222221 0.13364843749999994 0.24177777777777776
19 0.6806523437499999 0.9022013888888888 0.07294531249999991 0.19559722222222212
19 0.516125 0.7449583333333334 0.10943749999999994 0.276
19 0.38423046874999994 0.8876597222222222 0.14180468749999994 0.19304166666666667
2 0.39741015625 0.6675208333333333 0.13880468749999997 0.23543055555555553
14 0.28668359374999997 0.6918333333333333 0.08367968750000002 0.1647222222222222
16 0.7825585937499999 0.5519791666666667 0.2329921875 0.3943472222222221
16 0.62216015625 0.6214722222222222 0.12536718750000003 0.2804444444444444
16 0.52551953125 0.6058472222222221 0.12053906249999997 0.2843888888888888
16 0.32598828125 0.4552986111111111 0.060507812500000036 0.1350972222222222
3 0.26525390625 0.4666527777777777 0.08003906250000004 0.1991944444444444
10 0.38434765625 0.4495486111111111 0.09957031250000004 0.2593194444444445
17 0.47432421874999997 0.4162638888888889 0.09052343749999991 0.13588888888888892
19 0.44103125 0.5097499999999999 0.06824999999999992 0.16636111111111107
19 0.48768359375000003 0.49122222222222217 0.05347656250000003 0.07005555555555563
19 0.5996406249999999 0.41088888888888886 0.07135937499999993 0.12938888888888883
17 0.7375937499999999 0.31503472222222223 0.1165156249999999 0.10806944444444448
14 0.6560312500000001 0.2631597222222222 0.05876562500000002 0.1224861111111111
12 0.56120703125 0.29230555555555554 0.09639843750000007 0.19988888888888884
2 0.49717578125 0.23538888888888893 0.12799218749999994 0.22272222222222224
18 0.432546875 0.23772222222222222 0.07035937499999996 0.08183333333333336
14 0.40507421875 0.3218611111111111 0.0513671875 0.07255555555555557
19 0.3090078125 0.27186805555555554 0.042390624999999994 0.06040277777777779
18 0.26228124999999997 0.21579166666666666 0.04221874999999997 0.06847222222222224
0 0.3575390625 0.16061111111111112 0.08445312500000002 0.1852777777777778
3 0.41933984375 0.15034722222222222 0.042210937499999976 0.11108333333333335
18 0.69880859375 0.08055555555555556 0.05910156250000007 0.11858333333333333
3 0.62112890625 0.10306944444444445 0.11989843750000002 0.20263888888888892
3 0.4797109375 0.06616666666666667 0.16801562499999995 0.13233333333333333
19 0.2332421875 0.08618055555555557 0.09601562499999998 0.16208333333333333