12 0.5479296875 0.9904166666666667 0.042578125 0.019166666666666603
18 0.4631796875 0.9796527777777778 0.09543750000000006 0.04069444444444438
10 0.3231640625 0.9311111111111111 0.049093750000000026 0.13777777777777783
12 0.3797890625 0.7889722222222222 0.10953125000000004 0.17027777777777772
19 0.45518359375 0.8641250000000001 0.04119531250000001 0.17875000000000008
17 0.3914765625 0.9135486111111111 0.09148437499999998 0.09487499999999992
17 0.6752226562500001 0.6767638888888888 0.06671093750000008 0.1050277777777777
19 0.6504140625 0.6755902777777778 0.15059375 0.13556944444444446
19 0.44554296875 0.6379097222222222 0.07147656250000001 0.15529166666666658
4 0.48158984375 0.5994027777777777 0.10955468750000001 0.20608333333333334
12 0.23402343750000001 0.5791944444444445 0.06834375000000001 0.10874999999999993
10 0.40466015625 0.3571736111111111 0.10661718750000002 0.25370833333333326
19 0.20037500000000003 0.4002152777777778 0.060968749999999995 0.15931944444444446
2 0.5012109375 0.4608541666666667 0.08004687500000003 0.11181944444444443
19 0.49907031250000006 0.8687916666666667 0.04523437500000007 0.16863888888888898
19 0.4962109375 0.1978472222222222 0.10210937500000003 0.2345833333333333
0 0.47533203125000006 0.35966666666666663 0.05422656250000006 0.0926666666666667
18 0.5384374999999999 0.3274930555555555 0.07014062499999998 0.13881944444444444
19 0.6321875 0.3141597222222222 0.07676562499999999 0.18823611111111108
10 0.7015312499999999 0.2506388888888889 0.09926562499999995 0.09355555555555557
19 0.772078125 0.1955972222222222 0.08868749999999999 0.17930555555555558
18 0.8381640625 0.2109375 0.02632812499999986 0.0492361111111111
17 0.5969414062499999 0.18147222222222223 0.06528906249999995 0.14400000000000002
18 0.38919921874999996 0.20352777777777778 0.04761718749999999 0.040111111111111104
8 0.30898046875 0.10224305555555555 0.09132031249999999 0.1882361111111111
3 0.3983203125 0.108125 0.09000000000000004 0.14352777777777775
13 0.49559765625 0.05870833333333335 0.1654453125 0.11058333333333334
19 0.69412890625 0.13283333333333336 0.12044531250000005 0.20705555555555552
18 0.5975117187500001 0.07754166666666666 0.07278906250000006 0.14352777777777778
7 0.6524375 0.054006944444444455 0.07676562499999999 0.10587499999999998
10 0.2601640625 0.030555555555555555 0.03860937499999997 0.06111111111111111
18 0.3903125 0.01898611111111111 0.04742187500000004 0.03725