4 0.520234375 0.9469444444444444 0.06359375000000007 0.09722222222222222
0 0.22873437500000002 0.9589791666666666 0.08726562500000001 0.08204166666666658
3 0.32498828125 0.8781597222222222 0.09846093749999998 0.22854166666666662
17 0.758796875 0.7454930555555556 0.06829687500000006 0.14965277777777777
17 0.632796875 0.7445486111111111 0.07146875000000001 0.11293055555555548
16 0.474421875 0.6351041666666666 0.09393750000000001 0.18220833333333342
7 0.812265625 0.6240763888888888 0.08099999999999996 0.1185972222222222
19 0.28576562499999997 0.5276111111111111 0.09053125 0.23999999999999994
12 0.452171875 0.4433611111111111 0.10554687499999997 0.14763888888888882
12 0.22136328125 0.3158958333333333 0.08074218750000002 0.1482361111111111
12 0.6112968750000001 0.21253472222222222 0.21056249999999999 0.34034722222222225
18 0.393015625 0.4566666666666666 0.041359375000000045 0.07352777777777786
18 0.39142968749999996 0.3560069444444444 0.049015624999999965 0.09804166666666671
18 0.3416953125 0.44859722222222226 0.041359375000000045 0.05174999999999999
0 0.32232421875 0.36853472222222217 0.05821093749999999 0.09668055555555558
11 0.34639843750000004 0.32135416666666666 0.03600000000000003 0.1034861111111111
19 0.46784374999999995 0.33311805555555557 0.09834375000000009 0.07595833333333334
12 0.4816953125 0.2231388888888889 0.11042187499999993 0.14572222222222225
18 0.3980546875 0.20590277777777777 0.06512499999999996 0.12708333333333333
18 0.78709375 0.10990972222222221 0.046218749999999975 0.08187499999999999
14 0.7164140625 0.05061805555555557 0.08592187500000001 0.09881944444444445
0 0.27099609375 0.10850000000000001 0.05875781250000003 0.10730555555555554
8 0.3860625 0.07885416666666667 0.09862499999999996 0.14965277777777777
10 0.31538671875 0.07179166666666667 0.05892968750000005 0.13552777777777775
19 0.62300390625 0.5671319444444444 0.11911718750000003 0.2465694444444444
3 0.6968515625 0.5440833333333334 0.1032343749999999 0.20047222222222227
19 0.12076171875 0.2946736111111111 0.1258203125 0.5893472222222222