2 0.4783046875 0.966611111111111 0.30842187499999996 0.06677777777777767
19 0.26379296874999997 0.941611111111111 0.11830468750000005 0.11677777777777767
7 0.20980078125 0.7868541666666666 0.1690703125 0.38681944444444444
19 0.451171875 0.8775972222222223 0.07290624999999995 0.11455555555555558
14 0.55134375 0.7250347222222222 0.12864062500000006 0.2579305555555556
10 0.6307148437500001 0.7807986111111112 0.1108515624999999 0.2180972222222222
16 0.3663984375 0.6748263888888889 0.10289062500000004 0.16998611111111117
19 0.5679921875 0.5469722222222222 0.040078124999999964 0.3001388888888889
19 0.32243750000000004 0.6735555555555556 0.06726562500000002 0.2422222222222222
19 0.34430468750000004 0.47206944444444443 0.09820312500000003 0.15275000000000002
16 0.5927187500000001 0.4371180555555555 0.11048437500000005 0.13998611111111106
17 0.47823046874999997 0.404375 0.08932031249999994 0.1382222222222222
19 0.68321875 0.42245138888888883 0.095703125 0.17706944444444445
2 0.75536328125 0.2926666666666667 0.20911718750000005 0.3057777777777778
13 0.26058203124999996 0.6114236111111111 0.07503906249999996 0.11170833333333342
19 0.63221875 0.3194027777777778 0.06556250000000005 0.08111111111111112
19 0.45150390625 0.2348125 0.13425781249999996 0.24712499999999998
0 0.5460546875000001 0.2751944444444444 0.09837500000000006 0.23447222222222217
17 0.60916015625 0.20284722222222223 0.06460156250000004 0.12097222222222223
14 0.23290625 0.23795833333333336 0.17878125000000003 0.3464722222222222
14 0.217015625 0.04649305555555556 0.09807812499999999 0.09298611111111112
19 0.803921875 0.09860416666666667 0.20637499999999998 0.19720833333333335
19 0.43080859374999997 0.07030555555555555 0.11235156249999996 0.1406111111111111
19 0.53128515625 0.08809027777777777 0.10180468749999996 0.17618055555555553
19 0.6534531250000001 0.10997222222222224 0.05814062500000006 0.1692777777777778
19 0.64300390625 0.020902777777777777 0.13549218750000006 0.041805555555555554