12 0.5023203125 0.9769444444444444 0.05745312499999997 0.04611111111111117
10 0.22648828124999998 0.9442361111111112 0.07592968750000002 0.11152777777777771
18 0.27221484375 0.9818749999999999 0.027445312499999996 0.03624999999999987
12 0.355078125 0.925 0.1046875 0.15
19 0.4306875 0.8117916666666667 0.16179687499999998 0.2791944444444444
19 0.3250625 0.8143541666666667 0.12220312499999997 0.31081944444444437
19 0.57421484375 0.8993888888888888 0.1414140625 0.20122222222222239
19 0.36350781249999997 0.6265555555555555 0.08437499999999995 0.07958333333333327
19 0.34958984375 0.5252083333333333 0.1404296875 0.16102777777777785
12 0.23545703125 0.5077083333333333 0.13086718749999998 0.18694444444444447
12 0.46884375 0.4685625 0.09887499999999996 0.16984722222222218
14 0.52891796875 0.5119305555555556 0.04216406250000002 0.059916666666666646
19 0.24953906250000002 0.4089305555555556 0.057906250000000006 0.14538888888888885
19 0.3620703125 0.42338194444444444 0.04632812499999996 0.07731944444444439
17 0.6356953125 0.40387500000000004 0.08940625000000005 0.15161111111111106
17 0.6552421875000001 0.5296180555555555 0.08145312499999999 0.1060972222222222
14 0.7620781249999999 0.5796111111111111 0.020781249999999928 0.05555555555555555
19 0.18197265624999998 0.9137847222222222 0.02925781249999999 0.14251388888888875
19 0.2566875 0.8827986111111111 0.05910937499999998 0.09045833333333349
18 0.5953125 0.32490277777777776 0.08329687499999991 0.09680555555555558
19 0.23215624999999998 0.2759236111111111 0.11865624999999999 0.20231944444444447
19 0.24274609375000003 0.16070138888888888 0.10372656249999998 0.14665277777777777
12 0.3986484375 0.16502083333333334 0.09693750000000004 0.19023611111111116
19 0.5105039062500001 0.26913194444444444 0.1042890625 0.17131944444444447
19 0.4731953125 0.33469444444444446 0.12068750000000002 0.11558333333333337
19 0.61659375 0.12305555555555557 0.1930781249999999 0.2436111111111111
18 0.49933984374999996 0.05688194444444444 0.09011718749999993 0.11376388888888889
12 0.43614453124999997 0.004527777777777777 0.033164062500000036 0.009055555555555555
18 0.11199218749999999 0.13903472222222224 0.10217187500000002 0.2780694444444445