7 0.716625 0.9841527777777777 0.041031249999999984 0.03169444444444436
14 0.22288671875000002 0.9594722222222222 0.07174218750000001 0.08105555555555542
19 0.2703046875 0.9655624999999999 0.037046874999999965 0.06887499999999988
18 0.4375234375 0.8803958333333333 0.11421875000000004 0.23920833333333336
16 0.5215195312500001 0.9322847222222223 0.09196093750000003 0.13543055555555555
2 0.6729921875 0.9068402777777779 0.14995312500000005 0.18284722222222236
19 0.6482109375 0.89325 0.10014062500000005 0.13127777777777774
17 0.825 0.8964930555555556 0.07887500000000003 0.18334722222222222
14 0.36121875000000003 0.8997222222222223 0.07593750000000003 0.1294444444444445
19 0.2991875 0.8261180555555555 0.07562499999999997 0.20601388888888877
5 0.5590546875 0.7374166666666667 0.09421874999999993 0.16861111111111116
19 0.49664453125 0.7859375 0.025789062499999994 0.06329166666666658
12 0.4118046875 0.7361041666666667 0.11121874999999996 0.19229166666666672
19 0.36435546875 0.779236111111111 0.07175781249999998 0.13122222222222224
19 0.47936328124999994 0.6801319444444445 0.08189843749999995 0.10059722222222231
12 0.5617265625 0.5455972222222222 0.12690625000000005 0.22152777777777777
19 0.6728671875000001 0.6333333333333333 0.023171875000000064 0.06741666666666661
7 0.385703125 0.5049513888888889 0.2166875 0.31620833333333326
19 0.7560039062499999 0.44986805555555553 0.0763671875 0.15423611111111105
17 0.8595507812500001 0.4456041666666667 0.07077343750000012 0.17873611111111118
10 0.5930000000000001 0.2951388888888889 0.07179687500000007 0.3625
19 0.38190625 0.39610416666666665 0.12824999999999998 0.28745833333333337
19 0.48378124999999994 0.39256944444444447 0.06903124999999992 0.0941111111111111
16 0.81134765625 0.34089583333333334 0.09505468750000005 0.15631944444444443
19 0.27811718750000003 0.36653472222222216 0.07078125000000002 0.1153472222222222
19 0.26568749999999997 0.25752083333333337 0.058109375 0.11384722222222227
8 0.4551953125 0.2102152777777778 0.22523437499999996 0.2909861111111111
19 0.6568632812499999 0.27984027777777776 0.06411718749999995 0.07040277777777777
19 0.46641015625 0.04096527777777778 0.13313281250000003 0.08193055555555556