2 0.41408203125 0.9603402777777776 0.14253906250000004 0.0793194444444443
10 0.30541406249999997 0.9200624999999999 0.15570312499999997 0.15987499999999985
2 0.413765625 0.9283819444444443 0.11379687500000002 0.14323611111111126
10 0.55304296875 0.9520000000000001 0.1721640624999999 0.09599999999999985
17 0.24566015624999998 0.8533263888888889 0.07663281250000002 0.18845833333333342
19 0.19366796874999997 0.8692777777777778 0.0636796875 0.15605555555555542
8 0.73497265625 0.8978194444444445 0.12242968750000002 0.20308333333333337
19 0.37843359374999996 0.8115555555555555 0.0800859375 0.0886388888888888
3 0.56233984375 0.7957916666666667 0.07525781249999994 0.16205555555555565
19 0.7684062500000001 0.7725277777777778 0.10250000000000004 0.15652777777777785
10 0.6295625 0.6676736111111111 0.09260937499999997 0.22509722222222214
10 0.23812109374999996 0.5435694444444444 0.10717968750000002 0.31536111111111104
19 0.2545859375 0.7225763888888889 0.04985937500000004 0.086125
19 0.49967578125 0.5512222222222222 0.16810156250000005 0.32588888888888895
19 0.5175195312499999 0.30917361111111114 0.08614843749999998 0.15743055555555557
2 0.4067265625 0.2791527777777778 0.13585937500000003 0.21144444444444446
2 0.7655078124999999 0.25193750000000004 0.07812499999999992 0.1087638888888889
19 0.5623515625 0.13950694444444445 0.11139062499999994 0.2790138888888889
16 0.44300781250000004 0.12360416666666667 0.15460937500000002 0.24331944444444445
18 0.64026953125 0.03238194444444445 0.08289843749999992 0.0647638888888889
19 0.2049375 0.036381944444444446 0.039312500000000014 0.06212500000000001