19 0.27521484375 0.9532916666666666 0.047757812499999996 0.09341666666666665
19 0.32562890625 0.9203194444444445 0.01766406250000001 0.15936111111111112
19 0.400359375 0.9500277777777778 0.08756249999999999 0.09994444444444449
19 0.61112109375 0.8603888888888889 0.07538281250000001 0.2502777777777778
19 0.430546875 0.8782986111111111 0.055625000000000036 0.09706944444444458
19 0.29670703125000003 0.8145069444444445 0.08191406250000002 0.10623611111111113
19 0.43263671875 0.7679791666666668 0.07066406250000004 0.11429166666666661
19 0.5206914062499999 0.6840625 0.04207031249999993 0.09309722222222218
19 0.35885937500000004 0.6728472222222222 0.15796875000000005 0.17047222222222216
19 0.57321484375 0.6318402777777778 0.07610156250000007 0.1619305555555556
19 0.44113281249999997 0.5669097222222221 0.13993750000000005 0.18651388888888884
19 0.33905468749999995 0.5965208333333334 0.03782812499999997 0.057513888888888844
17 0.451546875 0.6863333333333332 0.060203124999999955 0.0762777777777778
19 0.59002734375 0.5334513888888889 0.02217968750000008 0.03306944444444437
19 0.32425000000000004 0.4313194444444445 0.04381250000000003 0.07813888888888888
19 0.454765625 0.4345347222222222 0.04895312500000006 0.09001388888888881
7 0.37312500000000004 0.318375 0.16921874999999997 0.30397222222222225
18 0.60234375 0.3222569444444444 0.21062499999999992 0.2927083333333333
10 0.5049375 0.44125 0.053312500000000006 0.1345833333333333
19 0.5948671875 0.42933333333333334 0.04120312500000001 0.04577777777777783
19 0.75964453125 0.3058680555555556 0.1087890625 0.184625
19 0.3004296875 0.23022916666666665 0.04914062499999998 0.15212499999999998
2 0.42507812500000003 0.12208333333333334 0.09296875 0.24416666666666667
19 0.33857421875 0.06860416666666667 0.056367187499999985 0.13720833333333335
19 0.78659375 0.02248611111111111 0.056375000000000064 0.044833333333333336
19 0.49204687500000005 0.13325 0.04020312500000003 0.08702777777777777
10 0.5016875000000001 0.08709722222222223 0.059484375000000075 0.16877777777777778
12 0.58401953125 0.05409722222222223 0.10844531249999996 0.10819444444444445
19 0.3416015625 0.016104166666666666 0.09529687500000002 0.03220833333333333