17 0.54976953125 0.9486180555555556 0.0929765625 0.10140277777777776
17 0.41546093749999996 0.90975 0.07528124999999997 0.18050000000000005
14 0.287734375 0.8567847222222222 0.16140625000000003 0.2563472222222221
19 0.26771093749999997 0.9739444444444445 0.023968749999999962 0.04047222222222236
16 0.16955078124999998 0.7512430555555555 0.14649218749999998 0.2880416666666666
2 0.636328125 0.8854166666666666 0.19296875 0.22916666666666666
16 0.46905859375 0.8234166666666667 0.06341406250000006 0.08147222222222233
19 0.3726484375 0.7601527777777779 0.10149999999999997 0.2575277777777778
19 0.4552734375 0.7060902777777778 0.11704687499999995 0.20898611111111115
15 0.291875 0.6951597222222222 0.11185937500000005 0.21926388888888898
18 0.5801640625 0.7282916666666667 0.12818749999999995 0.2844722222222221
18 0.78052734375 0.5848958333333333 0.10535156250000002 0.26437499999999997
19 0.636859375 0.4427291666666667 0.12659374999999998 0.4195416666666666
19 0.72009375 0.5604166666666667 0.07854687499999997 0.11408333333333331
18 0.5489726562499999 0.46262500000000006 0.08544531249999991 0.10830555555555559
19 0.33485546875 0.43874305555555554 0.05235156249999999 0.12498611111111112
14 0.49555468750000004 0.37844444444444447 0.12865625000000006 0.23983333333333337
19 0.44799218749999997 0.5544791666666667 0.255828125 0.16034722222222228
19 0.38378515625 0.4429861111111111 0.048835937499999996 0.08597222222222219
1 0.5652421875 0.36302083333333335 0.026171875 0.10618055555555558
14 0.35602343750000004 0.23641666666666666 0.05779687500000001 0.09755555555555556
16 0.4729375 0.13166666666666665 0.13162500000000002 0.20083333333333334
19 0.4208359375 0.30814583333333334 0.07332812499999997 0.1990694444444445
19 0.6729375 0.14238194444444444 0.04396874999999998 0.09281944444444443
16 0.6181171875 0.08559722222222221 0.07504687499999996 0.14175000000000001
14 0.56944921875 0.10436111111111111 0.042210937499999976 0.09380555555555554
7 0.392671875 0.052180555555555556 0.15185937499999996 0.10436111111111111
10 0.3774296875 0.12364583333333334 0.08618749999999994 0.15740277777777775
19 0.29944531249999995 0.03863194444444445 0.03459374999999998 0.0772638888888889
14 0.54189453125 0.007423611111111111 0.036351562499999976 0.014597222222222222
19 0.6527070312500001 0.0308125 0.062148437499999966 0.061625