19 0.4890625 0.9722222222222222 0.21484375 0.05555555555555555
18 0.175 0.9236111111111112 0.16171875 0.1527777777777778
18 0.34393749999999995 0.956625 0.08118749999999997 0.08675000000000005
17 0.26500781250000005 0.9723888888888889 0.07342187500000001 0.05522222222222221
17 0.20971875 0.8094652777777779 0.0725625 0.182513888888889
15 0.27882812500000004 0.7363472222222222 0.07281250000000003 0.1726944444444444
17 0.48636328124999995 0.8837152777777779 0.09044531249999999 0.16826388888888902
17 0.40333984375 0.8628611111111111 0.08438281249999999 0.19458333333333322
17 0.61523828125 0.8930347222222221 0.09596093749999994 0.15881944444444432
17 0.5127734375 0.7454166666666666 0.08714062499999997 0.10083333333333329
19 0.26183984374999997 0.6952986111111111 0.1422265625 0.2704861111111111
19 0.35472656249999995 0.7955694444444443 0.03862500000000004 0.15105555555555555
19 0.59083984375 0.7768194444444445 0.11247656250000002 0.19833333333333328
19 0.794734375 0.8244791666666667 0.09649999999999999 0.13018055555555558
19 0.84908203125 0.6897222222222222 0.018148437500000014 0.3612222222222221
19 0.7986875 0.7066319444444444 0.05971874999999995 0.13234722222222217
10 0.50251953125 0.6463541666666667 0.13235156250000008 0.13726388888888888
19 0.5995859375 0.6279375 0.21853125 0.2136805555555555
19 0.6445000000000001 0.5706875 0.18653124999999998 0.369013888888889
19 0.40203515625 0.6532430555555556 0.1283828125 0.21979166666666675
17 0.4677109375 0.5087916666666668 0.06970312500000002 0.10894444444444452
10 0.61623046875 0.37478472222222226 0.11194531249999998 0.2831527777777778
19 0.19424609375 0.5507152777777778 0.049789062499999995 0.09804166666666671
19 0.27583203125 0.5191944444444444 0.09803906250000001 0.14977777777777782
19 0.35633203125 0.5484652777777778 0.028335937499999984 0.05470833333333332
19 0.408328125 0.4352569444444444 0.025249999999999995 0.05309722222222225
19 0.53199609375 0.46393750000000006 0.028335937499999984 0.11437500000000003
19 0.145390625 0.2569444444444444 0.07749999999999999 0.5080555555555555
19 0.162390625 0.22238888888888889 0.17062499999999997 0.2283888888888889
19 0.27728125000000003 0.2617083333333333 0.09012500000000001 0.25047222222222226
19 0.475890625 0.23504861111111114 0.028999999999999915 0.059347222222222246
19 0.58308984375 0.2444722222222222 0.11647656249999994 0.33672222222222226
19 0.5572734375 0.2750694444444445 0.13103125000000002 0.16258333333333339
14 0.7021445312500001 0.21346527777777777 0.1086796875000001 0.2622361111111111
2 0.3488203125 0.2574444444444445 0.21176562499999996 0.4520555555555556
0 0.41751171875 0.15071527777777777 0.1283828125 0.225875
17 0.2408203125 0.08130555555555556 0.07940624999999998 0.12000000000000001
19 0.5097070312499999 0.09988194444444447 0.13341406249999999 0.186625
19 0.47158984375 0.059895833333333336 0.09847656249999996 0.11979166666666667