3 0.6000703125 0.8744583333333332 0.10282812499999991 0.14808333333333318
2 0.25312890625 0.7689097222222222 0.27475781250000003 0.46218055555555554
15 0.39921875 0.9006944444444445 0.1171875 0.1986111111111111
19 0.48175 0.852625 0.04696874999999991 0.08136111111111101
17 0.4243984375 0.7226944444444445 0.05987500000000003 0.1426666666666667
18 0.30194140625 0.8270763888888889 0.09164843749999996 0.2172361111111112
3 0.3333046875 0.7019652777777777 0.08426562500000001 0.11984722222222217
19 0.34286328125 0.6131458333333334 0.09166406250000003 0.10673611111111114
19 0.433203125 0.48515277777777777 0.22453125000000002 0.2449722222222222
2 0.27473828125 0.6276458333333333 0.05442968749999997 0.1744305555555556
18 0.5830273437500001 0.4355833333333333 0.14347656250000007 0.2438333333333333
19 0.20315234374999996 0.512361111111111 0.07924218750000003 0.08236111111111105
19 0.26407812500000005 0.524798611111111 0.08268750000000002 0.07609722222222218
19 0.663125 0.39763888888888893 0.050796874999999984 0.07155555555555553
10 0.5826835937499999 0.20797222222222222 0.08619531249999994 0.27899999999999997
17 0.40099999999999997 0.3027152777777778 0.06437500000000003 0.08843055555555558
19 0.28721874999999997 0.3974722222222222 0.11500000000000003 0.23097222222222227
19 0.30744140625 0.30643055555555554 0.10972656250000004 0.23519444444444448
2 0.7140859374999999 0.2817430555555555 0.18010937499999996 0.25262499999999993
14 0.8273320312499999 0.3135138888888889 0.05477343750000001 0.12172222222222225
19 0.47973046874999997 0.22756944444444444 0.07055468749999996 0.11819444444444442
19 0.4067578125 0.1730763888888889 0.07710937500000004 0.1080972222222222
19 0.5373046875 0.23766666666666664 0.03792187499999997 0.09924999999999998
19 0.6998789062499999 0.33596527777777785 0.17486718749999994 0.22654166666666672
11 0.80342578125 0.07173611111111111 0.056882812499999956 0.14347222222222222
10 0.71521484375 0.12536111111111112 0.15666406249999998 0.1733888888888889
19 0.27064453125 0.10997222222222224 0.06644531249999996 0.16688888888888886
19 0.5449570312500001 0.14194444444444443 0.06278906249999991 0.1549722222222222
19 0.5961640625 0.03872916666666667 0.11032812500000003 0.07745833333333334
19 0.68303125 0.027354166666666666 0.09509375000000002 0.05470833333333333
2 0.43267187500000004 0.060458333333333336 0.07973437499999995 0.12091666666666667
19 0.5061875 0.025986111111111113 0.06729687500000008 0.049416666666666664
18 0.50326171875 0.06174305555555555 0.05266406250000007 0.03770833333333334
19 0.32987890625 0.08897916666666666 0.08016406250000001 0.1385694444444444