8 0.8020039062500001 0.8697708333333334 0.09130468749999991 0.2604583333333333
10 0.77109375 0.9263888888888889 0.1109375 0.14722222222222223
18 0.46778125 0.9613194444444444 0.06726562499999993 0.07736111111111117
19 0.5872539062500001 0.9011388888888888 0.14861718750000003 0.1977222222222224
19 0.43494140625 0.9037708333333332 0.11936718749999997 0.19245833333333323
6 0.23072656249999998 0.8183750000000001 0.056343750000000005 0.12936111111111126
12 0.401296875 0.769361111111111 0.058656249999999986 0.07919444444444441
2 0.6188281250000001 0.8251388888888889 0.26909375 0.34972222222222216
18 0.39201953125 0.8324166666666667 0.06216406249999995 0.09680555555555562
18 0.42289453125000004 0.5876527777777778 0.07978906250000004 0.1785833333333334
19 0.42075781249999994 0.6404097222222223 0.11492187499999998 0.1697083333333334
19 0.43206640625000003 0.7878055555555556 0.10633593750000006 0.12000000000000012
19 0.5461367187499999 0.637576388888889 0.17739843749999995 0.19345833333333337
19 0.6045351562500001 0.5753333333333334 0.10653906249999992 0.154
17 0.48455859375 0.5317013888888888 0.04044531249999998 0.08495833333333327
19 0.45606640625 0.4892152777777778 0.023898437499999935 0.035958333333333314
19 0.40919140625 0.4875763888888889 0.05882031249999997 0.08823611111111107
19 0.540625 0.35002777777777777 0.11948437500000005 0.27194444444444443
17 0.58887890625 0.4496597222222222 0.08180468750000003 0.13793055555555547
17 0.21600000000000003 0.34329861111111115 0.08678125 0.18987500000000004
10 0.71663671875 0.32009722222222226 0.13878906250000006 0.2107777777777778
18 0.29972265625 0.2989861111111111 0.09044531249999999 0.17058333333333334
3 0.22511718749999998 0.23592361111111113 0.124609375 0.2835138888888889
19 0.5050078124999999 0.14013194444444446 0.08092187499999995 0.1952916666666667
0 0.76329296875 0.14942361111111113 0.07732031250000002 0.13087500000000002
19 0.5252773437499999 0.34689583333333335 0.06433593749999993 0.12090277777777779
19 0.1916328125 0.019034722222222224 0.036765625 0.03806944444444445
19 0.4122265625 0.09199305555555555 0.08271874999999995 0.1764583333333333
19 0.50965234375 0.05661805555555555 0.06985156250000006 0.1132361111111111
19 0.5556054687499999 0.05686111111111112 0.045960937499999945 0.09966666666666667
18 0.3069375 0.07556944444444444 0.10395312499999995 0.14069444444444446