18 0.43348046875 0.9314236111111112 0.06992968749999999 0.1371527777777778
19 0.4897265625 0.9426388888888888 0.089453125 0.1147222222222221
17 0.6425859375 0.9219791666666666 0.07046875000000004 0.15604166666666655
19 0.7128320312499999 0.880375 0.1805859375 0.21713888888888877
19 0.44686328125 0.838798611111111 0.10877343750000001 0.09343055555555553
18 0.28293749999999995 0.8837847222222223 0.060562499999999984 0.07468055555555553
19 0.26435546875 0.7979305555555556 0.06546093749999997 0.11966666666666678
19 0.49234375 0.6922083333333333 0.1265625 0.19638888888888895
19 0.26056250000000003 0.978625 0.015968750000000042 0.04274999999999996
19 0.27715625 0.7166388888888889 0.05173437500000002 0.07358333333333336
19 0.44419921875 0.5475694444444444 0.1273359375 0.2463055555555556
17 0.54340625 0.45359722222222226 0.05293749999999999 0.10136111111111114
17 0.6175625 0.5155 0.08221875000000001 0.13322222222222216
19 0.7677421875 0.2577777777777778 0.24032812499999992 0.5155555555555555
19 0.586703125 0.41468055555555555 0.10912500000000006 0.19880555555555554
19 0.4198046875 0.39550694444444445 0.059765625 0.06545833333333333
19 0.4616953125 0.3277291666666667 0.07640624999999997 0.18118055555555554
19 0.19171093749999998 0.2971597222222222 0.10189062499999997 0.28512499999999996
19 0.65951171875 0.7872430555555556 0.03664843750000006 0.03318055555555569
17 0.3236796875 0.24715277777777775 0.050046874999999956 0.08041666666666664
19 0.3882890625 0.31143055555555554 0.07057812499999998 0.16830555555555557
19 0.36671875 0.12555555555555556 0.17218750000000002 0.2511111111111111
19 0.43822265624999995 0.17185416666666664 0.10316406249999996 0.16120833333333331
19 0.5204140625 0.2824236111111111 0.06174999999999997 0.12004166666666667
19 0.571796875 0.19340277777777778 0.10671874999999993 0.28208333333333335
19 0.47344140625 0.13330555555555554 0.06400781250000005 0.15113888888888888
18 0.23328906249999998 0.012055555555555555 0.04642187499999997 0.02411111111111111
19 0.6765625 0.08944444444444445 0.134375 0.1788888888888889
18 0.11199218749999999 0.13903472222222224 0.10217187500000002 0.2780694444444445