18 0.584671875 0.6001805555555555 0.08659374999999994 0.1226944444444445
16 0.32914453125 0.6615069444444444 0.05666406249999998 0.09481944444444441
13 0.28591015625000005 0.4396527777777778 0.07446093749999996 0.08763888888888892
12 0.650359375 0.26453472222222224 0.11859374999999997 0.08662500000000001
10 0.52919921875 0.7838055555555556 0.14428906250000004 0.23549999999999993
17 0.50265625 0.32756944444444447 0.08109374999999996 0.1243055555555556
12 0.5336601562500001 0.13604166666666667 0.16536718750000007 0.22694444444444445
12 0.425625 0.3640625 0.061875000000000034 0.10187500000000003
12 0.21330859374999997 0.4962013888888889 0.0669921875 0.12134722222222223
12 0.21218750000000003 0.9744444444444444 0.05078125 0.051111111111111045
18 0.34430078124999997 0.2753263888888889 0.10188281249999998 0.13268055555555552
17 0.43476171875 0.63625 0.08166406249999998 0.1341666666666667
18 0.264125 0.6013263888888889 0.11503125 0.11848611111111104
19 0.7271015624999999 0.4874791666666667 0.16821874999999994 0.34573611111111113
19 0.642875 0.7115694444444445 0.06457812500000007 0.09536111111111115
10 0.45769140625000004 0.9159722222222222 0.1714765625 0.16805555555555557
18 0.3004296875 0.835298611111111 0.030718750000000038 0.07334722222222215
18 0.43769140625 0.52775 0.028445312500000063 0.03558333333333334
19 0.37686328125 0.3948888888888889 0.06494531250000005 0.15452777777777776
17 0.50209375 0.4288611111111111 0.1020624999999999 0.07572222222222219
19 0.38743359375 0.7873611111111111 0.0807578125 0.12327777777777776
17 0.42497656250000004 0.7599444444444445 0.06848437500000001 0.09791666666666667
14 0.389140625 0.16039583333333335 0.0771875 0.20254166666666673
2 0.43311328125 0.057291666666666664 0.04349218750000006 0.11458333333333333
2 0.4224453125 0.4575694444444444 0.04253125000000004 0.07738888888888892
19 0.57554296875 0.6784583333333334 0.04991406250000008 0.05258333333333335
19 0.5963437500000001 0.46405555555555555 0.036046875000000075 0.09700000000000004
18 0.1313515625 0.2122986111111111 0.12307812499999997 0.4245972222222222