19 0.38121875000000005 0.9361458333333333 0.15821875000000002 0.1277083333333334
3 0.50230078125 0.9706527777777778 0.09274218750000003 0.05869444444444443
8 0.5995742187499999 0.9302638888888889 0.1231328125000001 0.09758333333333333
19 0.7028789062499999 0.9085138888888888 0.026851562499999915 0.07175000000000012
19 0.6232109375 0.8871458333333333 0.10829687499999992 0.08440277777777776
19 0.4818515625 0.8458194444444445 0.04790624999999995 0.08252777777777788
19 0.3480703125 0.8117986111111111 0.12906250000000002 0.22984722222222223
19 0.25916015625 0.7485416666666668 0.09791406250000004 0.32222222222222224
19 0.70978125 0.7591458333333334 0.05959374999999998 0.10340277777777784
12 0.44569140625000003 0.795625 0.1510390625 0.2535833333333333
12 0.6138007812499999 0.8119444444444444 0.11274218749999995 0.19116666666666648
19 0.30240625 0.6192222222222222 0.05687499999999997 0.4342777777777779
19 0.38421484375 0.6299791666666668 0.10508593749999995 0.15723611111111116
19 0.48743359374999995 0.6202361111111111 0.1199140625 0.11330555555555562
19 0.64392578125 0.6977291666666667 0.10508593749999999 0.30668055555555546
19 0.554140625 0.6074722222222222 0.10875000000000004 0.18583333333333327
17 0.72802734375 0.6456944444444445 0.06552343749999992 0.10330555555555555
19 0.59526171875 0.48409722222222223 0.05563281250000003 0.07691666666666666
19 0.45148828124999996 0.32361805555555556 0.10657031250000001 0.19559722222222228
19 0.500265625 0.42832638888888885 0.056640625 0.14529166666666668
19 0.5678203125 0.37041666666666667 0.078328125 0.19044444444444444
13 0.7260859375 0.3531597222222222 0.09921875 0.15576388888888887
19 0.61405859375 0.27460416666666665 0.07063281250000006 0.15884722222222222
10 0.7644179687499999 0.2563958333333334 0.18928906249999997 0.27248611111111115
2 0.4701953125 0.15016666666666667 0.16945312500000004 0.30033333333333334
19 0.5444140624999999 0.19302777777777777 0.07293749999999992 0.10033333333333334
19 0.39414453125 0.13224305555555557 0.056992187500000034 0.10329166666666667
16 0.64083984375 0.03260416666666667 0.14958593750000002 0.06520833333333334
19 0.33666015625 0.047625 0.03350781249999999 0.06594444444444444
2 0.8306093750000001 0.06630555555555556 0.16071874999999994 0.12088888888888889
13 0.22663281250000003 0.11282638888888889 0.21400000000000005 0.22565277777777779
17 0.565984375 0.03993055555555555 0.04215625000000003 0.07252777777777777
8 0.66494921875 0.11575694444444444 0.10385156250000005 0.17143055555555556