19 0.4737656250000001 0.9807430555555555 0.04346875000000008 0.03851388888888892
19 0.623828125 0.9611111111111111 0.09140625 0.07777777777777778
18 0.5 0.9048611111111111 0.09296875 0.19027777777777777
11 0.395984375 0.872798611111111 0.14923437499999997 0.15770833333333328
12 0.43779296875 0.7876319444444445 0.09963281249999997 0.1421805555555554
19 0.5090312499999999 0.7534305555555556 0.07890625 0.11880555555555551
18 0.2393359375 0.7750694444444446 0.09128125000000002 0.15175
14 0.7530742187499999 0.9529583333333334 0.051070312499999916 0.05569444444444432
19 0.6382734375 0.7395416666666667 0.06607812499999995 0.2115833333333333
7 0.68904296875 0.770013888888889 0.11424218750000001 0.2657777777777779
13 0.1893046875 0.7319375 0.13834375000000004 0.2148472222222223
17 0.25313671875 0.6356527777777778 0.06733593750000004 0.0970833333333333
19 0.3899921875 0.5282013888888889 0.19678125 0.4519583333333333
3 0.5133671875 0.6077777777777779 0.12131249999999998 0.21397222222222215
17 0.58840234375 0.5698680555555555 0.06572656250000009 0.17976388888888897
19 0.7176015625 0.6151875 0.046546874999999946 0.06659722222222228
19 0.5665703124999999 0.4801944444444445 0.06687499999999993 0.12694444444444442
19 0.6153789062499999 0.365625 0.18166406249999997 0.11569444444444442
14 0.7651054687500001 0.3650902777777778 0.09660156250000007 0.24331944444444448
19 0.2874921875 0.5757569444444444 0.04704687500000002 0.11359722222222217
19 0.18748046874999996 0.4973194444444444 0.07158593749999997 0.1835555555555555
19 0.2674375 0.5219930555555556 0.14187500000000003 0.17231944444444436
19 0.4987734375 0.3970069444444444 0.04564062500000006 0.07865277777777777
10 0.4381796875 0.28702083333333334 0.13057812500000004 0.1620972222222222
19 0.5186367187500001 0.2653125 0.0859453125 0.1408194444444444
10 0.58375 0.2399375 0.17203125000000002 0.10956944444444443
18 0.70400390625 0.1945138888888889 0.1314453125 0.12541666666666668
19 0.34115234375000003 0.29583333333333334 0.10769531250000001 0.25527777777777777
19 0.25758203125 0.24846527777777774 0.15688281249999997 0.22248611111111113
19 0.2525 0.23231249999999998 0.09578125000000001 0.20795833333333336
19 0.69901953125 0.12243055555555557 0.08850781249999998 0.15125000000000002
17 0.74915234375 0.03611111111111111 0.10950781249999997 0.07222222222222222
8 0.5844453125 0.13964583333333333 0.10532812499999995 0.1317916666666667
19 0.47826953124999994 0.1411388888888889 0.09689843749999998 0.2756111111111111
19 0.3557734375 0.15174305555555556 0.05809375000000001 0.15793055555555552
8 0.20753906250000004 0.01638888888888889 0.055234375000000016 0.03277777777777778
19 0.65096484375 0.02770833333333333 0.051460937499999915 0.05541666666666666
19 0.57065234375 0.044687500000000005 0.03536718749999999 0.08673611111111111
19 0.6056015625000001 0.04188888888888889 0.05090625000000006 0.08113888888888889
10 0.5242656250000001 0.03602777777777778 0.03685937500000005 0.07205555555555555
10 0.4031640625 0.10233333333333335 0.059656249999999966 0.10963888888888888