19 0.99477734375 0.01670138888888889 0.010445312499999915 0.03340277777777778
17 0.5593242187499999 0.9582638888888888 0.08050781249999997 0.0834722222222221
19 0.7078125 0.89375 0.24296875 0.2125
18 0.45665625 0.9430763888888889 0.10371875 0.11384722222222227
19 0.35099218750000005 0.9291180555555555 0.09703125000000004 0.1417638888888888
19 0.256921875 0.8769861111111112 0.039281249999999976 0.2460277777777776
0 0.19232421875 0.864326388888889 0.07839843750000001 0.18387499999999982
12 0.29837890624999996 0.8375347222222224 0.09516406249999995 0.1772916666666668
19 0.41274999999999995 0.8473541666666665 0.16103124999999996 0.12131944444444431
19 0.38378125 0.760826388888889 0.070375 0.2088749999999999
19 0.5235820312499999 0.8384375000000001 0.07013281249999999 0.1013194444444445
19 0.4709609375 0.7432222222222222 0.10951562500000005 0.10933333333333337
19 0.69778125 0.6712847222222221 0.14390625000000004 0.2611249999999999
19 0.7641484375 0.7941666666666666 0.04692187499999996 0.07827777777777764
19 0.7816679687499999 0.6162222222222222 0.041976562499999925 0.09161111111111116
19 0.23131249999999998 0.7812222222222223 0.03700000000000001 0.14094444444444448
19 0.32596484375 0.6661527777777778 0.029898437499999986 0.0429722222222223
19 0.30177343749999996 0.6224375000000001 0.025734375000000042 0.048763888888888905
19 0.58924609375 0.5649166666666667 0.06822656249999995 0.08338888888888883
19 0.7738671874999999 0.21786805555555552 0.01960937499999993 0.029624999999999978
19 0.744765625 0.19166666666666668 0.016249999999999966 0.04527777777777779
19 0.48547265624999997 0.22611805555555556 0.0294921875 0.06359722222222225
19 0.61184375 0.25421527777777775 0.19740625000000006 0.13593055555555555
19 0.5967304687499999 0.14023611111111112 0.08777343749999993 0.09463888888888887
3 0.43988281249999994 0.13193055555555558 0.04632812499999996 0.11702777777777776
19 0.5486875 0.035861111111111114 0.08874999999999993 0.07172222222222223
18 0.11199218749999999 0.13903472222222224 0.10217187500000002 0.2780694444444445