19 0.6837695312500001 0.8601944444444444 0.1996015625 0.27961111111111103
19 0.45767968749999993 0.9606180555555556 0.046140624999999956 0.07876388888888894
19 0.4013671875 0.9693819444444444 0.047265625 0.061236111111111
14 0.35621484375 0.9135416666666667 0.06366406250000001 0.13572222222222227
19 0.556640625 0.8833333333333333 0.1734375 0.23333333333333334
10 0.40375781250000004 0.7748611111111111 0.1874375 0.2308333333333334
10 0.18996874999999996 0.9614999999999999 0.08748437499999999 0.07700000000000008
19 0.2679140625 0.8655694444444445 0.12342187500000001 0.21452777777777782
2 0.21370703124999996 0.727201388888889 0.20453906249999995 0.3892916666666666
19 0.81459375 0.9236944444444444 0.08473437500000003 0.15261111111111125
16 0.799203125 0.7808333333333334 0.061281250000000044 0.1044444444444445
18 0.7550156250000001 0.6036111111111111 0.17 0.2298611111111111
19 0.52767578125 0.6541875 0.13511718750000004 0.20781944444444436
19 0.57730859375 0.5650763888888889 0.12460156250000001 0.1718194444444445
19 0.412328125 0.650625 0.09456249999999997 0.12008333333333339
7 0.3202578125 0.5126388888888889 0.09132812499999998 0.2537777777777778
16 0.45319921875 0.5270138888888889 0.09755468749999992 0.23041666666666663
18 0.3860234375 0.5339444444444446 0.05065624999999998 0.1801111111111112
12 0.5071679687499999 0.44635416666666666 0.12307031249999997 0.17823611111111118
10 0.61533203125 0.3729583333333333 0.10671093749999994 0.23850000000000005
10 0.70069921875 0.37144444444444447 0.1447265625 0.23552777777777784
14 0.7186796875 0.40492361111111114 0.05876562500000002 0.07431944444444444
19 0.20674609375 0.4097777777777778 0.03311718749999999 0.06563888888888887
14 0.322078125 0.3938055555555555 0.10892187499999997 0.15461111111111106
14 0.40481640625 0.3300138888888889 0.12580468749999998 0.24616666666666667
10 0.4858671875000001 0.2783611111111111 0.15282812499999993 0.15744444444444447
16 0.58128515625 0.28735416666666663 0.05321093749999992 0.2594305555555555
14 0.60519140625 0.18388888888888885 0.10102343749999995 0.16611111111111113
2 0.17755468749999997 0.1914583333333333 0.09757812499999999 0.16977777777777778
19 0.2673828125 0.15838194444444445 0.04643750000000004 0.10073611111111114
19 0.46844921875 0.11082638888888888 0.17660156249999998 0.18387499999999998
16 0.21761328124999996 0.06885416666666667 0.09428906250000002 0.13770833333333335
17 0.29430859375 0.015694444444444445 0.05769531250000002 0.03138888888888889
14 0.52438671875 0.24028472222222222 0.08021093750000005 0.11756944444444441
14 0.7322968750000001 0.015069444444444444 0.03729687500000001 0.03013888888888889
19 0.564140625 0.057034722222222216 0.027437499999999913 0.06879166666666667
19 0.32773046875 0.16397916666666668 0.034476562499999995 0.05754166666666668
2 0.44733984375 0.028208333333333332 0.12453906250000002 0.056416666666666664
19 0.53323828125 0.015944444444444445 0.04255468750000002 0.03188888888888889