14 0.2957109375 0.8971527777777777 0.20484375000000005 0.20569444444444432
19 0.5215078125 0.9234583333333333 0.07078124999999993 0.15308333333333338
10 0.6367499999999999 0.7740625000000001 0.1284062500000001 0.2590138888888889
8 0.7100390625 0.7764930555555555 0.11131250000000001 0.2289583333333333
19 0.39605859375 0.7705902777777777 0.24608593750000005 0.3463194444444444
19 0.2355078125 0.7514861111111111 0.07785937499999998 0.13122222222222224
19 0.60133984375 0.6543055555555555 0.06027343750000007 0.1154722222222222
19 0.5414296875 0.7366388888888888 0.08071874999999995 0.1609166666666666
8 0.6822265625 0.5741527777777777 0.12859374999999992 0.17930555555555558
12 0.8344999999999999 0.6121388888888889 0.11851562499999994 0.2091666666666666
19 0.51238671875 0.5737708333333333 0.14596093749999994 0.18681944444444443
19 0.33344921874999994 0.5517013888888889 0.21130468749999998 0.34745833333333326
19 0.6410390625 0.5175208333333333 0.12323437500000001 0.17198611111111117
17 0.49577734374999993 0.40770833333333334 0.060632812499999925 0.14027777777777778
19 0.43915625 0.4059444444444444 0.06675000000000005 0.18333333333333332
19 0.3375 0.38621527777777775 0.19546875000000002 0.19187499999999996
0 0.2311484375 0.2447777777777778 0.10774999999999997 0.15822222222222224
18 0.7218515625 0.36061805555555554 0.35426562500000003 0.3216805555555556
19 0.51561328125 0.20952777777777779 0.13685156250000005 0.19461111111111112
3 0.6452382812499999 0.23311805555555556 0.1071171875000001 0.2431805555555555
19 0.43654296875 0.2770486111111111 0.2762109375 0.14993055555555554
19 0.7706914062499999 0.22939583333333335 0.12939843750000007 0.12768055555555557
10 0.75655078125 0.09179166666666667 0.09908593749999994 0.18358333333333335
19 0.35899609374999997 0.1250486111111111 0.16377343749999995 0.2500972222222222
19 0.3943671875 0.11695833333333333 0.10920312499999998 0.23391666666666666
2 0.25516796875000003 0.05404166666666666 0.08830468749999998 0.10808333333333332
19 0.51138671875 0.02952777777777778 0.09480468749999993 0.05905555555555556