17 0.6673671875 0.9720833333333333 0.05489062499999999 0.055833333333333394
19 0.54521484375 0.9517152777777778 0.13086718749999998 0.0965694444444444
19 0.73909375 0.9350972222222222 0.10660937500000003 0.12980555555555562
19 0.81454296875 0.8961180555555555 0.05619531249999996 0.20776388888888878
2 0.3779570312500001 0.8134027777777777 0.19121093750000004 0.3648333333333334
19 0.648703125 0.884888888888889 0.07146875000000001 0.23022222222222222
3 0.534046875 0.793375 0.131046875 0.2496944444444444
19 0.622859375 0.7055 0.058812499999999976 0.10622222222222225
19 0.5700234375 0.6640277777777778 0.09271875000000004 0.14008333333333328
19 0.486078125 0.5707708333333333 0.07829687500000002 0.20498611111111115
19 0.3965546875 0.6317916666666668 0.07107812500000002 0.10375000000000006
19 0.409671875 0.5682986111111111 0.09076562500000004 0.14406944444444447
19 0.302875 0.4704097222222222 0.12921875 0.2755694444444444
17 0.2290078125 0.5835902777777778 0.061921874999999994 0.12834722222222217
17 0.414875 0.4550277777777778 0.08295312500000004 0.12088888888888884
17 0.222546875 0.3709791666666667 0.06578125000000001 0.15593055555555552
3 0.58771875 0.40002777777777776 0.31490624999999994 0.4578333333333333
19 0.29171484375 0.3307152777777778 0.06824218750000002 0.15295833333333334
12 0.37713671875 0.3373819444444444 0.09049218749999999 0.15823611111111113
18 0.1931640625 0.14539583333333334 0.094140625 0.2769861111111111
19 0.3583046875 0.22375694444444447 0.028187500000000032 0.05273611111111115
0 0.303125 0.15925694444444444 0.09000000000000004 0.17565277777777777
19 0.5703125 0.20747916666666666 0.07210937499999996 0.18131944444444445
19 0.72536328125 0.09117361111111112 0.0710859375 0.06959722222222223
19 0.54352734375 0.059326388888888894 0.09066406249999996 0.11865277777777779
2 0.2962734375 0.04172916666666667 0.10714062499999999 0.07326388888888889
19 0.36342187499999995 0.11509722222222223 0.030906249999999958 0.06813888888888889