19 0.6930546875 0.9550416666666667 0.10860937499999998 0.08991666666666667
2 0.7591171875 0.8793055555555556 0.10129687499999998 0.24138888888888882
19 0.51410546875 0.9061111111111111 0.1609453125 0.18777777777777785
10 0.232140625 0.8855347222222221 0.15240625000000002 0.22893055555555544
19 0.696875 0.9604166666666667 0.05390625 0.07916666666666666
19 0.31479687500000003 0.7138888888888889 0.18242187500000004 0.40463888888888877
19 0.2130625 0.7582777777777778 0.06487499999999999 0.1198888888888888
19 0.5364296875000001 0.6809861111111111 0.21921874999999993 0.2973333333333334
19 0.6865976562499999 0.8162847222222223 0.06024218749999992 0.06865277777777787
19 0.8009492187499999 0.6945416666666666 0.06267968750000001 0.10091666666666663
17 0.7883671875 0.6116388888888888 0.08020312500000007 0.0856111111111111
19 0.99477734375 0.01670138888888889 0.010445312499999915 0.03340277777777778
17 0.25303515625 0.4337291666666666 0.11003906250000002 0.1857638888888889
19 0.37253515625 0.39745833333333336 0.11821093749999996 0.20222222222222225
19 0.43905859375 0.49105555555555547 0.12044531250000001 0.2582500000000001
19 0.52851953125 0.3985555555555556 0.07530468750000008 0.22388888888888892
3 0.5765703125 0.39200694444444445 0.18873437499999995 0.39901388888888883
19 0.26362109375 0.5262569444444445 0.06202343749999999 0.11020833333333337
19 0.8056953124999999 0.5002291666666666 0.13003125000000004 0.25945833333333324
19 0.8114062499999999 0.43895833333333334 0.114453125 0.2108333333333334
12 0.27596875 0.21711805555555555 0.10287500000000005 0.176875
12 0.38904296875 0.25833333333333336 0.1380078125 0.175
19 0.46414453125 0.21020833333333336 0.053132812499999994 0.15680555555555553
19 0.6129492187500001 0.20627083333333332 0.1074296875 0.17226388888888888
19 0.5173320312499999 0.09381250000000001 0.04924218749999998 0.18762500000000001
19 0.54737109375 0.15269444444444444 0.06924218750000008 0.09274999999999999
19 0.39084375 0.050402777777777776 0.03706250000000004 0.06327777777777778
19 0.39571093749999997 0.014930555555555556 0.05404687500000005 0.029861111111111113
18 0.11199218749999999 0.13903472222222224 0.10217187500000002 0.2780694444444445