19 0.44263671875000005 0.9668333333333333 0.07928906250000001 0.06633333333333333
4 0.7849921875 0.910625 0.13032812500000004 0.17875000000000008
2 0.6397499999999999 0.9052430555555555 0.1727656249999999 0.18951388888888895
16 0.2646875 0.9820833333333334 0.0984375 0.03583333333333327
19 0.4430625 0.8271736111111112 0.08110937499999996 0.13748611111111111
19 0.52405078125 0.9168402777777778 0.08705468750000005 0.14151388888888902
19 0.28421875 0.9031388888888888 0.08251562500000001 0.1179722222222223
16 0.24453515625 0.8476805555555554 0.07985156250000003 0.11299999999999986
14 0.527203125 0.7288611111111111 0.06871875000000002 0.12488888888888891
8 0.3856484375 0.8714305555555555 0.08778124999999996 0.1701388888888889
19 0.4219609375 0.7799583333333334 0.07757812499999997 0.14766666666666659
17 0.46536718749999995 0.904236111111111 0.05607812499999998 0.09211111111111102
2 0.415625 0.6317916666666666 0.30828124999999995 0.48502777777777784
17 0.61074609375 0.7473819444444445 0.12472656250000007 0.1684027777777778
19 0.3578125 0.9569444444444445 0.08671875 0.08611111111111111
3 0.6178203124999999 0.6260138888888889 0.11081249999999994 0.16088888888888894
19 0.76777734375 0.4944027777777778 0.2602265624999999 0.44308333333333333
7 0.37131250000000005 0.7568958333333333 0.036968750000000036 0.05243055555555556
17 0.5382617187500001 0.5855486111111111 0.04825781249999998 0.08120833333333337
14 0.2087421875 0.27684027777777775 0.09392187500000002 0.10298611111111108
3 0.268609375 0.32193750000000004 0.078125 0.17012500000000003
17 0.36120312499999996 0.5680347222222223 0.07131249999999997 0.10051388888888889
2 0.49815624999999997 0.5179444444444444 0.32303125 0.16697222222222227
17 0.6026171874999999 0.3988819444444444 0.08426562499999993 0.13420833333333332
18 0.53318359375 0.3873263888888889 0.05178906249999997 0.1685416666666667
19 0.48920312499999996 0.3501875 0.09129687499999992 0.1685416666666667
14 0.6923203124999999 0.14277777777777775 0.13343749999999996 0.20755555555555555
3 0.8144140625 0.19790972222222222 0.07710937499999995 0.17470833333333335
3 0.49053125 0.1480138888888889 0.21596875000000004 0.29291666666666666
19 0.386234375 0.2514861111111111 0.11235937499999996 0.18836111111111112
19 0.42433203124999996 0.39481944444444445 0.07900781250000004 0.14200000000000002
19 0.32461328125 0.35580555555555554 0.04916406249999996 0.12641666666666665
19 0.5881289062499999 0.25714583333333335 0.11936718749999997 0.14206944444444447
15 0.60465234375 0.10134027777777778 0.12957031249999992 0.14981944444444445
17 0.5214375 0.0667013888888889 0.045296875000000014 0.08801388888888888
19 0.350265625 0.06659027777777778 0.10112500000000005 0.13318055555555555
19 0.25072265625 0.09853472222222222 0.15063281250000002 0.196625
2 0.2628359375 0.1949722222222222 0.08848437499999999 0.10486111111111111
17 0.79929296875 0.02801388888888889 0.06952343749999992 0.05602777777777778