19 0.3670703125 0.9445833333333333 0.08523437499999997 0.11083333333333327
19 0.5276171875 0.9922916666666666 0.027578124999999964 0.01541666666666654
19 0.220609375 0.8362569444444443 0.08315625000000001 0.16193055555555544
19 0.4956015625 0.7007083333333333 0.04879687500000003 0.09025000000000002
2 0.49407421874999996 0.5869791666666667 0.14341406249999994 0.15729166666666666
19 0.64445703125 0.5805694444444445 0.08047656249999999 0.22886111111111107
8 0.36939843749999995 0.5577361111111112 0.08026562499999997 0.1931388888888888
19 0.79962109375 0.6337222222222222 0.05032031250000006 0.09255555555555553
19 0.46240234375 0.3545277777777778 0.1294921875 0.19183333333333333
19 0.5776875 0.34263194444444445 0.09275000000000003 0.2852916666666666
19 0.7169648437499999 0.47243749999999995 0.05810156249999991 0.11095833333333331
19 0.66241796875 0.3471736111111111 0.08860156250000006 0.1749027777777778
19 0.4491328125 0.5041736111111111 0.024578125000000027 0.05006944444444438
19 0.7267578125 0.36402777777777773 0.06487499999999997 0.1033611111111111
12 0.7385468750000002 0.24679166666666666 0.12384375000000007 0.1370833333333333
17 0.20212500000000003 0.3109513888888889 0.09262499999999999 0.1538472222222222
19 0.5455390625 0.15179166666666666 0.08970312499999995 0.16391666666666665
19 0.72566015625 0.10531944444444444 0.22244531250000002 0.21063888888888888
12 0.226421875 0.06375 0.10043750000000003 0.1275
17 0.41217578125000004 0.04532638888888889 0.08017968750000004 0.08573611111111111
19 0.34940625000000003 0.06840277777777778 0.10521875000000006 0.13680555555555557
19 0.1485859375 0.15360416666666665 0.019546874999999984 0.056125000000000015
19 0.56446484375 0.18118055555555554 0.10005468749999995 0.2111666666666666
18 0.11199218749999999 0.13903472222222224 0.10217187500000002 0.2780694444444445