19 0.428125 0.9875 0.04765625 0.025
19 0.28101953125 0.9312638888888889 0.09786718749999998 0.13747222222222225
19 0.49210937499999996 0.9832777777777777 0.031874999999999966 0.033444444444444346
19 0.54921875 0.925 0.08046875 0.15
19 0.1995078125 0.8179513888888889 0.06295312500000001 0.11229166666666654
19 0.60486328125 0.8550277777777778 0.13277343750000004 0.19883333333333345
19 0.50487890625 0.7759305555555555 0.035476562500000065 0.11958333333333321
19 0.4794296875 0.8710208333333334 0.07796874999999996 0.20054166666666648
19 0.41796875 0.8958333333333334 0.11328125 0.20833333333333334
18 0.31642187499999996 0.8803124999999999 0.18528125 0.23937499999999987
19 0.640578125 0.7326111111111111 0.08837499999999991 0.1958611111111111
19 0.7585000000000001 0.7252361111111111 0.13085937500000008 0.22158333333333327
19 0.75858984375 0.6966805555555555 0.10632031249999993 0.18461111111111106
19 0.4484296875 0.7099583333333334 0.13768750000000002 0.14286111111111113
19 0.56353515625 0.667875 0.06428906249999997 0.09011111111111103
19 0.29320703125 0.5994583333333333 0.14583593749999996 0.3948888888888888
14 0.22638281249999997 0.5862638888888889 0.12060937499999999 0.35355555555555546
19 0.35875781250000005 0.5707013888888889 0.05221875000000002 0.12256944444444444
19 0.47951953124999996 0.5974861111111112 0.1087890625 0.17483333333333334
19 0.56296484375 0.5547083333333334 0.08752343749999998 0.23999999999999994
19 0.66613671875 0.5363472222222222 0.16022656249999995 0.3326944444444444
19 0.389390625 0.50925 0.022312499999999957 0.03844444444444438
19 0.36499609375 0.4674375 0.09452343749999996 0.09004166666666673
19 0.48073828125 0.4109166666666667 0.14594531249999995 0.21377777777777773
19 0.56271484375 0.4246180555555555 0.03700781249999992 0.06101388888888882
17 0.34458203125 0.4118194444444444 0.05666406249999998 0.11263888888888893
17 0.7794453124999999 0.4016875 0.07640624999999997 0.11473611111111114
19 0.22496484374999998 0.3120972222222222 0.10788281250000002 0.19561111111111115
19 0.189140625 0.13645833333333332 0.14937499999999998 0.27291666666666664
19 0.2561328125 0.20701388888888891 0.08226562499999997 0.12458333333333332
14 0.5200078125 0.19788888888888886 0.15607812499999998 0.3236666666666667
19 0.557421875 0.18288194444444447 0.07843750000000008 0.15812500000000002
19 0.73796875 0.1945138888888889 0.2629687499999999 0.3890277777777778
17 0.2694375 0.10638194444444445 0.060890625000000045 0.120875
17 0.28952343750000004 0.02304861111111111 0.055734375000000023 0.04579166666666667
17 0.40805468750000007 0.04319444444444444 0.09065624999999997 0.08608333333333333
15 0.60225 0.08798611111111111 0.09168749999999992 0.17597222222222222
10 0.3735390625 0.10088194444444445 0.14114062500000002 0.12820833333333334
19 0.49304296875000003 0.02846527777777778 0.0710859375 0.05693055555555556
19 0.46930078125 0.11645833333333333 0.0505859375 0.08608333333333332