19 0.40298828125 0.9639236111111111 0.07433593750000003 0.07215277777777784
19 0.4261796875 0.9672222222222222 0.09890624999999997 0.06555555555555562
19 0.273046875 0.9541666666666667 0.0546875 0.09166666666666666
19 0.30739453125000005 0.9559583333333332 0.02117968750000001 0.0375555555555555
12 0.19676953125000002 0.9327777777777778 0.11911718750000003 0.1344444444444444
17 0.26949999999999996 0.8499652777777779 0.05256249999999998 0.09523611111111102
17 0.5764921875000001 0.7834374999999999 0.055015625000000054 0.10743055555555543
19 0.43339453125 0.7955208333333333 0.10714843750000003 0.23490277777777768
4 0.543515625 0.8639930555555555 0.16584374999999998 0.2720138888888888
19 0.5507382812499999 0.8488680555555554 0.12877343749999995 0.12820833333333326
19 0.51684375 0.7647847222222222 0.06593750000000007 0.10068055555555556
19 0.54321875 0.7118749999999999 0.07623437499999994 0.10255555555555552
19 0.36178125000000005 0.4466111111111111 0.11020312499999996 0.4037777777777778
19 0.20417578125000002 0.582125 0.1143671875 0.07408333333333338
10 0.504796875 0.5764791666666667 0.13909374999999996 0.15809722222222228
12 0.46821874999999996 0.6457638888888889 0.10920312499999998 0.15200000000000008
19 0.6157539062499999 0.5594791666666666 0.06800781249999996 0.10620833333333338
7 0.7093906249999999 0.5334861111111111 0.09787499999999998 0.08058333333333331
7 0.565984375 0.41159027777777774 0.05871875000000006 0.13243055555555558
14 0.28545703125 0.4911736111111111 0.07211718749999996 0.1813194444444444
19 0.285859375 0.3951458333333333 0.05153125000000003 0.14701388888888892
19 0.44359374999999995 0.44402777777777774 0.10404687500000005 0.1635277777777778
19 0.52694140625 0.4624236111111111 0.08653906249999999 0.1245416666666666
19 0.63366796875 0.44282638888888887 0.07417968750000004 0.13370833333333332
19 0.6679921875000001 0.27744444444444444 0.19054687500000006 0.3473888888888889
12 0.42537890625 0.3479583333333333 0.09069531249999999 0.16313888888888886
19 0.19515625 0.21381944444444442 0.1359375 0.42763888888888885
19 0.35279296874999994 0.2594930555555555 0.10508593749999995 0.0857083333333333
19 0.41149218750000005 0.22479861111111113 0.09639062500000004 0.10234722222222221
19 0.5771718750000001 0.2990555555555555 0.03956250000000008 0.10330555555555555
8 0.53823046875 0.24022222222222223 0.13475781250000002 0.16822222222222222
19 0.58242578125 0.11971527777777777 0.09778906250000005 0.19340277777777778
19 0.34506640625 0.16147222222222224 0.04339843749999996 0.14066666666666666
2 0.43900390624999996 0.09282638888888887 0.15222656249999997 0.18565277777777775
7 0.4513828125 0.04718055555555555 0.18679687499999997 0.09230555555555553
8 0.74561328125 0.060368055555555564 0.14971093750000009 0.11868055555555554