19 0.99477734375 0.01670138888888889 0.010445312499999915 0.03340277777777778
8 0.45487109375 0.9724305555555556 0.13630468750000002 0.05513888888888895
19 0.5621445312500001 0.9784027777777777 0.07727343750000007 0.04319444444444432
19 0.332046875 0.9110763888888889 0.06773437500000004 0.1472916666666666
3 0.52308984375 0.8845763888888889 0.11410156249999996 0.1623194444444443
19 0.496390625 0.9447013888888888 0.015234375 0.022597222222222196
8 0.63524609375 0.8833541666666667 0.11682031249999998 0.12290277777777779
19 0.1862734375 0.7775625 0.07964062499999998 0.18526388888888878
19 0.2616953125 0.8089930555555555 0.056656249999999984 0.13279166666666653
12 0.57600390625 0.6172291666666666 0.10221093749999995 0.3017361111111111
19 0.444640625 0.6214444444444445 0.21556250000000005 0.3146388888888889
19 0.46382031250000005 0.4822013888888888 0.09876562500000005 0.17856944444444436
19 0.4955859375 0.33563888888888893 0.13117187500000008 0.30150000000000005
19 0.57869140625 0.3992222222222222 0.07199218750000007 0.12147222222222223
19 0.39791015625000004 0.33699999999999997 0.07963281250000005 0.13344444444444445
18 0.30577343749999997 0.35481250000000003 0.05160937499999996 0.0642638888888889
19 0.571140625 0.30725694444444446 0.07314062499999992 0.07656944444444444
19 0.591046875 0.2572222222222222 0.07110937499999999 0.06719444444444443
19 0.60609375 0.13527777777777777 0.275 0.27055555555555555
19 0.666734375 0.30925694444444446 0.04668749999999999 0.0895416666666667
19 0.74947265625 0.2601111111111111 0.04347656250000007 0.07874999999999999
12 0.3737265625 0.19102777777777777 0.05448437500000001 0.17544444444444443
19 0.4752656249999999 0.3452013888888889 0.05396874999999994 0.1040138888888889
17 0.47417968749999995 0.13091666666666665 0.07760937499999994 0.13074999999999998
19 0.19952734374999997 0.149125 0.054851562500000006 0.10691666666666669
19 0.3049921875 0.04638888888888889 0.09342187500000003 0.09277777777777778
17 0.3884765625 0.03916666666666667 0.07192187499999995 0.07833333333333334
19 0.45979296875 0.02327083333333333 0.03657031249999996 0.04654166666666666
18 0.11199218749999999 0.13903472222222224 0.10217187500000002 0.2780694444444445