18 0.5147890625 0.8713680555555555 0.12156249999999993 0.2572638888888889
14 0.41237109375000003 0.7258611111111111 0.06575781250000001 0.13261111111111112
2 0.5011171875 0.6717222222222222 0.05625 0.1945277777777777
12 0.26805859375 0.6386111111111111 0.07533593750000005 0.10888888888888885
14 0.6055078125000001 0.3548611111111111 0.12710937500000002 0.24361111111111108
19 0.68728515625 0.08180555555555555 0.20050781250000008 0.1636111111111111
12 0.26121093749999996 0.4953888888888889 0.08976562499999999 0.16625000000000006
12 0.5965703125 0.13427083333333334 0.05764062499999998 0.09437499999999999
0 0.48456640625 0.08297222222222222 0.14114843750000006 0.16594444444444445
12 0.27651171875 0.07170833333333333 0.1623984375 0.14341666666666666
16 0.27937500000000004 0.7384791666666667 0.07156250000000001 0.09734722222222218
14 0.66840234375 0.5113958333333334 0.08714843749999997 0.12476388888888895
8 0.68966796875 0.30322916666666666 0.1201171875 0.33993055555555557
14 0.229984375 0.7073680555555556 0.02887500000000003 0.08998611111111114
2 0.42317578125 0.9350416666666665 0.047914062499999986 0.12897222222222207
0 0.447328125 0.7739305555555556 0.06846875000000008 0.1326388888888889
3 0.442390625 0.5169652777777778 0.11068750000000005 0.23198611111111106
18 0.4726796875 0.2567013888888889 0.11660937499999999 0.18520833333333336
0 0.421 0.29572916666666665 0.08251562500000005 0.11704166666666664
2 0.34225781250000004 0.2200138888888889 0.1485 0.14825000000000002
16 0.37126562499999993 0.5268472222222222 0.14082812499999994 0.3828611111111112
18 0.13074609375000001 0.21350694444444443 0.1218671875 0.42701388888888886