0 0.2234375 0.9770833333333333 0.04453125 0.04583333333333333
19 0.444140625 0.9138680555555556 0.09945312499999996 0.17226388888888886
19 0.514453125 0.9368055555555556 0.0953125 0.12638888888888888
19 0.684375 0.9659722222222222 0.05625 0.06805555555555555
12 0.61009375 0.9036666666666666 0.10903124999999995 0.14238888888888887
12 0.6789140625 0.8190069444444446 0.06953125 0.12143055555555564
19 0.46857812499999996 0.9398194444444444 0.026609374999999956 0.05188888888888875
19 0.39660546874999997 0.8407152777777779 0.06867968750000002 0.31856944444444435
19 0.2519296875 0.7460486111111111 0.09612499999999997 0.17645833333333327
19 0.41333984374999994 0.7442708333333333 0.11502343750000002 0.1963194444444444
13 0.6558515625 0.684138888888889 0.18457812499999998 0.2504722222222222
19 0.27213671875 0.6679375 0.0610390625 0.10379166666666662
19 0.33317968750000004 0.5211319444444444 0.152796875 0.24748611111111118
14 0.46382812500000004 0.5379722222222223 0.15539062500000003 0.3072222222222223
12 0.21046484375 0.6150416666666666 0.08919531249999998 0.17138888888888887
12 0.37086718750000003 0.4134861111111111 0.07134374999999996 0.12988888888888886
8 0.19586718750000004 0.36272222222222217 0.15546875000000002 0.3225
19 0.5705546875 0.43002083333333335 0.13904687500000001 0.1909305555555556
19 0.7790898437500001 0.4077222222222222 0.12096093750000003 0.179
14 0.2872578125 0.33081944444444444 0.0944375 0.18483333333333338
19 0.85029296875 0.1757291666666667 0.1263671875 0.21104166666666666
19 0.767359375 0.22625 0.03914062499999993 0.051472222222222225
19 0.515453125 0.26795833333333335 0.1295 0.16647222222222224
19 0.4923046875 0.13069444444444445 0.11507812499999996 0.2613888888888889
12 0.35210156249999996 0.11194444444444443 0.13892187499999994 0.22388888888888886
19 0.4108124999999999 0.1867361111111111 0.060249999999999956 0.09569444444444443
17 0.6281054687500001 0.24540277777777778 0.07005468750000006 0.13030555555555554
7 0.7318125 0.13727777777777778 0.05942187499999996 0.21655555555555553
19 0.55666015625 0.032736111111111105 0.05666406249999998 0.06272222222222222