19 0.41025 0.9254791666666667 0.13256250000000006 0.1490416666666666
2 0.64003515625 0.9229999999999999 0.2321328125000001 0.15400000000000016
14 0.793171875 0.8002916666666667 0.06303124999999996 0.1238611111111112
19 0.41382812500000005 0.8868541666666666 0.08626562500000001 0.09448611111111108
18 0.48060937500000006 0.7660416666666666 0.15328125000000004 0.2433333333333334
19 0.5304140625 0.8115416666666666 0.07085937500000003 0.09311111111111106
13 0.164890625 0.8169652777777778 0.07625000000000001 0.15026388888888897
4 0.64510546875 0.7597916666666668 0.05003906249999997 0.0856944444444445
8 0.74028125 0.6510972222222222 0.05979687499999997 0.1268888888888889
17 0.354671875 0.7344583333333334 0.05006250000000003 0.09311111111111106
19 0.62258203125 0.5915833333333333 0.1917890625 0.25891666666666663
19 0.36070703125 0.6289930555555555 0.042367187500000014 0.11234722222222221
19 0.38741796875 0.5758541666666667 0.09880468749999997 0.25331944444444443
12 0.45736718749999994 0.5810486111111112 0.040046874999999996 0.10273611111111115
18 0.51091015625 0.6360972222222222 0.09471093750000001 0.28344444444444444
18 0.63778125 0.3355277777777778 0.08493750000000003 0.2101388888888889
19 0.46580859375 0.4371319444444445 0.09078906250000003 0.17373611111111115
19 0.38326562499999994 0.39620833333333333 0.06562499999999996 0.10094444444444449
18 0.39196093750000005 0.37575000000000003 0.07770312500000003 0.16713888888888892
8 0.57968359375 0.22889583333333335 0.10514843749999994 0.23415277777777782
3 0.49721484374999997 0.2785694444444444 0.06161718749999991 0.16916666666666663
2 0.44777734375 0.29110416666666666 0.045554687499999955 0.1152638888888889
3 0.26323828125000004 0.3190486111111111 0.05649218749999996 0.10495833333333332
19 0.33415625 0.38352777777777775 0.03273437499999998 0.06047222222222221
17 0.39930468750000003 0.23200694444444447 0.06803124999999999 0.14901388888888892
19 0.344125 0.22859027777777774 0.047531250000000025 0.12170833333333332
19 0.7151015624999999 0.14868055555555554 0.13479687499999998 0.2973611111111111
19 0.68044140625 0.2642569444444444 0.05521093750000006 0.11176388888888893
2 0.653828125 0.21775 0.05328125000000004 0.14327777777777778
17 0.37273046875000004 0.08459027777777778 0.07702343749999999 0.15879166666666664
17 0.32272265625 0.10503472222222222 0.06578906250000002 0.14454166666666665
3 0.252921875 0.08675000000000001 0.070609375 0.17350000000000002
8 0.6003164062499999 0.04541666666666667 0.08717968749999994 0.09083333333333334
19 0.46151953125 0.09505555555555555 0.16260156249999996 0.18541666666666667
19 0.5674296875 0.06034027777777778 0.07167187500000001 0.10840277777777778