19 0.6726875 0.9389722222222221 0.1985312499999999 0.12205555555555571
19 0.522875 0.9574375 0.09995312500000005 0.08512499999999995
19 0.383203125 0.8909722222222223 0.13125 0.21805555555555556
19 0.47052734375 0.8890208333333334 0.11697656250000002 0.21951388888888881
19 0.20909765624999999 0.8236249999999999 0.06088281250000003 0.10108333333333329
8 0.5927031250000001 0.8472777777777777 0.10853125000000005 0.16436111111111099
17 0.28859375 0.874326388888889 0.06351562499999996 0.14395833333333347
12 0.1964765625 0.6978125000000001 0.08810937499999998 0.15293055555555557
19 0.57615625 0.6772222222222223 0.09595312499999994 0.2058888888888889
12 0.519578125 0.7038888888888889 0.07720312499999996 0.1745
12 0.44452734375 0.6964375 0.05746093749999996 0.11959722222222224
8 0.30216796874999996 0.6361111111111111 0.11011718750000003 0.3224722222222223
8 0.7606875000000001 0.5106736111111111 0.12659375000000006 0.3726805555555556
11 0.52048046875 0.5243958333333333 0.15882031249999998 0.13370833333333332
17 0.44771093749999996 0.41584722222222226 0.07679687499999996 0.13994444444444443
17 0.33716796875 0.4139861111111111 0.09396093749999998 0.17186111111111113
19 0.21473828125 0.3617222222222222 0.15619531250000002 0.23872222222222222
12 0.520484375 0.3781458333333333 0.09000000000000004 0.17276388888888888
8 0.73293359375 0.23464583333333333 0.22633593750000003 0.37987499999999996
2 0.5681289062499999 0.17347222222222222 0.11117968749999996 0.34694444444444444
19 0.3801875 0.2775347222222222 0.021171875000000017 0.04470833333333333
19 0.45959765625 0.2150625 0.03441406249999997 0.04729166666666668
19 0.7211289062499999 0.042888888888888886 0.08735156249999995 0.08577777777777777
19 0.6436367187500001 0.13047916666666665 0.08086718749999999 0.21176388888888892
19 0.4967890625 0.06459722222222222 0.030437500000000027 0.07058333333333332
19 0.44782031250000004 0.13753472222222224 0.11514062500000004 0.09412499999999997
19 0.426640625 0.0640625 0.1125 0.128125
19 0.36046875 0.04170833333333333 0.048968749999999964 0.08341666666666667