17 0.5004296874999999 0.9786805555555556 0.04929687499999993 0.042638888888888955
16 0.5668046875 0.8270694444444444 0.14014062500000007 0.1980833333333332
18 0.82578125 0.9902777777777778 0.0203125 0.019444444444444445
10 0.7914609374999999 0.739138888888889 0.1297968749999999 0.3413333333333333
14 0.383671875 0.9508541666666667 0.04696874999999996 0.09829166666666664
16 0.20514453125000004 0.9577499999999999 0.0708984375 0.08449999999999988
8 0.73341015625 0.9376597222222223 0.11902343749999993 0.12468055555555553
18 0.77174609375 0.8552569444444444 0.11519531249999995 0.19245833333333323
19 0.4625703125 0.9047499999999999 0.030796875000000057 0.058833333333333196
18 0.26063281250000003 0.7720555555555555 0.079296875 0.2111111111111111
14 0.469734375 0.7939722222222223 0.07337500000000005 0.16822222222222216
17 0.65908984375 0.6640833333333334 0.05417968749999993 0.09736111111111106
19 0.55809765625 0.6324930555555556 0.1830234375 0.3514027777777778
3 0.20713281249999999 0.7264027777777777 0.06489062499999998 0.20638888888888884
17 0.4031015625 0.6498125 0.04042187500000001 0.14709722222222227
18 0.44255859374999995 0.598875 0.061820312500000085 0.22988888888888895
17 0.26777734375 0.521361111111111 0.07680468749999995 0.21486111111111117
7 0.35229296874999994 0.49554861111111115 0.07407031249999996 0.19604166666666664
18 0.18934765625 0.5901527777777777 0.03238281249999999 0.06774999999999996
19 0.24548046874999999 0.5210069444444444 0.06583593749999998 0.11259722222222214
19 0.33869140625 0.4466805555555556 0.11910156250000004 0.3364166666666667
17 0.47103125000000007 0.4301875 0.06246875000000003 0.10956944444444443
17 0.63061328125 0.37268749999999995 0.041367187500000034 0.17598611111111112
14 0.7762578125 0.4992291666666667 0.04643750000000004 0.07804166666666675
16 0.69577734375 0.3787013888888888 0.07347656249999997 0.19704166666666667
0 0.501578125 0.29744444444444446 0.10721875 0.3046111111111111
17 0.7758359374999999 0.18836805555555555 0.06332812499999996 0.14659722222222224
2 0.27456640625000006 0.23731944444444444 0.04897656250000004 0.1390833333333333
19 0.23746874999999998 0.2325277777777778 0.066703125 0.10022222222222218
16 0.4235703125 0.21158333333333335 0.043390624999999974 0.09294444444444447
19 0.452359375 0.317625 0.033421874999999976 0.07922222222222221
17 0.4593710937499999 0.1035625 0.08583593749999992 0.09631944444444443
16 0.73975390625 0.099625 0.1273515624999999 0.19925
11 0.26246875 0.08132638888888889 0.11864062500000001 0.16265277777777779
19 0.44154296875 0.036298611111111115 0.08611718750000001 0.07259722222222223