10 0.16498828125 0.9546805555555555 0.05997656249999998 0.09063888888888888
17 0.567578125 0.9361111111111111 0.065625 0.12777777777777777
19 0.62376953125 0.9239236111111111 0.08774218749999996 0.15215277777777772
12 0.736328125 0.9270833333333334 0.13359375 0.14583333333333334
19 0.466796875 0.9770833333333333 0.05078125 0.04583333333333333
19 0.24691796875 0.9351874999999998 0.09952343749999999 0.1296249999999999
12 0.32458203124999996 0.9654097222222222 0.05686718749999997 0.06918055555555548
19 0.392578125 0.9395833333333333 0.08984375 0.12083333333333333
19 0.29700390624999995 0.7165 0.11246093750000004 0.5670000000000001
19 0.50693359375 0.8568958333333334 0.09778906250000005 0.17384722222222232
8 0.4443164062499999 0.9267083333333334 0.03502343749999994 0.09341666666666665
19 0.66501953125 0.6613541666666666 0.1298671875 0.11909722222222215
19 0.490828125 0.7278125 0.1010625000000001 0.09156944444444454
19 0.37041015625 0.7171805555555556 0.04730468749999996 0.10988888888888898
19 0.3415078125 0.5734513888888889 0.14299999999999996 0.2618472222222222
19 0.53419140625 0.6378611111111111 0.07005468750000006 0.13844444444444454
19 0.6315039062500001 0.6056597222222223 0.15678906250000005 0.20254166666666673
17 0.476375 0.5814583333333333 0.07610937500000006 0.21458333333333332
15 0.5375703125 0.5074097222222222 0.09271875000000004 0.15165277777777786
19 0.43680859375000003 0.5155555555555555 0.05025781249999994 0.13666666666666663
19 0.7049921875 0.4177916666666667 0.05293749999999999 0.1103055555555555
8 0.54778515625 0.3582430555555556 0.03685156250000006 0.10915277777777782
7 0.59526171875 0.37150000000000005 0.0976640625 0.23311111111111116
19 0.23448046875 0.5566388888888889 0.01730468749999998 0.05713888888888887
19 0.40259375 0.43198611111111107 0.03503124999999998 0.06411111111111106
19 0.32773046875 0.38251388888888893 0.02782031250000001 0.032972222222222236
19 0.40963281250000005 0.35472916666666665 0.013390625000000078 0.03479166666666668
19 0.36825390625 0.24270833333333333 0.012367187500000033 0.02563888888888886
19 0.48265625000000006 0.28030555555555553 0.06734375000000004 0.25727777777777777
19 0.2514609375 0.20427083333333332 0.113078125 0.19118055555555552
19 0.40607421875 0.14718055555555556 0.08530468750000005 0.1098888888888889
14 0.22742187500000002 0.09611111111111112 0.10406250000000002 0.19222222222222224
19 0.39983203125 0.0801527777777778 0.0631796875 0.09450000000000003
16 0.44866406249999996 0.06919444444444445 0.15095312500000002 0.1383888888888889
19 0.60443359375 0.049381944444444444 0.019898437500000022 0.03295833333333334
18 0.324453125 0.07096527777777778 0.08318750000000001 0.14193055555555556