16 0.470703125 0.9444444444444444 0.17421875 0.1111111111111111
8 0.71761328125 0.8180555555555555 0.2268671874999999 0.30416666666666664
19 0.37265625 0.9486111111111111 0.11171875 0.10277777777777777
2 0.19602734375 0.9183333333333332 0.08158593750000001 0.16333333333333322
19 0.46809765625 0.7258611111111111 0.1191328125 0.26422222222222225
8 0.263453125 0.7819999999999999 0.10756250000000005 0.4360000000000001
8 0.545515625 0.7349583333333334 0.12859374999999992 0.3054166666666667
17 0.337828125 0.8455833333333332 0.05081249999999997 0.12747222222222218
17 0.40249218749999993 0.8378749999999999 0.08406249999999997 0.10988888888888873
17 0.5043203125 0.8573333333333333 0.03787500000000001 0.05466666666666653
12 0.6010703125 0.5798194444444444 0.07710937500000004 0.13180555555555554
19 0.22673046875000002 0.5611388888888889 0.0715859375 0.16588888888888897
19 0.38301953125 0.6649791666666667 0.1200546875 0.25356944444444435
19 0.43770703125 0.6069791666666667 0.05785156249999997 0.11454166666666671
19 0.497859375 0.47334027777777776 0.07787500000000006 0.27918055555555554
19 0.345125 0.2564166666666667 0.20549999999999996 0.47255555555555556
19 0.26343750000000005 0.4482361111111111 0.012656250000000036 0.03505555555555557
17 0.70510546875 0.49009722222222224 0.04302343749999995 0.09619444444444443
17 0.6155468749999999 0.3513819444444444 0.07465624999999995 0.14451388888888886
19 0.42308593749999995 0.2530138888888889 0.04168749999999992 0.10813888888888891
18 0.20530468749999997 0.17979166666666666 0.20435937499999995 0.3595833333333333
7 0.4603984375 0.17987499999999998 0.07139062500000008 0.19858333333333336
7 0.676015625 0.1912638888888889 0.2109375 0.32025
19 0.4204609375 0.0816875 0.10829687499999996 0.14795833333333333
19 0.5317265625 0.10025 0.13203125 0.2005
12 0.651890625 0.01717361111111111 0.05489062499999999 0.03434722222222222
19 0.328375 0.5354097222222223 0.16653124999999996 0.18315277777777778