17 0.4316328124999999 0.9815555555555556 0.03954687499999991 0.03688888888888881
17 0.51015625 0.9576388888888889 0.0546875 0.08472222222222223
17 0.5929140625 0.9882152777777777 0.053703125000000004 0.023569444444444483
10 0.642125 0.9357083333333333 0.08809375 0.12858333333333324
19 0.2972734375 0.8405625000000001 0.09237500000000001 0.1436250000000001
19 0.39982031250000005 0.8554791666666668 0.044984375000000035 0.11026388888888902
19 0.449875 0.8968958333333333 0.06321875000000006 0.15129166666666677
19 0.5088515625000001 0.8185833333333333 0.09000000000000004 0.22574999999999995
17 0.6216445312500001 0.7364583333333333 0.0669921875 0.20847222222222217
3 0.27224609375000003 0.5861041666666666 0.060789062499999956 0.1267916666666666
3 0.40902343750000003 0.5979652777777779 0.04620312500000003 0.08134722222222229
19 0.49252343749999994 0.594576388888889 0.08028125 0.16173611111111116
19 0.5515000000000001 0.5408055555555555 0.07003125000000007 0.0985555555555556
19 0.6759531249999999 0.4228263888888889 0.08170312499999995 0.1972361111111111
19 0.7164921875 0.4239375 0.029328124999999972 0.06976388888888892
9 0.49849218749999996 0.3970833333333334 0.1647500000000001 0.31400000000000006
2 0.2356015625 0.39061111111111113 0.142390625 0.24086111111111105
19 0.5378125 0.1370138888888889 0.11140624999999993 0.22708333333333333
19 0.5854140625 0.29018055555555555 0.06889062500000005 0.08286111111111107
3 0.6320234375 0.2820763888888889 0.08510937500000004 0.1639027777777778
17 0.48610546875000005 0.1856111111111111 0.06892968750000002 0.12266666666666666
19 0.60243359375 0.12753472222222223 0.03546093750000008 0.07204166666666667
19 0.5750781249999999 0.06736805555555556 0.03951562499999994 0.1347361111111111
19 0.21591015625 0.07529861111111112 0.024320312499999996 0.0360138888888889
19 0.41651953124999996 0.23920833333333336 0.028367187499999957 0.04683333333333337
8 0.6921015625000001 0.07727777777777778 0.19250000000000006 0.15455555555555556
7 0.29392578125 0.010631944444444446 0.060789062499999956 0.02126388888888889
17 0.45704687499999996 0.058361111111111114 0.07496875000000003 0.11672222222222223
19 0.35066015625 0.01423611111111111 0.026335937500000028 0.02847222222222222