12 0.475 0.9798611111111111 0.04921875 0.04027777777777778
12 0.37009375 0.9777847222222222 0.03965624999999999 0.04443055555555557
19 0.40212890625000003 0.9584791666666667 0.032679687499999985 0.03898611111111102
19 0.203328125 0.8372083333333333 0.083984375 0.14233333333333337
8 0.6103281249999999 0.8975902777777778 0.04928124999999994 0.13481944444444435
17 0.6044921875 0.7586875 0.08648437500000003 0.1276527777777778
19 0.7914101562500001 0.8024791666666666 0.08930468750000005 0.1590694444444444
19 0.8462343750000001 0.8395347222222221 0.08321874999999998 0.15290277777777767
19 0.534953125 0.9246319444444444 0.03021875000000005 0.05123611111111125
12 0.299515625 0.7033194444444444 0.16178125000000004 0.20522222222222222
18 0.27019531249999995 0.6348055555555555 0.10617187499999999 0.13958333333333334
3 0.39221093749999997 0.7189236111111111 0.08526562500000004 0.10934722222222225
17 0.500453125 0.6077986111111111 0.05645312499999999 0.1332916666666667
19 0.42276953125 0.6355277777777778 0.10447656250000001 0.1765
19 0.5926875 0.6471388888888889 0.07751562500000002 0.12938888888888883
18 0.25633984375 0.5437361111111111 0.09830468750000003 0.12480555555555557
18 0.3398984375 0.5104097222222223 0.09128125000000002 0.15856944444444437
17 0.5338164062499999 0.575125 0.06192968749999998 0.1213611111111111
8 0.54278515625 0.47430555555555554 0.10678906250000005 0.15430555555555558
19 0.46143359375 0.48865277777777777 0.024039062499999986 0.04513888888888889
19 0.48949999999999994 0.5362152777777778 0.019031249999999923 0.03070833333333335
19 0.6289375 0.40904166666666664 0.020218750000000084 0.04222222222222219
19 0.5924296874999999 0.302625 0.12132812499999997 0.21563888888888888
12 0.37997265625 0.36668055555555557 0.10013281249999997 0.16538888888888892
3 0.49859374999999995 0.23000694444444442 0.06609374999999992 0.17498611111111112
19 0.790640625 0.22791666666666666 0.04226562499999993 0.0688611111111111
19 0.35261718750000004 0.13875 0.21585937499999996 0.2775
19 0.58523828125 0.025520833333333333 0.03569531250000004 0.051041666666666666
18 0.11199218749999999 0.13903472222222224 0.10217187500000002 0.2780694444444445