19 0.6624960937500001 0.8827499999999999 0.28653906250000005 0.23449999999999988
19 0.27421875 0.9097222222222222 0.1109375 0.18055555555555555
10 0.338671875 0.9402777777777778 0.07265625 0.11944444444444445
19 0.44842578125 0.914861111111111 0.14502343749999996 0.17027777777777764
19 0.337296875 0.7986944444444444 0.113578125 0.20297222222222214
19 0.41689453125 0.7548055555555556 0.10036718750000002 0.1843055555555556
19 0.7574804687500001 0.7090000000000001 0.09816406250000007 0.13727777777777775
19 0.16062109375 0.7627499999999999 0.017648437499999982 0.07255555555555557
3 0.2005234375 0.5455694444444444 0.17648437499999997 0.3963611111111111
19 0.27700390625 0.6760416666666667 0.060664062499999984 0.12744444444444444
19 0.60659765625 0.6985972222222222 0.06838281249999997 0.14313888888888882
18 0.329109375 0.637125 0.057890625000000015 0.10791666666666673
18 0.45034765625000006 0.7126458333333333 0.1102890625 0.20195833333333338
18 0.4104609375 0.6177638888888889 0.12573437500000004 0.13291666666666674
17 0.56375390625 0.7433680555555556 0.06510156249999995 0.15098611111111115
17 0.5189179687500001 0.7401041666666667 0.046320312499999974 0.1784305555555556
19 0.5293749999999999 0.6114027777777777 0.04812499999999993 0.0822777777777778
19 0.38961328125 0.4984444444444444 0.13878906249999998 0.19688888888888886
19 0.53061328125 0.4550833333333334 0.05203906249999992 0.13141666666666668
19 0.48120312499999995 0.41018055555555555 0.047890624999999964 0.14008333333333337
17 0.4699453125 0.5432986111111111 0.05054687500000003 0.10784722222222219
7 0.35560546875 0.33604861111111106 0.04963281249999998 0.13137500000000005
19 0.3171875 0.3301666666666667 0.03860937499999997 0.09411111111111113
19 0.43152734375 0.33538888888888885 0.08382031249999997 0.13724999999999998
18 0.5074453125 0.3471597222222222 0.07279687500000005 0.10587499999999998
19 0.41387890625 0.19659722222222223 0.14007031249999996 0.17097222222222225
19 0.5458632812499999 0.18220833333333333 0.1422734375000001 0.19447222222222219
18 0.58262890625 0.23861111111111113 0.050742187500000036 0.1438888888888889
19 0.3966015625 0.2926458333333333 0.047796875 0.07026388888888893
19 0.442875 0.13694444444444442 0.111125 0.27388888888888885
8 0.25827343750000004 0.050326388888888886 0.12407812499999997 0.10065277777777777
19 0.35891406249999996 0.07075 0.06801562499999995 0.1415
19 0.5243554687499999 0.10016666666666667 0.23713281249999998 0.20033333333333334
19 0.6801445312500001 0.03970833333333333 0.05974218750000002 0.07941666666666666
19 0.62598828125 0.5219444444444444 0.25099218749999996 0.24763888888888883