17 0.24375 0.9777777777777777 0.0765625 0.044444444444444446
19 0.37421875 0.9791666666666666 0.065625 0.041666666666666664
3 0.55930859375 0.95625 0.07525781249999994 0.0875
19 0.7640390625 0.9545555555555555 0.10249999999999995 0.09088888888888896
10 0.63057421875 0.8636041666666666 0.09260156249999998 0.22509722222222214
10 0.22712890625 0.7448888888888889 0.13119531250000002 0.31536111111111104
19 0.25357421875 0.9113194444444445 0.04985156249999996 0.08613888888888886
19 0.4940546875 0.7395277777777778 0.177328125 0.3358055555555555
19 0.5138828125 0.48606250000000006 0.086140625 0.15743055555555557
2 0.40430078125 0.47544444444444445 0.13586718750000001 0.21144444444444446
2 0.7655078124999999 0.44198611111111114 0.07812499999999992 0.1213055555555556
19 0.55944921875 0.3129652777777778 0.1114140625000001 0.3360138888888889
16 0.4373125 0.3229236111111111 0.15726562499999996 0.24331944444444448
18 0.6671875 0.12556944444444443 0.15421875000000007 0.25113888888888886
19 0.2073671875 0.23914583333333334 0.039312500000000014 0.06212500000000003
14 0.254984375 0.0698263888888889 0.027812500000000018 0.06740277777777778
14 0.314625 0.06515277777777777 0.09534374999999998 0.13030555555555554
17 0.41365625 0.0675763888888889 0.04778125000000002 0.107375
17 0.46527343750000005 0.09569444444444446 0.09132812500000007 0.19138888888888891
19 0.5387734375 0.03147222222222222 0.053078125000000045 0.06294444444444444
12 0.78259375 0.056187499999999994 0.08403124999999996 0.11237499999999999
19 0.380109375 0.025423611111111112 0.05476562500000002 0.050847222222222224