19 0.26198437500000005 0.7306875 0.25984375000000004 0.5386249999999999
19 0.36674609375000006 0.9623055555555555 0.10041406250000003 0.07538888888888885
19 0.55378515625 0.9210416666666666 0.09585156250000004 0.15791666666666673
11 0.5884296874999999 0.9038472222222222 0.11704687499999995 0.19230555555555562
17 0.71265625 0.9797222222222222 0.03921875000000004 0.040555555555555615
17 0.70287109375 0.9415208333333334 0.06216406249999995 0.07945833333333338
17 0.7859609375 0.8328402777777778 0.06085937499999998 0.10356944444444435
19 0.42036328125000005 0.8785208333333333 0.07255468749999996 0.17476388888888877
19 0.45580078125000006 0.8550138888888887 0.043085937500000074 0.11752777777777762
19 0.4816953125 0.8314999999999999 0.022749999999999916 0.05636111111111101
19 0.51555859375 0.8399097222222223 0.04347656250000007 0.08165277777777773
19 0.5081718749999999 0.7603472222222223 0.08481249999999996 0.10652777777777785
19 0.58396875 0.7528819444444443 0.05646874999999998 0.07956944444444439
19 0.71826171875 0.8967777777777777 0.0580078125 0.09283333333333323
3 0.39049609375000005 0.7884722222222222 0.06880468749999995 0.15680555555555561
19 0.381171875 0.7192291666666667 0.058125000000000024 0.10868055555555556
19 0.68178515625 0.7165069444444444 0.17614843750000003 0.3780416666666667
8 0.80835546875 0.6411805555555556 0.09346093750000009 0.27411111111111114
19 0.58253125 0.4734166666666667 0.21525 0.42375
18 0.5695546874999999 0.6505416666666667 0.09410937500000002 0.13772222222222225
18 0.6056210937500001 0.7140000000000001 0.03235156250000006 0.04994444444444449
19 0.61898828125 0.6576458333333334 0.020664062500000035 0.052402777777777805
12 0.61944921875 0.5163333333333333 0.08047656249999999 0.28763888888888894
17 0.4799765625 0.5037638888888889 0.05404687500000005 0.0844722222222223
19 0.73042578125 0.45775000000000005 0.04997656250000002 0.07008333333333339
19 0.820625 0.45951388888888894 0.08989062499999996 0.12127777777777769
19 0.30923046875 0.36025 0.11153906249999998 0.23866666666666672
2 0.20835937499999999 0.4308472222222222 0.08953125000000002 0.16750000000000004
19 0.37706249999999997 0.5084444444444445 0.12571875000000002 0.11922222222222227
19 0.4810078125 0.38031944444444443 0.07200000000000006 0.14908333333333337
18 0.54280859375 0.4224652777777778 0.057679687499999945 0.11093055555555556
19 0.21412109375000005 0.3284930555555555 0.09760156250000003 0.1447638888888889
3 0.46312109375 0.3387708333333333 0.12697656249999997 0.20493055555555556
19 0.42686718749999997 0.14899305555555556 0.13439062499999999 0.25159722222222225
17 0.49296093750000003 0.20606944444444444 0.07829687500000002 0.0931388888888889
17 0.5911015625 0.26825000000000004 0.04029687499999994 0.059000000000000025
12 0.7696484375000001 0.14618055555555556 0.14367187500000006 0.25930555555555557
19 0.22480859375 0.10077083333333334 0.039617187500000026 0.06140277777777779
12 0.3179765625 0.0476875 0.083296875 0.095375
0 0.3758828125 0.021680555555555554 0.038203124999999984 0.04336111111111111
19 0.5185117187499999 0.033965277777777775 0.07639843749999997 0.06793055555555555
14 0.6660078125 0.10255555555555557 0.024546875000000058 0.053722222222222234
19 0.5015 0.08483333333333333 0.04903124999999999 0.06866666666666667
18 0.11199218749999999 0.13903472222222224 0.10217187500000002 0.2780694444444445