14 0.2665234375 0.9078472222222221 0.06226562500000003 0.11041666666666666
17 0.31050390625 0.9569861111111111 0.06236718750000003 0.08602777777777786
11 0.163359375 0.9759027777777778 0.05 0.048194444444444505
17 0.701171875 0.9590277777777778 0.07421875 0.08194444444444444
17 0.35887890625 0.8743749999999999 0.0633671875 0.13191666666666668
10 0.5138125 0.8605347222222222 0.16449999999999995 0.12023611111111102
10 0.671484375 0.9048611111111111 0.10546875 0.19027777777777777
14 0.7540507812499999 0.9345625 0.06077343749999997 0.11170833333333342
19 0.58990625 0.8879791666666667 0.07253124999999994 0.1429027777777779
19 0.52836328125 0.8258402777777778 0.12389843749999993 0.19251388888888907
19 0.77798828125 0.7573124999999999 0.07660156249999997 0.13993055555555556
14 0.56577734375 0.7316527777777777 0.08814843749999994 0.10986111111111106
18 0.6315781250000001 0.7507152777777778 0.06050000000000004 0.10445833333333339
19 0.6859375 0.6140069444444444 0.08406249999999993 0.16881944444444438
19 0.23693359374999998 0.6449583333333333 0.07394531249999999 0.10802777777777774
2 0.8294140624999999 0.5897569444444445 0.13414062499999996 0.22562500000000008
2 0.44439062499999993 0.6965277777777777 0.08307812499999993 0.16391666666666665
3 0.40012109375 0.5968958333333333 0.08914843749999997 0.1979583333333333
2 0.551953125 0.5544305555555554 0.19553125 0.27683333333333326
19 0.51148828125 0.6001597222222222 0.06889843750000005 0.1417083333333333
12 0.24084374999999997 0.47227083333333336 0.11449999999999998 0.2053194444444445
17 0.445 0.5023680555555555 0.07296875000000007 0.09918055555555551
16 0.72927734375 0.4319930555555555 0.13269531249999994 0.17579166666666662
19 0.5811484375 0.3356388888888889 0.15395312499999997 0.23880555555555555
17 0.41775390625000003 0.3458263888888889 0.06653906250000001 0.16026388888888887
18 0.3237109375 0.47804166666666664 0.07193750000000003 0.20822222222222217
3 0.6852734375 0.28192361111111114 0.08585937500000007 0.22634722222222226
7 0.7758007812500001 0.23465277777777777 0.20480468750000008 0.2718055555555555
19 0.4267890625 0.2107361111111111 0.060484375000000014 0.09625000000000002
8 0.5129179687500001 0.17323611111111112 0.1104609374999999 0.07755555555555556
16 0.447484375 0.07598611111111112 0.16393749999999999 0.15197222222222223
19 0.61986328125 0.07348611111111111 0.08372656250000006 0.14697222222222223
19 0.56322265625 0.02720138888888889 0.13508593750000006 0.05440277777777778