19 0.99477734375 0.01670138888888889 0.010445312499999915 0.03340277777777778
19 0.503828125 0.9640347222222222 0.025156250000000036 0.07193055555555551
19 0.3786171875 0.9918402777777777 0.03567187499999998 0.016319444444444445
19 0.3834140625 0.9053124999999999 0.08720312499999996 0.1736805555555555
17 0.5617617187499999 0.8004027777777779 0.08050781249999997 0.15611111111111123
19 0.70476953125 0.7734236111111111 0.2468984374999999 0.3634861111111112
18 0.45806250000000004 0.7814722222222221 0.10371875 0.1801111111111112
19 0.31864453125000003 0.8863541666666666 0.07964843750000003 0.1373194444444443
19 0.35520703124999997 0.7565902777777778 0.09702343750000005 0.19615277777777781
19 0.266765625 0.7689791666666667 0.051953125 0.33709722222222227
0 0.19269140625 0.6708402777777778 0.0818828125 0.18387500000000007
12 0.29767578125 0.6197152777777778 0.09516406249999995 0.16851388888888894
19 0.41626171875000006 0.6563680555555556 0.16103906250000005 0.1213194444444444
19 0.38625000000000004 0.5679305555555555 0.06825 0.22266666666666657
19 0.52708984375 0.6511944444444444 0.07013281249999999 0.10133333333333339
19 0.47271093750000004 0.5503611111111111 0.10951562500000005 0.10933333333333337
19 0.70305078125 0.4757152777777778 0.14391406250000002 0.261125
19 0.76648828125 0.5892361111111111 0.04692968749999995 0.0782777777777778
19 0.7869453125 0.41803472222222227 0.04432812499999992 0.09476388888888891
19 0.23482421874999998 0.5802430555555556 0.036992187500000016 0.1409305555555556
19 0.33085156250000003 0.49018055555555556 0.03865625000000002 0.06897222222222218
19 0.30128515625 0.42392361111111115 0.025742187500000034 0.048763888888888905
19 0.58690625 0.3703888888888889 0.06823437499999993 0.08338888888888887
19 0.77848046875 0.017916666666666668 0.022726562499999936 0.035833333333333335
19 0.7458984375 0.007500000000000001 0.010390624999999964 0.015000000000000001
19 0.48831640624999995 0.03179166666666667 0.0294921875 0.06358333333333334
19 0.61652734375 0.06278472222222221 0.19741406250000004 0.12556944444444443
18 0.11199218749999999 0.13903472222222224 0.10217187500000002 0.2780694444444445