19 0.99477734375 0.01670138888888889 0.010445312499999915 0.03340277777777778
12 0.37563281249999997 0.8797916666666665 0.14000000000000004 0.24041666666666653
19 0.458984375 0.9631944444444445 0.1296875 0.07361111111111111
19 0.5331015625 0.7418680555555556 0.20396874999999995 0.1600972222222222
19 0.5920703125 0.8304305555555556 0.07754687499999999 0.16091666666666654
11 0.6765625 0.8061805555555556 0.12062500000000007 0.2693055555555556
19 0.2627578125 0.7521388888888888 0.06656250000000004 0.08433333333333337
19 0.74328515625 0.7599861111111111 0.11608593750000003 0.2319722222222222
19 0.27383203125 0.6202708333333333 0.11696093750000003 0.2575138888888888
18 0.359171875 0.596125 0.08665624999999996 0.12252777777777782
19 0.53298046875 0.5416458333333333 0.24528906250000002 0.3210694444444444
19 0.4903281249999999 0.5844791666666668 0.1516718749999999 0.2472916666666666
19 0.35748046875000006 0.3348611111111111 0.2857421875 0.4766666666666666
10 0.53384375 0.33384722222222224 0.12346874999999997 0.13211111111111112
19 0.52556640625 0.1771875 0.10886718749999993 0.18645833333333334
19 0.47835546874999996 0.26084722222222223 0.02210156249999997 0.03469444444444447
18 0.2983515625 0.16747916666666668 0.11654687500000005 0.24995833333333328
19 0.5135859375 0.25764583333333335 0.04706250000000001 0.07465277777777778
19 0.2428046875 0.18747916666666664 0.044296875000000034 0.04768055555555553
19 0.5575625 0.06105555555555556 0.11621875 0.12211111111111111
19 0.371 0.0890486111111111 0.1501875 0.1780972222222222
18 0.11199218749999999 0.13903472222222224 0.10217187500000002 0.2780694444444445