19 0.44755078125000003 0.9427222222222222 0.07046093750000004 0.10849999999999985
19 0.52275 0.9514097222222222 0.1002812500000001 0.09718055555555559
8 0.6234023437499999 0.8701736111111111 0.1063359375000001 0.25965277777777784
19 0.79769140625 0.8206736111111111 0.20561718750000005 0.3586527777777778
19 0.39160546875 0.8769444444444444 0.13475781250000002 0.24611111111111117
19 0.279296875 0.9284722222222223 0.08359375 0.14305555555555555
19 0.18141796875 0.9366111111111112 0.04821093749999998 0.10550000000000005
19 0.234375 0.9444444444444444 0.06875 0.1111111111111111
19 0.4637421875 0.860548611111111 0.02690625000000004 0.04734722222222211
19 0.47949609375 0.7909305555555556 0.06922656249999992 0.12658333333333346
19 0.28294921875 0.7718333333333334 0.08777343750000002 0.1576944444444444
17 0.19871875 0.8023541666666667 0.06428124999999998 0.117375
17 0.55715625 0.7450138888888889 0.08360937499999999 0.13977777777777783
17 0.23458984374999997 0.6774722222222221 0.10977343749999999 0.13977777777777783
17 0.35648437499999996 0.6988402777777777 0.08010937499999997 0.13190277777777773
19 0.41604296874999996 0.6951944444444444 0.07121093750000003 0.12658333333333333
19 0.482734375 0.6243263888888889 0.224015625 0.14315277777777768
19 0.48426171875 0.7059513888888889 0.06527343749999996 0.0606527777777778
12 0.7140078125 0.5312361111111111 0.14984374999999997 0.3878611111111111
19 0.21100390625000004 0.5061875 0.09716406250000001 0.16615277777777776
19 0.624625 0.4640972222222222 0.05192187500000003 0.14069444444444437
19 0.379625 0.3911041666666667 0.05793750000000002 0.1534305555555556
19 0.4383085937500001 0.44056249999999997 0.08174218750000004 0.207125
2 0.47901171875 0.3342013888888889 0.11692968750000006 0.4497916666666667
17 0.8142695312500001 0.5323680555555554 0.06527343750000006 0.12923611111111105
19 0.3379140625 0.38247916666666665 0.03348437500000001 0.065625
19 0.39337109375 0.27899999999999997 0.09700781250000001 0.14499999999999996
9 0.607140625 0.27571527777777777 0.15882812499999996 0.18512499999999996
19 0.6405742187500001 0.7278055555555555 0.05150781250000005 0.06411111111111115
19 0.86871875 0.5071111111111111 0.02379687500000003 0.029305555555555588
19 0.76334375 0.22956944444444444 0.01648437499999993 0.02386111111111112
19 0.31537890625 0.3294166666666667 0.011335937499999994 0.027472222222222183
19 0.166375 0.2042847222222222 0.03603125 0.05698611111111109
19 0.29153515625000004 0.032125 0.03914843750000001 0.06425
19 0.30801953125 0.09988194444444445 0.04944531249999997 0.1924861111111111
19 0.33119921875 0.1869652777777778 0.019570312499999964 0.025652777777777795
19 0.38683203125 0.13934722222222223 0.07314843750000004 0.14286111111111108
19 0.40846484375000003 0.04128472222222222 0.08757031249999998 0.08256944444444445