7 0.4678984375 0.9687638888888889 0.148109375 0.06247222222222225
19 0.27204296875 0.8923611111111112 0.10983593750000002 0.2152777777777778
19 0.23372265625000002 0.694125 0.1713046875 0.20972222222222223
19 0.46715625000000005 0.8579444444444443 0.12867187500000005 0.18138888888888877
19 0.4422148437500001 0.8777222222222223 0.05422656250000006 0.08986111111111117
19 0.7052539062500001 0.8754374999999999 0.05247656250000006 0.11437499999999988
19 0.5664218750000001 0.8321875000000001 0.07628125000000008 0.19193055555555563
7 0.63794140625 0.7776111111111111 0.11877343749999998 0.16424999999999998
19 0.52565625 0.7722916666666667 0.08690625 0.18613888888888885
19 0.46890624999999997 0.7867291666666667 0.030140624999999942 0.04823611111111114
7 0.755390625 0.46645833333333336 0.09865624999999997 0.3795833333333333
15 0.66877734375 0.5641319444444445 0.15914843750000002 0.2942638888888889
2 0.45815625000000004 0.5913611111111111 0.22610937500000006 0.3724444444444446
2 0.34240234375 0.524701388888889 0.12261718750000003 0.35106944444444443
18 0.436078125 0.3539583333333334 0.24800000000000005 0.4601388888888888
19 0.6785078125 0.34697222222222224 0.09892187499999991 0.18413888888888894
19 0.3009765625 0.27781944444444445 0.035546875 0.2134166666666667
19 0.61365234375 0.37838194444444445 0.06891406250000003 0.1462083333333333
19 0.5723046875 0.17020833333333332 0.28117187500000007 0.34041666666666665
17 0.42351171875000004 0.11879166666666667 0.09705468750000001 0.060777777777777764
17 0.49519921875 0.021652777777777778 0.08161718750000002 0.043305555555555555
10 0.58007421875 0.104 0.04202343749999997 0.208
10 0.28173046875 0.06477083333333335 0.04753906250000002 0.11784722222222221
19 0.39980078125 0.043305555555555555 0.07389843749999998 0.08627777777777776
19 0.7510859375 0.10008333333333333 0.07720312499999996 0.20016666666666666