5 0.807390625 0.8506875 0.07771875000000002 0.12581944444444432
10 0.6033593749999999 0.8076736111111111 0.09221874999999997 0.1414027777777777
14 0.708453125 0.7822152777777779 0.040437499999999994 0.08820833333333332
19 0.38590625 0.9032777777777778 0.06645312499999996 0.06872222222222225
0 0.5114140625 0.7687152777777778 0.11014062500000002 0.16304166666666672
2 0.42570312499999996 0.6953611111111111 0.14203124999999997 0.23266666666666663
19 0.1850234375 0.7382152777777777 0.05384375000000001 0.09451388888888883
12 0.23343359374999997 0.7027569444444445 0.05316406249999996 0.14629166666666665
0 0.6395156249999999 0.7143472222222221 0.07760937499999994 0.12569444444444444
19 0.3362734375 0.7039097222222223 0.09729687499999998 0.08393055555555548
18 0.34629296875 0.6394791666666667 0.1519453125 0.13159722222222223
2 0.5624921875 0.5820347222222222 0.07065625000000005 0.06390277777777777
8 0.7159453125 0.4994722222222222 0.16301562500000005 0.46644444444444433
19 0.26798828125 0.6004513888888888 0.07341406250000002 0.165125
19 0.31591796875 0.5163611111111112 0.07264843750000001 0.1300277777777778
11 0.4777890625 0.5422291666666667 0.12306249999999999 0.12595833333333342
12 0.294609375 0.38784722222222223 0.06040624999999995 0.10705555555555557
6 0.3470859375 0.3045902777777778 0.14121875 0.2018194444444445
10 0.4440507812500001 0.38520138888888894 0.07842968750000008 0.22204166666666666
10 0.50712109375 0.4505972222222222 0.06377343750000009 0.09466666666666662
10 0.5468671875 0.36524305555555553 0.1278281249999999 0.19120833333333329
19 0.622171875 0.5646666666666667 0.048093749999999956 0.05375000000000006
19 0.6616953125 0.309375 0.10971875000000005 0.1213611111111111
19 0.76511328125 0.2981736111111111 0.10483593750000005 0.1699027777777778
19 0.75416796875 0.2516041666666667 0.05997656249999998 0.08495833333333336
19 0.7320234375 0.1738472222222222 0.12881250000000008 0.17908333333333332
19 0.41453125 0.20208333333333334 0.08578124999999996 0.08527777777777777
19 0.29678125 0.20855555555555555 0.09215625000000002 0.2108055555555556
19 0.34966796875000006 0.18472916666666667 0.050742187500000036 0.07126388888888889
19 0.51021484375 0.22474999999999998 0.02008593750000003 0.032944444444444484
12 0.54907421875 0.09448611111111112 0.11761718749999997 0.18897222222222224
19 0.38260546875 0.04507638888888889 0.09596093749999998 0.09015277777777778
17 0.6737109374999999 0.05433333333333333 0.08718749999999993 0.10866666666666666
7 0.262796875 0.024465277777777777 0.06778124999999999 0.048930555555555554
19 0.22876171875 0.0875 0.0672890625 0.10055555555555556
19 0.20630078125 0.5367361111111111 0.05338281250000001 0.0625555555555555
18 0.11199218749999999 0.13903472222222224 0.10217187500000002 0.2780694444444445