19 0.571328125 0.9570486111111111 0.04828124999999996 0.08590277777777765
16 0.43910156250000004 0.9785069444444444 0.08742187500000002 0.042986111111111176
18 0.6482578125 0.8436944444444445 0.15421875000000007 0.31261111111111106
14 0.2484296875 0.847986111111111 0.02921874999999998 0.061916666666666564
14 0.30673828125 0.8220625 0.09535156249999996 0.1697638888888889
17 0.41442187500000005 0.8325416666666666 0.04778125000000002 0.10736111111111105
17 0.454390625 0.8597916666666666 0.09132812500000007 0.19138888888888883
19 0.526453125 0.7527708333333334 0.06829687500000006 0.13476388888888885
12 0.7657265625 0.8265972222222222 0.08398437500000008 0.14652777777777778
12 0.7389414062499999 0.7164444444444444 0.07935156249999994 0.15080555555555553
11 0.5246718749999999 0.5948888888888889 0.10085937499999993 0.17711111111111108
19 0.21199609375 0.7297916666666667 0.06389843749999999 0.09236111111111112
19 0.29451953124999997 0.6876041666666667 0.07161718749999997 0.16223611111111103
19 0.2731171875 0.4976458333333333 0.12046875000000004 0.27195833333333325
19 0.37217968749999997 0.7238958333333332 0.07664062499999998 0.17673611111111112
19 0.45282421875 0.7187916666666666 0.07082031250000007 0.1180277777777778
19 0.38491015625 0.5730625 0.1510078125 0.27984722222222225
19 0.46140625 0.4775416666666667 0.12378125000000004 0.20388888888888881
19 0.53383984375 0.4601111111111111 0.17692968750000002 0.12366666666666662
12 0.6144296875 0.5010694444444445 0.07279687500000005 0.10569444444444448
19 0.8300234375000001 0.5439305555555556 0.05085937499999993 0.14208333333333328
16 0.6555117187499999 0.3295972222222222 0.05689843749999994 0.13599999999999998
16 0.3296484375 0.29856944444444444 0.11934375 0.2243888888888889
10 0.41879687500000007 0.3400763888888889 0.08998437500000005 0.20493055555555553
19 0.5106132812499999 0.3473541666666667 0.11528906249999996 0.31748611111111114
19 0.5756640625 0.27268055555555554 0.117578125 0.30202777777777784
16 0.23304687500000001 0.09907638888888888 0.12374999999999999 0.19815277777777776
3 0.32405468750000005 0.10037499999999999 0.20095312500000007 0.20074999999999998
19 0.50002734375 0.09752777777777778 0.11161718749999991 0.19505555555555557
19 0.671984375 0.11265277777777778 0.07037499999999994 0.06902777777777779
19 0.643484375 0.06279861111111111 0.15412499999999998 0.12559722222222222