14 0.23430078124999998 0.9675347222222223 0.05327343750000004 0.06493055555555556
19 0.46246875000000004 0.9432569444444444 0.1064375 0.11348611111111116
19 0.58423046875 0.9695347222222221 0.13736718749999993 0.060930555555555405
19 0.219046875 0.9228472222222223 0.0841875 0.12358333333333336
19 0.20307421875 0.7893611111111112 0.0743203125 0.1179166666666668
19 0.40311718750000003 0.7900347222222223 0.06067187500000002 0.24834722222222214
19 0.5434453125 0.8596111111111111 0.20904687499999994 0.17808333333333337
8 0.70625 0.9152777777777777 0.13203125 0.16944444444444445
18 0.7886523437500002 0.8247083333333333 0.12872656250000009 0.25380555555555556
19 0.47273828125 0.8224930555555555 0.0896484375 0.1153194444444444
15 0.55174609375 0.7314375 0.16813281250000003 0.22418055555555558
18 0.662 0.597013888888889 0.20896875 0.4140277777777779
19 0.6823828125 0.7999027777777779 0.11126562500000006 0.10336111111111121
8 0.5760859375 0.5060277777777779 0.19359374999999995 0.2259722222222223
19 0.26064453125 0.5555972222222222 0.08069531249999998 0.16774999999999995
19 0.34504296874999996 0.654125 0.07269531249999997 0.10022222222222218
19 0.455328125 0.5527291666666667 0.053999999999999916 0.10881944444444448
19 0.32280078125 0.35888194444444443 0.10930468749999997 0.24304166666666668
17 0.41423437500000004 0.4768888888888889 0.07726562500000003 0.13736111111111107
17 0.48069140625000006 0.39184722222222224 0.06594531250000006 0.10683333333333332
17 0.7055117187500001 0.21885416666666666 0.08038281250000008 0.15159722222222222
19 0.40446875000000004 0.24520833333333336 0.032140625000000034 0.06813888888888889
12 0.28819921875 0.28147222222222223 0.11880468749999995 0.1670277777777778
19 0.5472578125 0.3770763888888889 0.10260937499999993 0.1340694444444444
19 0.50948828125 0.22099305555555557 0.08913281249999994 0.20448611111111115
19 0.4613359375 0.254 0.042031249999999964 0.04616666666666668
19 0.630703125 0.31883333333333336 0.16071875000000002 0.18461111111111106
15 0.6009804687499999 0.17377083333333332 0.1756953124999999 0.20218055555555556
19 0.79141796875 0.035243055555555555 0.18049218749999998 0.07048611111111111
19 0.19053515625 0.0671875 0.07924218750000003 0.12968055555555555
19 0.3908671875 0.041909722222222216 0.08406250000000001 0.079125
19 0.6455429687500001 0.022131944444444444 0.06675781250000004 0.03956944444444445
17 0.5107851562500001 0.022131944444444444 0.04450781250000002 0.03956944444444445
19 0.32478124999999997 0.016777777777777777 0.02670312499999996 0.033555555555555554
2 0.5753984375 0.03155555555555555 0.08306249999999996 0.0631111111111111