19 0.3533984375 0.9777083333333334 0.020546874999999964 0.035416666666666666
19 0.3984609375 0.9576041666666667 0.11326562499999997 0.0847916666666666
19 0.528125 0.9705138888888889 0.13203125 0.05897222222222227
12 0.6341171875 0.9420347222222222 0.066015625 0.11593055555555559
0 0.22877343750000004 0.8194652777777778 0.04957812500000003 0.11879166666666663
19 0.44699999999999995 0.7340416666666667 0.09945312499999996 0.18908333333333324
19 0.5138476562500001 0.7652777777777777 0.09549218750000002 0.18136111111111108
19 0.6875 0.8145972222222222 0.062484375000000016 0.10263888888888902
17 0.31169921875 0.9033541666666666 0.07046093750000004 0.09670833333333348
17 0.5647578125 0.8996875 0.08529687500000005 0.10768055555555552
12 0.6136640625 0.7052777777777778 0.10903124999999995 0.12972222222222218
12 0.68320703125 0.6345902777777778 0.0695390625 0.12143055555555564
19 0.47287109374999997 0.742673611111111 0.02661718749999995 0.051902777777777624
19 0.40376171875000005 0.6620694444444445 0.06867968750000002 0.33519444444444446
19 0.2526484375 0.5552638888888889 0.09612499999999997 0.17647222222222214
19 0.4140546875 0.5560347222222223 0.11503125 0.19631944444444446
13 0.6637187499999999 0.4857291666666667 0.18457812499999998 0.2504583333333334
19 0.27571484375 0.46443749999999995 0.0610390625 0.1037916666666667
19 0.33532421875 0.3316180555555555 0.15278906249999996 0.24748611111111116
14 0.4688359375 0.34591666666666665 0.15539062500000003 0.3072222222222222
12 0.212609375 0.4153541666666667 0.08920312500000002 0.17137499999999997
12 0.37444140625 0.2239722222222222 0.07133593749999996 0.12988888888888886
8 0.201015625 0.16125 0.15546875 0.3225
19 0.57484765625 0.22550694444444447 0.1390546875 0.1909305555555556
19 0.7805195312500001 0.19786111111111107 0.12096093750000003 0.179
14 0.2889765625 0.13697916666666668 0.0944375 0.18481944444444443
19 0.8717578125000001 0.037625 0.10920312500000015 0.07525
19 0.7707929687499999 0.02936805555555556 0.039148437499999925 0.05145833333333333
19 0.51890625 0.07791666666666666 0.12259375000000006 0.15583333333333332
19 0.5189062499999999 0.023888888888888887 0.04635937499999994 0.04777777777777777
12 0.3190390625 0.011979166666666667 0.029875000000000006 0.023958333333333335
19 0.4318515625 0.02113888888888889 0.01648437499999993 0.04227777777777778
17 0.62553515625 0.05693055555555556 0.07005468750000006 0.11355555555555556
7 0.7326718750000001 0.026631944444444444 0.04739062500000006 0.05326388888888889