19 0.496875 0.9263888888888889 0.1625 0.14722222222222223
19 0.65721484375 0.9200624999999999 0.1708828125 0.15987499999999985
4 0.32094531249999997 0.8343680555555556 0.32795312499999996 0.33126388888888886
17 0.19649218750000003 0.9694097222222222 0.08548437500000002 0.061180555555555495
19 0.50855859375 0.846923611111111 0.06378906250000008 0.08176388888888873
19 0.4968437499999999 0.6948611111111112 0.19265624999999992 0.2570833333333334
19 0.61930859375 0.6395069444444444 0.08258593750000003 0.19109722222222228
19 0.5977929687500001 0.7744652777777776 0.04821093750000003 0.1230694444444443
10 0.73214453125 0.5544652777777779 0.09849218749999995 0.24018055555555565
19 0.19271875 0.6870347222222223 0.043390624999999995 0.08351388888888889
19 0.22091796874999997 0.40708333333333335 0.1330078125 0.25
19 0.46512890625000003 0.4671875 0.03811718749999997 0.0640972222222222
19 0.32959375 0.40391666666666665 0.05571874999999995 0.15772222222222226
19 0.50428515625 0.48038888888888887 0.06080468749999994 0.17322222222222225
19 0.6418046875 0.4039027777777778 0.06179687499999993 0.09916666666666664
17 0.387296875 0.44924305555555555 0.07221875000000004 0.1549305555555555
2 0.59694140625 0.4853819444444445 0.17627343750000007 0.19254166666666667
12 0.410453125 0.30545833333333333 0.14121875 0.27758333333333335
2 0.60673046875 0.2624652777777778 0.2514765624999999 0.31604166666666667
19 0.73396484375 0.26571527777777776 0.03203906249999999 0.0457916666666667
19 0.211140625 0.1598611111111111 0.11134374999999999 0.3197222222222222
18 0.23791015624999998 0.16813888888888887 0.19996093750000002 0.3326111111111111
17 0.5006718749999999 0.1892152777777778 0.061812499999999916 0.169625
19 0.8200390625 0.15479861111111112 0.18132812499999992 0.30059722222222224
19 0.46440625 0.10052083333333334 0.11950000000000002 0.1483472222222222
19 0.58545703125 0.11425694444444442 0.10405468750000005 0.0952361111111111
19 0.5828789062499999 0.03998611111111112 0.09889843749999994 0.07894444444444446
12 0.42937890625 0.03632638888888889 0.07417968750000004 0.06429166666666665
10 0.684875 0.060791666666666674 0.12362500000000001 0.12158333333333335