19 0.6203984375 0.9619444444444445 0.046546874999999946 0.07611111111111105
19 0.2817578125 0.9731805555555555 0.047890624999999964 0.053638888888888736
19 0.43778515625000003 0.9616458333333333 0.07066406250000004 0.07670833333333336
19 0.51759765625 0.8782013888888888 0.04207031249999993 0.09309722222222218
19 0.356796875 0.8779791666666666 0.15796875000000005 0.17048611111111112
19 0.57012109375 0.8168194444444444 0.07610156250000007 0.16191666666666657
19 0.435984375 0.7702083333333333 0.13993749999999996 0.1865277777777777
19 0.32566406249999996 0.7833402777777778 0.03782812499999997 0.057513888888889
17 0.451546875 0.8923611111111112 0.060203124999999955 0.1111111111111111
19 0.58591015625 0.7257569444444444 0.02217968750000008 0.03306944444444437
19 0.32115625000000003 0.6309583333333334 0.04381250000000003 0.07813888888888888
19 0.46712890625000003 0.6341666666666667 0.04896093750000006 0.09002777777777769
7 0.37003125 0.5253402777777778 0.16921874999999997 0.3039861111111111
18 0.59925390625 0.5054027777777778 0.21061718749999994 0.2927222222222222
10 0.50596875 0.6207361111111112 0.053312500000000006 0.1345833333333333
19 0.5938359375 0.621638888888889 0.04120312500000001 0.04577777777777783
19 0.7622109375 0.5018333333333334 0.10879687499999999 0.17550000000000002
19 0.29939843749999995 0.4170486111111111 0.04914062499999998 0.15212499999999995
2 0.41889453125 0.3116111111111111 0.09502343750000004 0.26072222222222224
19 0.34166015625 0.2041527777777778 0.060507812500000036 0.25447222222222227
19 0.7932890625 0.1937222222222222 0.07595312500000002 0.09061111111111113
19 0.48483593750000004 0.32738888888888884 0.04020312500000003 0.08702777777777773
10 0.48571093750000005 0.20157638888888887 0.07904687500000004 0.3135138888888889
12 0.574234375 0.17315972222222223 0.12184375000000003 0.2584027777777778
19 0.4259765625 0.10564583333333336 0.06387499999999999 0.20879166666666668
19 0.653140625 0.06930555555555555 0.08139062500000005 0.1386111111111111
17 0.5799960937499999 0.023229166666666665 0.05047656249999992 0.04395833333333333
19 0.34675781250000004 0.13133333333333333 0.09529687500000002 0.14655555555555552