17 0.75859375 0.9875 0.06265625000000004 0.025
19 0.52466015625 0.9331666666666667 0.21508593749999996 0.13366666666666668
19 0.21907031250000003 0.9516527777777779 0.028109375000000013 0.09669444444444429
8 0.32288671875 0.9176597222222221 0.10213281250000002 0.16468055555555547
12 0.30382421875 0.9720277777777778 0.06577343750000005 0.05594444444444441
0 0.45599609374999994 0.8698402777777778 0.04753906249999993 0.04706944444444458
19 0.60033203125 0.8748055555555556 0.02547656249999992 0.03333333333333333
19 0.307921875 0.9607986111111111 0.09043749999999999 0.07840277777777784
19 0.52687890625 0.7855347222222223 0.29908593749999995 0.13356944444444455
19 0.47115624999999994 0.7738819444444445 0.04499999999999993 0.06523611111111115
19 0.4270390624999999 0.7544583333333333 0.046578124999999915 0.06800000000000005
19 0.37591406250000003 0.7600208333333334 0.10496875000000001 0.1569027777777778
17 0.20362109374999998 0.7056944444444445 0.06352343749999997 0.12941666666666676
19 0.6166796875 0.7222361111111111 0.06365625000000001 0.11294444444444436
19 0.69288671875 0.682888888888889 0.11117968749999996 0.20000000000000007
19 0.32461328125 0.6598125 0.043679687499999974 0.07529166666666672
8 0.44873046875 0.5554166666666667 0.2369140625 0.29347222222222213
17 0.5853867187499999 0.6324236111111111 0.09264843749999993 0.17673611111111112
10 0.7051953125 0.5189305555555556 0.071484375 0.2893333333333332
19 0.2093203125 0.49580555555555555 0.05293749999999999 0.11058333333333334
19 0.6957734375 0.3225486111111111 0.06157812499999995 0.12418055555555552
19 0.653484375 0.31109027777777776 0.026671875000000077 0.0685972222222222
19 0.5496328125 0.3168263888888889 0.056062499999999994 0.08006944444444446
19 0.48989062499999997 0.2849652777777778 0.06157812499999995 0.1405138888888889
19 0.5261914062499999 0.2307013888888889 0.06800781249999996 0.11834722222222219
2 0.33181640625000003 0.17059027777777777 0.1130859375 0.2810416666666667
18 0.32721875 0.17105555555555554 0.11303125000000006 0.23427777777777778
17 0.24588281249999996 0.20651388888888889 0.06614062499999998 0.10780555555555556
19 0.8107734375 0.4552777777777778 0.041031249999999984 0.04388888888888892
19 0.25027734375 0.09525694444444444 0.05882031249999997 0.11437499999999999
19 0.558125 0.08114583333333333 0.089453125 0.12156944444444445
19 0.2416484375 0.07292361111111112 0.09814062500000001 0.14584722222222224
19 0.61112109375 0.029784722222222223 0.13566406250000007 0.059569444444444446
18 0.67288671875 0.014104166666666666 0.07830468750000001 0.028208333333333332
2 0.49580859374999997 0.10956944444444447 0.09716406249999991 0.20980555555555555
17 0.651375 0.1156527777777778 0.09000000000000004 0.13411111111111113
17 0.24480859375000003 0.01642361111111111 0.04513281249999999 0.03284722222222222