19 0.485546875 0.9708333333333333 0.09765625 0.058333333333333334
9 0.38715625 0.8138472222222223 0.19039062500000004 0.3723055555555555
12 0.60784375 0.9450555555555556 0.1026250000000001 0.10988888888888873
19 0.73828125 0.9694444444444444 0.028125 0.06111111111111111
19 0.4668984375 0.9122847222222222 0.06057812499999997 0.12526388888888895
17 0.24001171875 0.9090208333333334 0.08777343750000002 0.13626388888888874
17 0.5522031249999999 0.8321875 0.08282812499999999 0.17329166666666665
19 0.27923828125 0.822375 0.03463281250000003 0.04833333333333327
19 0.28208593750000005 0.6579652777777778 0.12856249999999997 0.2925416666666666
19 0.51621875 0.6863055555555555 0.07417187500000004 0.1560555555555555
19 0.56518359375 0.778375 0.07788281250000004 0.09230555555555561
19 0.63615234375 0.6874513888888889 0.13599218749999994 0.24148611111111112
12 0.7768828125 0.6124722222222222 0.08037500000000009 0.17819444444444438
19 0.56025 0.5664722222222223 0.08157812500000006 0.05572222222222223
19 0.48578124999999994 0.5375902777777778 0.08282812499999999 0.10548611111111117
19 0.26734375 0.4426041666666667 0.09743750000000002 0.21359722222222216
8 0.5684453125 0.47413194444444445 0.16173437499999999 0.22281944444444454
19 0.47775000000000006 0.44217361111111103 0.03215625000000007 0.07629166666666659
17 0.44373046875 0.3844305555555555 0.06408593749999998 0.17213888888888892
10 0.3325 0.4261041666666667 0.06637500000000003 0.3312083333333334
12 0.6355703125 0.3705416666666666 0.11973437499999999 0.23708333333333337
8 0.7753984375 0.2879583333333333 0.15201562499999993 0.37630555555555545
12 0.5162617187499999 0.369625 0.07000781249999992 0.12086111111111109
19 0.308046875 0.22555555555555554 0.1409375 0.2058333333333333
19 0.36920703125000004 0.3405486111111111 0.056523437500000016 0.10548611111111114
19 0.40553906249999994 0.22170833333333334 0.08407812499999996 0.13958333333333334
19 0.61161328125 0.2875347222222222 0.08322656249999998 0.12923611111111113
19 0.5934375 0.1554861111111111 0.3129687499999999 0.3109722222222222
10 0.7072265625 0.14305555555555555 0.06710937500000007 0.17861111111111114
19 0.24730859375 0.10624305555555556 0.042898437499999977 0.12026388888888889
19 0.30338671875 0.10059722222222223 0.08741406249999999 0.20119444444444445
12 0.3906171875 0.06420138888888889 0.09096875000000004 0.12840277777777778