19 0.42292968750000004 0.9636805555555555 0.03882812500000003 0.07263888888888882
15 0.74921875 0.9527777777777777 0.06796875 0.09444444444444444
19 0.2063671875 0.9378541666666667 0.03695312499999999 0.12043055555555561
4 0.36216015625 0.9700694444444443 0.06380468749999997 0.05986111111111098
4 0.6449648437500001 0.945861111111111 0.07807031250000004 0.10827777777777783
18 0.46129687500000005 0.8698680555555557 0.08224999999999998 0.18626388888888906
18 0.23807421874999996 0.894048611111111 0.05422656249999998 0.11437499999999988
2 0.33965234375 0.9263194444444444 0.16257031249999998 0.147361111111111
19 0.6479101562499999 0.8348472222222223 0.050429687499999966 0.09758333333333333
4 0.55189453125 0.7364375 0.04852343749999992 0.08626388888888883
17 0.50731640625 0.6273680555555556 0.10585156250000001 0.13362500000000005
8 0.421078125 0.5264861111111112 0.11031250000000004 0.2537500000000001
18 0.1695390625 0.5756597222222223 0.022796875000000005 0.07256944444444445
14 0.3394453125 0.4222152777777778 0.10260937500000003 0.30412500000000003
2 0.5517265625000001 0.4967430555555556 0.12804687500000006 0.2060416666666667
12 0.8095234375 0.4498819444444444 0.06510937500000002 0.18445833333333325
19 0.36038671874999995 0.6539791666666667 0.05335156249999997 0.09540277777777785
19 0.55496484375 0.2561805555555555 0.2175703125 0.3193055555555555
8 0.27428515625000005 0.25624305555555554 0.059554687500000016 0.04901388888888892
19 0.42262500000000003 0.26136805555555553 0.05625 0.1792083333333333
19 0.30362109375 0.2050625 0.14810156249999995 0.14823611111111112
3 0.2585546875 0.09370833333333334 0.18264062499999997 0.18741666666666668
12 0.43332812499999995 0.11447916666666669 0.06604687499999998 0.12234722222222223
19 0.75487890625 0.17918055555555554 0.039710937499999946 0.0635277777777778
19 0.5093671875 0.07018055555555555 0.09926562499999995 0.1403611111111111
2 0.64840234375 0.09840277777777777 0.19469531250000002 0.19680555555555554
3 0.66626953125 0.05486805555555555 0.12132031249999997 0.10195833333333333
19 0.77711328125 0.10059027777777779 0.06088281250000005 0.12470833333333337
2 0.23717968749999999 0.9117222222222223 0.11648437500000001 0.1765555555555554
19 0.12076171875 0.2946736111111111 0.1258203125 0.5893472222222222