19 0.47820703125 0.9215347222222222 0.07846093750000005 0.1501249999999999
12 0.29921875 0.9416666666666667 0.0671875 0.11666666666666667
14 0.22768359375 0.7381944444444445 0.06947656249999998 0.12275000000000007
19 0.25233984375 0.9475972222222222 0.06353906250000003 0.10480555555555561
19 0.4184765625 0.7950694444444444 0.12046875000000004 0.16152777777777771
12 0.47530078124999997 0.6547986111111112 0.07977343749999992 0.1601527777777777
12 0.41191796875 0.6778124999999999 0.058507812500000034 0.10298611111111115
12 0.37545703124999996 0.6325833333333334 0.04217968750000001 0.1077777777777778
19 0.40772265625 0.5830902777777779 0.032679687499999985 0.03898611111111118
19 0.201453125 0.44648611111111114 0.083984375 0.14233333333333337
8 0.61669140625 0.5128125 0.04975781250000004 0.13481944444444435
17 0.6121484374999999 0.37654166666666666 0.091796875 0.11888888888888892
19 0.796453125 0.41183333333333333 0.09287500000000008 0.14700000000000005
19 0.85315625 0.434875 0.08321874999999998 0.16330555555555556
19 0.5414531250000001 0.5504375 0.03021875000000005 0.05123611111111109
19 0.2717734375 0.5950624999999999 0.040671874999999955 0.05654166666666672
19 0.29537109375 0.5583055555555556 0.018039062500000026 0.03727777777777782
12 0.30267578124999994 0.32508333333333334 0.16177343749999995 0.20522222222222222
18 0.27276953125 0.2353472222222222 0.10617968749999998 0.13958333333333334
3 0.39985546874999994 0.3390625 0.09352343749999999 0.10934722222222225
17 0.5063046875 0.22897916666666668 0.05645312499999999 0.1332916666666667
19 0.42990625 0.2518125 0.104484375 0.1764861111111111
19 0.5968828125 0.25792361111111106 0.07751562500000002 0.1363194444444444
18 0.25926953125 0.14635416666666667 0.09830468750000003 0.11109722222222224
18 0.34071875 0.123875 0.09128125000000002 0.1660277777777778
17 0.538203125 0.19195833333333331 0.061921874999999994 0.1213611111111111
8 0.54766015625 0.09027777777777778 0.10678906250000005 0.15430555555555556
19 0.46587499999999993 0.10577083333333334 0.024046874999999978 0.045152777777777764
19 0.491609375 0.1539236111111111 0.020656250000000043 0.03070833333333335
19 0.6345273437500001 0.02276388888888889 0.02022656250000008 0.042222222222222223
19 0.55891796875 0.01 0.02427343749999995 0.02
12 0.38628515625 0.03154166666666667 0.07274218750000001 0.06308333333333334
18 0.11199218749999999 0.13903472222222224 0.10217187500000002 0.2780694444444445