19 0.5211015625 0.8980347222222221 0.11948437500000005 0.20393055555555545
17 0.57890625 0.9708333333333333 0.053125 0.058333333333333334
17 0.21349609374999998 0.9265902777777778 0.08678906250000003 0.1468194444444445
10 0.70238671875 0.8932569444444444 0.13878906250000006 0.19090277777777784
18 0.29512890625 0.8788402777777777 0.09044531249999999 0.17059722222222212
3 0.22035156250000001 0.8587013888888889 0.124609375 0.2825972222222223
19 0.4998125 0.6788819444444445 0.08092187499999995 0.1952916666666667
0 0.76332421875 0.7255347222222223 0.07732031249999993 0.13087500000000002
19 0.5262304687499999 0.9225277777777778 0.06433593749999993 0.12091666666666659
19 0.14968750000000003 0.4907361111111111 0.18468749999999998 0.2834444444444445
19 0.411625 0.6705555555555555 0.09375 0.17647222222222214
19 0.46928515625000006 0.5526805555555555 0.06711718750000006 0.06258333333333325
19 0.54796875 0.6386388888888889 0.04595312499999995 0.09966666666666665
18 0.2996328125 0.638548611111111 0.09664062500000004 0.1897083333333333
17 0.5600703125 0.5150416666666666 0.06801562499999995 0.09966666666666665
10 0.26808203124999996 0.4346319444444445 0.15044531249999998 0.2539027777777778
19 0.3942734375 0.4335 0.10478125 0.1683055555555556
19 0.4897070312499999 0.42792361111111116 0.13108593749999997 0.171125
14 0.6938164062500001 0.48979861111111106 0.06617968750000003 0.17973611111111107
18 0.38003124999999993 0.5683680555555556 0.08123437499999997 0.10620833333333338
18 0.60546875 0.29636805555555557 0.14610937499999999 0.3385694444444444
2 0.7608046875 0.3932152777777778 0.07718749999999996 0.18423611111111107
19 0.45512109375000004 0.35263194444444446 0.04080468750000001 0.06273611111111113
19 0.51913671875 0.3223333333333333 0.07169531249999998 0.13605555555555557
19 0.15937890625 0.31479166666666664 0.10808593750000002 0.16666666666666663
14 0.2601484375 0.2779375 0.18060937500000002 0.3355972222222222
19 0.4493203125 0.23029166666666667 0.167640625 0.20080555555555563
19 0.67286328125 0.2022013888888889 0.04411718750000002 0.09968055555555554
14 0.742609375 0.25486805555555553 0.06970312500000002 0.12009722222222226
19 0.6420078124999999 0.04055555555555555 0.20806249999999996 0.0811111111111111
19 0.63486328125 0.1319375 0.06988281250000003 0.10165277777777777
19 0.29259765625 0.020791666666666667 0.03335156250000004 0.04158333333333333
10 0.34103515625 0.08238888888888889 0.08258593750000003 0.1612222222222222
19 0.47071874999999996 0.08545138888888888 0.1716875 0.17090277777777776