19 0.5410937499999999 0.9606944444444443 0.08895312499999992 0.07861111111111098
19 0.40472656249999994 0.9786111111111111 0.041953125000000036 0.03805555555555568
3 0.258765625 0.8718541666666667 0.185265625 0.25629166666666664
12 0.42317968749999996 0.8940833333333333 0.06604687499999998 0.12236111111111099
19 0.7465195312499999 0.9708125 0.03816406249999993 0.05837499999999996
19 0.5007578125000001 0.8447152777777779 0.09926562499999995 0.15443055555555563
2 0.64748828125 0.8764236111111111 0.21986718750000006 0.24715277777777783
3 0.6466796875 0.8555416666666666 0.12132812499999997 0.1254166666666666
19 0.46824999999999994 0.6586319444444445 0.04499999999999993 0.11293055555555548
18 0.27778515625000005 0.5790694444444444 0.07827343750000004 0.20502777777777778
2 0.35876171875 0.5741875 0.09533593750000002 0.1697083333333334
18 0.19772265625000002 0.6642013888888889 0.029929687500000003 0.07529166666666672
10 0.67257421875 0.4703680555555555 0.10027343749999992 0.20159722222222218
19 0.8463984374999999 0.4961458333333333 0.10170312499999996 0.14937499999999992
6 0.83036328125 0.3287361111111111 0.07307031250000007 0.11011111111111108
18 0.7223867187499999 0.23272916666666665 0.06038281249999997 0.09315277777777776
19 0.77315625 0.9123055555555556 0.05614062499999992 0.09938888888888882
17 0.32342578125 0.19581944444444446 0.06674218750000005 0.12058333333333332
18 0.29799609375 0.10087499999999999 0.10482031249999997 0.12988888888888886
2 0.6270312499999999 0.3644444444444444 0.21296874999999993 0.7288888888888888
15 0.495515625 0.4837708333333334 0.10181249999999994 0.14365277777777788
18 0.380078125 0.36344444444444446 0.08012499999999996 0.2449166666666667
19 0.4894375 0.32706250000000003 0.14942187499999998 0.1944027777777778
19 0.49636718750000003 0.1305625 0.12323437500000001 0.21223611111111113
19 0.40894531250000005 0.17232638888888888 0.08857812500000004 0.12323611111111113
2 0.23717968749999999 0.9117222222222223 0.11648437500000001 0.1765555555555554
19 0.12076171875 0.2946736111111111 0.1258203125 0.5893472222222222