8 0.61846484375 0.9613194444444444 0.1809453125000001 0.07736111111111117
12 0.49682031249999997 0.9218055555555554 0.10281249999999993 0.15638888888888877
14 0.24641015624999998 0.9486319444444444 0.05949218749999998 0.08412499999999991
19 0.36869140624999996 0.8007916666666668 0.07303906249999996 0.13813888888888895
18 0.17095703125 0.7981527777777777 0.14146093750000002 0.22261111111111107
19 0.76629296875 0.9246875 0.08841406250000006 0.13573611111111114
19 0.6893984375 0.7997430555555555 0.09184374999999996 0.12165277777777767
17 0.6182890624999999 0.8536180555555556 0.06485937499999998 0.14418055555555548
19 0.56798046875 0.7821180555555556 0.11957031249999997 0.16384722222222226
12 0.46929296875000004 0.7371180555555555 0.11557031250000005 0.18859722222222217
19 0.7985156250000001 0.7460972222222222 0.06370312500000005 0.11144444444444446
19 0.48826953125 0.8287569444444444 0.04605468750000004 0.0668194444444443
17 0.6791171874999999 0.5804027777777777 0.07182812500000005 0.13125
17 0.73598828125 0.6282569444444444 0.08491406250000004 0.13162499999999996
19 0.4316015624999999 0.6275208333333333 0.05064062499999995 0.09587499999999996
19 0.38604296875 0.6007777777777777 0.05227343750000002 0.07716666666666659
19 0.54962890625 0.6836388888888889 0.05283593750000008 0.0629722222222222
8 0.68096875 0.2660277777777778 0.17554687500000005 0.44294444444444436
19 0.57334765625 0.38127083333333334 0.3006015625 0.6642083333333334
3 0.8396171875 0.5240277777777778 0.14585937499999996 0.2513888888888889
19 0.23896484375 0.7005763888888888 0.1827265625 0.4302916666666666
19 0.28682421874999997 0.4791458333333333 0.07522656249999997 0.08654166666666659
19 0.4731171874999999 0.46908333333333335 0.18564062499999995 0.24444444444444444
12 0.2856640625 0.34404861111111107 0.09085937499999996 0.2292083333333333
12 0.20879296875 0.2714375 0.06946093749999997 0.18565277777777772
12 0.79885546875 0.33389583333333334 0.08852343750000005 0.1455972222222222
12 0.7834335937500001 0.4193541666666666 0.05022656250000006 0.06848611111111104
10 0.8197968750000001 0.21513194444444442 0.08478124999999999 0.2205416666666666
9 0.3821171875 0.1851388888888889 0.20264062499999996 0.36666666666666664
3 0.3689296875 0.07013194444444444 0.10807812499999998 0.14026388888888888
19 0.85003515625 0.03903472222222222 0.029445312500000043 0.06140277777777778
19 0.3886015625 0.10159027777777777 0.05257812499999996 0.20318055555555553
0 0.45482421874999995 0.051104166666666666 0.05125781249999992 0.083625