19 0.99477734375 0.01670138888888889 0.010445312499999915 0.03340277777777778
19 0.54403125 0.9789930555555556 0.06743749999999996 0.04201388888888889
17 0.47685546875 0.9034861111111111 0.0841796875 0.16872222222222225
11 0.598328125 0.8247569444444445 0.15600000000000006 0.31615277777777784
3 0.51322265625 0.8074583333333334 0.09283593749999994 0.2644444444444445
19 0.64315625 0.91425 0.09268750000000008 0.1635277777777778
19 0.45176171875 0.6947986111111111 0.07574218750000003 0.16487500000000005
12 0.25125000000000003 0.6179722222222223 0.16146875000000002 0.24813888888888885
17 0.39444140625 0.5865763888888889 0.0681640625 0.15904166666666666
12 0.5392851562500001 0.6151388888888889 0.08916406250000009 0.1484166666666667
19 0.7183984375 0.7242986111111112 0.024453124999999964 0.041402777777777705
18 0.69322265625 0.4518125 0.10372656249999998 0.22554166666666664
19 0.4748046875 0.3679166666666666 0.107421875 0.20972222222222223
19 0.34469921875 0.4328888888888889 0.03900781249999996 0.09183333333333334
19 0.383125 0.4981527777777778 0.06501562499999998 0.11558333333333337
19 0.22770703125000002 0.45025 0.025632812499999956 0.051833333333333405
2 0.23531249999999998 0.27525 0.11296875000000002 0.3077222222222223
17 0.3497265625 0.2481736111111111 0.07414062499999999 0.15190277777777778
0 0.5766640625 0.27915972222222224 0.05689062499999995 0.15243055555555557
19 0.67909375 0.27902777777777776 0.08145312499999999 0.1211111111111111
19 0.53576953125 0.18980555555555556 0.13408593750000009 0.23988888888888885
19 0.27908984375 0.0683263888888889 0.0725546875 0.1366527777777778
19 0.54094140625 0.04700000000000001 0.07782031249999992 0.09400000000000001
19 0.676109375 0.06331250000000001 0.16793750000000002 0.125875
19 0.36617187500000004 0.11792361111111112 0.030718750000000038 0.06068055555555555
18 0.11199218749999999 0.13903472222222224 0.10217187500000002 0.2780694444444445