8 0.76875 0.9625 0.04296875 0.075
17 0.4366796875 0.9652916666666667 0.07679687499999996 0.0694166666666667
17 0.31642578125 0.9575555555555555 0.06527343749999996 0.08488888888888874
19 0.21164843749999998 0.9203958333333333 0.15618749999999998 0.15920833333333348
12 0.5156328125 0.926861111111111 0.09000000000000004 0.1462777777777777
8 0.7232265625000001 0.8150972222222223 0.22632812499999994 0.36980555555555555
2 0.55880859375 0.6921944444444444 0.11117968749999996 0.3469444444444444
19 0.37312890625 0.8453819444444446 0.02117968750000001 0.04470833333333341
19 0.45232031250000004 0.7809444444444444 0.03440624999999997 0.04730555555555548
19 0.7172265624999999 0.6358680555555556 0.07507812499999993 0.09806944444444446
19 0.63248828125 0.7002569444444444 0.08392968750000004 0.22940277777777773
19 0.49105468750000003 0.644201388888889 0.030437500000000027 0.07059722222222228
19 0.43127734375 0.7234166666666667 0.11514843750000003 0.0941111111111111
19 0.42553906250000006 0.5487777777777778 0.1125 0.30691666666666667
19 0.35809375 0.6419930555555555 0.02134375000000004 0.03962499999999996
19 0.65076953125 0.552048611111111 0.10588281249999998 0.14118055555555553
19 0.35344140625 0.5495277777777778 0.04844531249999999 0.16000000000000006
19 0.2352109375 0.4709513888888889 0.059687499999999984 0.12470833333333328
8 0.74361328125 0.5110347222222222 0.08086718749999999 0.174125
10 0.5299921875 0.5635902777777778 0.09926562499999995 0.24234722222222224
19 0.550390625 0.5021041666666667 0.09529687500000002 0.18223611111111115
8 0.30883203125 0.44554166666666667 0.07941406249999998 0.13694444444444448
10 0.33089453125 0.35227777777777775 0.15574218750000002 0.2459444444444445
18 0.53011328125 0.27444444444444444 0.4105390625 0.48777777777777775
19 0.7250468750000001 0.2884861111111111 0.030421875000000043 0.12416666666666663
19 0.42372265625 0.2886597222222222 0.13235156250000002 0.2387083333333333
19 0.25137890625 0.20950694444444445 0.06088281250000005 0.4031805555555556
7 0.205234375 0.27090277777777777 0.06485937499999998 0.21513888888888885
17 0.23407031250000002 0.09118055555555557 0.13764062500000002 0.15294444444444444
2 0.35716015624999997 0.13794444444444443 0.06088281250000005 0.27588888888888885
2 0.48951171875000005 0.05942361111111111 0.1244140625 0.10823611111111112
2 0.7019375 0.036770833333333336 0.062203124999999915 0.07354166666666667
19 0.4094375 0.06265277777777778 0.04367187500000003 0.12530555555555556
19 0.42240625000000004 0.07259027777777778 0.014562500000000079 0.14118055555555556