0 0.40730468750000004 0.11035416666666667 0.05242187499999997 0.0765138888888889
14 0.5966796875 0.9013541666666667 0.12289062499999996 0.19729166666666662
19 0.67978515625 0.5593055555555556 0.26449218750000003 0.36805555555555564
12 0.5894062499999999 0.7005625 0.05764062499999998 0.09437499999999999
0 0.47182421874999997 0.6101249999999999 0.1400546875 0.2524722222222222
12 0.29879296875000005 0.51575 0.21258593749999996 0.42899999999999994
19 0.8567343749999999 0.36978472222222225 0.048578124999999875 0.07906944444444441
19 0.578671875 0.37919444444444445 0.09143749999999998 0.17036111111111107
19 0.4546171875000001 0.32436111111111116 0.06437500000000007 0.25100000000000006
8 0.5500859375 0.15947222222222224 0.09048437499999995 0.24716666666666667
3 0.34528515625 0.1577013888888889 0.18369531249999999 0.3154027777777778
3 0.22292968749999997 0.38093055555555555 0.06468749999999998 0.32319444444444445
19 0.21998437499999998 0.07890972222222221 0.08595312499999999 0.15781944444444443
8 0.68086328125 0.8631736111111111 0.11546093749999997 0.2724583333333334
18 0.45657812499999995 0.8370555555555554 0.12612500000000004 0.19383333333333325
0 0.370015625 0.6200902777777778 0.08251562500000005 0.20462499999999997
2 0.33195312499999996 0.8018055555555554 0.14593749999999997 0.2219444444444444
10 0.6212265625 0.12281944444444444 0.06232812499999998 0.24188888888888888
16 0.37109375 0.9534722222222223 0.11015625 0.09305555555555556
18 0.12462109375 0.21335416666666668 0.1096171875 0.42670833333333336