19 0.42621093749999994 0.9836805555555556 0.08851562499999996 0.03263888888888889
19 0.29921875 0.9854166666666667 0.0328125 0.029166666666666667
19 0.6488750000000001 0.9284722222222223 0.10150000000000006 0.14305555555555555
19 0.23976562499999998 0.8955208333333334 0.12496875000000003 0.12243055555555568
19 0.598234375 0.7920833333333335 0.12671875000000005 0.14533333333333348
7 0.7675546875 0.7745208333333333 0.08559374999999995 0.1600416666666667
2 0.28571093750000004 0.6997430555555556 0.169515625 0.2948194444444445
2 0.40939453124999997 0.6774166666666667 0.09169531250000004 0.11350000000000003
2 0.5608359375 0.6572083333333333 0.217375 0.22875000000000006
19 0.294421875 0.6754305555555555 0.06696875000000002 0.1776666666666666
19 0.45137499999999997 0.6409305555555556 0.16803125 0.1572777777777778
19 0.6991406250000001 0.6846736111111111 0.06809375000000006 0.10640277777777772
19 0.6420156250000001 0.6579513888888889 0.05871875000000006 0.12248611111111118
19 0.37529296875 0.5320138888888889 0.0412109375 0.14652777777777778
19 0.48707031250000005 0.5115138888888888 0.22149999999999997 0.1684999999999999
19 0.23714062499999997 0.4439027777777778 0.042234374999999956 0.05755555555555563
17 0.8366250000000001 0.5116944444444443 0.08653125000000009 0.17399999999999996
19 0.37017968749999997 0.34618055555555555 0.11864062500000001 0.20663888888888884
19 0.5574765625 0.404375 0.07293749999999992 0.0783333333333333
7 0.678015625 0.34467361111111117 0.16400000000000006 0.2834861111111111
19 0.45638281250000007 0.3582916666666666 0.09645312500000003 0.13122222222222224
19 0.5416210937500001 0.3058333333333333 0.08664843750000006 0.13369444444444442
19 0.45389453125 0.20821527777777782 0.13186718749999998 0.22051388888888887
19 0.26210546875 0.19126388888888887 0.08811718749999997 0.17152777777777778
15 0.57062890625 0.17259027777777775 0.09046093749999998 0.15176388888888886
0 0.2375703125 0.04477083333333333 0.07170312499999998 0.08131944444444444
8 0.42980859374999997 0.06894444444444445 0.14711718749999997 0.13405555555555557
8 0.7326953125 0.03172222222222222 0.09271875000000004 0.06344444444444444
19 0.535453125 0.07334027777777778 0.10396874999999994 0.12968055555555555
19 0.5249414062500001 0.023888888888888883 0.03844531250000003 0.04394444444444444
19 0.628234375 0.06688888888888889 0.12362500000000001 0.13377777777777777
19 0.40811328125 0.021694444444444447 0.059460937499999963 0.035166666666666666