10 0.72514453125 0.9902986111111111 0.032007812500000024 0.019402777777777817
13 0.5762890625 0.9316319444444444 0.18992187499999993 0.13673611111111117
13 0.7765625 0.9819444444444444 0.06796875 0.03611111111111111
19 0.369140625 0.9569444444444445 0.103125 0.08611111111111111
19 0.26796875 0.9506944444444444 0.065625 0.09861111111111111
19 0.43642578125 0.9212152777777778 0.06286718750000002 0.09804166666666655
17 0.29744140625000004 0.8528263888888888 0.1021484375 0.11765277777777783
19 0.20058984375 0.7713472222222222 0.14857031249999997 0.33225000000000005
2 0.30445703125 0.5595347222222222 0.25228906250000005 0.5257083333333333
12 0.5770625 0.7350902777777778 0.13585937500000006 0.26370833333333343
19 0.73009765625 0.9472847222222222 0.02757031249999997 0.049013888888888836
17 0.53385546875 0.6330833333333333 0.07708593750000006 0.15083333333333337
19 0.46068359374999995 0.5960138888888888 0.0779296875 0.18597222222222218
19 0.38210156250000005 0.6511597222222223 0.05042187500000002 0.09648611111111115
19 0.5338398437499999 0.5128819444444445 0.07232031249999996 0.10715277777777775
8 0.61161328125 0.5224375 0.11028906250000006 0.14051388888888883
7 0.6989570312500001 0.38389583333333327 0.10932031250000004 0.1975416666666667
19 0.5779257812499999 0.3951736111111111 0.06161718749999991 0.11454166666666671
19 0.49979296875 0.36824305555555553 0.0937578125 0.23551388888888883
19 0.279578125 0.6588611111111111 0.05240625000000003 0.096
19 0.3255078125 0.5692291666666667 0.04446874999999997 0.08754166666666663
19 0.31332421875 0.47357638888888887 0.02544531250000004 0.06218055555555553
19 0.6793359375 0.3072152777777778 0.18207812499999995 0.2086527777777778
19 0.27022265624999997 0.2655416666666667 0.11121093750000002 0.19886111111111107
19 0.338390625 0.26448611111111114 0.03217187499999996 0.06536111111111112
19 0.48851171875 0.23314583333333336 0.048710937499999926 0.09045833333333332
19 0.53243359375 0.14306249999999998 0.08435156250000002 0.24276388888888883
17 0.5340039062499999 0.2748333333333333 0.04411718750000002 0.052277777777777756
10 0.27711328125 0.11683333333333334 0.05897656250000001 0.13344444444444442
8 0.45174609375 0.17402083333333332 0.03292968750000007 0.11165277777777775
8 0.598421875 0.10944444444444444 0.127140625 0.21888888888888888
19 0.24034765624999999 0.02233333333333333 0.014554687499999996 0.04466666666666666
19 0.466296875 0.058284722222222224 0.040593750000000026 0.1034861111111111
19 0.77190234375 0.1495138888888889 0.017617187499999964 0.05447222222222222