19 0.46010156250000006 0.9472291666666667 0.17801562500000007 0.10554166666666667
19 0.6189609375 0.9230833333333334 0.09031249999999993 0.15383333333333332
17 0.19182421875000003 0.9153819444444443 0.06924218750000002 0.16923611111111098
19 0.33153125 0.9194930555555555 0.022250000000000013 0.046152777777777806
19 0.26909765625 0.8712847222222223 0.05563281250000003 0.20851388888888905
19 0.45144531250000003 0.7942152777777778 0.022250000000000013 0.046152777777777806
19 0.18750390625 0.7315763888888889 0.08530468750000002 0.17581944444444442
12 0.35809765625 0.6699444444444445 0.11989843750000002 0.23755555555555558
19 0.5342734375 0.5425833333333334 0.032140625000000075 0.07475000000000007
19 0.24744921875 0.38419444444444445 0.06432031250000003 0.13202777777777774
19 0.53181640625 0.36359027777777775 0.0716796875 0.17331944444444444
19 0.597328125 0.38559027777777777 0.061812499999999916 0.17770833333333336
12 0.4514296875 0.44047916666666664 0.10628124999999997 0.1514305555555555
19 0.41188281250000003 0.8105902777777778 0.042031249999999964 0.11890277777777764
19 0.49903906249999996 0.18995833333333334 0.18420312499999997 0.3139722222222222
17 0.43661328125 0.28213194444444445 0.07417968750000004 0.11648611111111112
8 0.60351171875 0.23388888888888887 0.09149218749999992 0.1688888888888889
19 0.7017578125 0.1940902777777778 0.090234375 0.17820833333333333
19 0.50893359375 0.05479861111111111 0.1199140625 0.10959722222222222
9 0.37047265625 0.07458333333333333 0.13722656249999998 0.14916666666666667
19 0.2925859375 0.12169444444444445 0.023484374999999957 0.05494444444444445
12 0.6208125 0.05370138888888889 0.10384375000000005 0.10740277777777778
19 0.76483984375 0.026229166666666668 0.018539062500000016 0.052458333333333336