19 0.99477734375 0.01670138888888889 0.010445312499999915 0.03340277777777778
17 0.24825781249999998 0.9457500000000001 0.09481250000000001 0.10849999999999985
19 0.30575 0.9325833333333332 0.07089062500000001 0.13483333333333322
19 0.38389453125 0.8112847222222223 0.11958593749999995 0.37743055555555555
19 0.5589257812499999 0.9016597222222222 0.07757031249999997 0.14298611111111117
17 0.63062109375 0.8733888888888889 0.08813281249999996 0.1940555555555556
18 0.23805468750000003 0.8906527777777777 0.11957812499999998 0.17741666666666667
19 0.178640625 0.9673055555555554 0.012140625000000016 0.027583333333333196
19 0.46433203124999994 0.7411875 0.08874218749999993 0.19937499999999994
19 0.454015625 0.5508680555555555 0.06512499999999992 0.14473611111111115
19 0.5196054687499999 0.46876388888888887 0.08952343749999994 0.16644444444444448
8 0.4625351562500001 0.3983819444444444 0.08492968750000003 0.17870833333333327
19 0.29478125 0.29872916666666666 0.08778125 0.15812500000000004
19 0.3478046875 0.31486111111111115 0.01735937500000002 0.04972222222222224
19 0.43742187499999996 0.3230555555555556 0.08421874999999997 0.09361111111111108
8 0.46403515625 0.24005555555555555 0.13630468750000002 0.12649999999999997
19 0.57499609375 0.2590277777777778 0.10474218749999994 0.14922222222222223
0 0.65133203125 0.32253472222222224 0.05558593750000007 0.12756944444444449
19 0.3410546875 0.14732638888888888 0.06773437500000004 0.14729166666666668
3 0.53059765625 0.11307638888888888 0.11410156249999996 0.1490972222222222
19 0.50695703125 0.18047222222222223 0.017507812500000063 0.027611111111111104
8 0.644671875 0.11125694444444444 0.11682812499999998 0.12290277777777779
19 0.1915234375 0.035909722222222225 0.07964062499999999 0.07181944444444445
19 0.2636484375 0.04819444444444445 0.050796874999999984 0.0963888888888889
19 0.3805546875 0.26795138888888886 0.031203125000000043 0.04768055555555553
18 0.11199218749999999 0.13903472222222224 0.10217187500000002 0.2780694444444445