10 0.686375 0.9648749999999999 0.06057812499999997 0.0702499999999999
19 0.29973046875 0.9673958333333333 0.07397656250000004 0.0652083333333334
2 0.47592578124999996 0.9084861111111111 0.1889296875 0.18302777777777773
12 0.8181367187499999 0.9268541666666665 0.1102421875000001 0.14629166666666657
17 0.2739296875 0.8382083333333333 0.101453125 0.2166944444444444
10 0.6381328125000001 0.8163819444444443 0.05975000000000001 0.2912361111111112
19 0.5232070312499999 0.8638611111111112 0.15824218749999996 0.14724999999999996
19 0.56527734375 0.7672638888888889 0.09778906250000005 0.2065000000000001
19 0.73966015625 0.5938958333333334 0.12486718750000003 0.22515277777777779
17 0.45099609375 0.6263333333333334 0.07664843749999992 0.12288888888888891
17 0.55771875 0.37827083333333333 0.08757812499999992 0.12009722222222226
19 0.39353515625 0.3977152777777778 0.0462890625 0.057763888888888934
12 0.33268749999999997 0.32100694444444444 0.105578125 0.21123611111111115
19 0.18719531250000002 0.22788888888888886 0.05451562499999998 0.20077777777777778
19 0.5432421875 0.24575694444444443 0.07182812500000005 0.12990277777777773
19 0.424546875 0.19414583333333332 0.03965624999999999 0.0486527777777778
17 0.7559374999999999 0.19081944444444443 0.06923437499999992 0.1694722222222222
15 0.26755078125000004 0.19821527777777778 0.1484765625 0.304125
19 0.4672695312499999 0.1425486111111111 0.09519531249999993 0.09454166666666666
19 0.45119921874999996 0.04806944444444444 0.10508593749999999 0.0901111111111111
19 0.50250390625 0.014694444444444444 0.06428906249999997 0.029388888888888888
19 0.56246484375 0.09531944444444444 0.013601562500000063 0.030777777777777772
12 0.704015625 0.035868055555555556 0.12362500000000001 0.07054166666666667