11 0.5651171875000001 0.976875 0.087109375 0.04624999999999994
10 0.248828125 0.9041666666666667 0.06328125 0.19166666666666668
9 0.3363359375 0.922173611111111 0.23174999999999996 0.1556527777777777
18 0.455421875 0.9254583333333334 0.09656249999999993 0.13111111111111123
18 0.44921875 0.7448541666666668 0.31812500000000005 0.41112499999999996
18 0.31229296875 0.9105972222222222 0.0741171875 0.11505555555555544
10 0.5231796875000001 0.8821180555555556 0.054062500000000034 0.07798611111111124
17 0.5524296875 0.6250625 0.05717187500000005 0.08498611111111119
3 0.57625 0.566701388888889 0.20015625000000004 0.19598611111111114
3 0.3912265625 0.48685416666666664 0.09370312500000004 0.18634722222222216
4 0.2308125 0.49391666666666667 0.04923437499999998 0.1270555555555556
6 0.40937109375 0.31611805555555555 0.057039062499999994 0.18823611111111108
19 0.8246289062500001 0.4107152777777777 0.05028906249999991 0.09881944444444442
19 0.6725703125 0.25852777777777775 0.09764062500000001 0.19516666666666665
12 0.35579296875 0.21340972222222226 0.038148437500000035 0.06540277777777782
9 0.2350234375 0.08634027777777778 0.098625 0.17251388888888888
18 0.34468750000000004 0.10182638888888888 0.11753125000000005 0.20365277777777777
19 0.48048437499999996 0.052458333333333336 0.052406249999999946 0.10475
2 0.23717968749999999 0.9117222222222223 0.11648437500000001 0.1765555555555554
19 0.12076171875 0.2946736111111111 0.1258203125 0.5893472222222222