15 0.30644921875 0.9313888888888889 0.06555468749999997 0.13722222222222216
0 0.42020703125000003 0.8871111111111112 0.041882812499999963 0.11441666666666682
19 0.477734375 0.9354166666666667 0.08984375 0.12916666666666668
19 0.6151171875 0.9496388888888889 0.17596875 0.1007222222222222
3 0.733984375 0.9875 0.0671875 0.025
3 0.34167578125 0.977173611111111 0.051179687499999994 0.045652777777777626
19 0.36428515624999996 0.8900833333333333 0.07933593749999997 0.16052777777777769
12 0.3420859375 0.790923611111111 0.09378124999999997 0.12265277777777771
10 0.76394921875 0.8467569444444444 0.06260156250000008 0.21443055555555537
2 0.70258203125 0.800138888888889 0.05980468749999997 0.11625000000000006
19 0.6358750000000001 0.8311041666666666 0.061234375000000084 0.16331944444444432
19 0.5823203125 0.8492986111111112 0.057015625000000014 0.11756944444444457
3 0.47934374999999996 0.6895277777777779 0.087109375 0.3697222222222223
18 0.5571875000000001 0.6257083333333333 0.0875 0.36733333333333335
19 0.43814453125 0.7828819444444444 0.053726562499999984 0.11601388888888885
17 0.41137109375 0.6084652777777778 0.054132812499999974 0.12065277777777779
2 0.6576445312500001 0.5996250000000001 0.13174218750000008 0.30974999999999997
11 0.82508984375 0.6781666666666666 0.07938281250000001 0.18269444444444438
13 0.75598828125 0.4719027777777777 0.1793046875000001 0.3093888888888889
19 0.7303828125 0.6449305555555556 0.04137500000000003 0.0900555555555556
19 0.29994921875 0.4049583333333333 0.16325781250000002 0.3594166666666666
11 0.4508203125 0.4383055555555556 0.142125 0.17308333333333334
12 0.5838046875 0.3794444444444444 0.07318750000000004 0.12186111111111113
17 0.43165234375 0.3082013888888889 0.10061718749999997 0.12759722222222228
19 0.50230078125 0.1945138888888889 0.1149296875000001 0.3279166666666667
19 0.6040585937499999 0.2617638888888889 0.1239140625000001 0.17119444444444443
2 0.70303515625 0.16659722222222223 0.16857031249999999 0.33319444444444446
3 0.80703125 0.12493055555555556 0.11640625 0.24986111111111112
19 0.33901171875 0.2692847222222222 0.08003906250000004 0.1350972222222222
19 0.21996093749999995 0.1323611111111111 0.10132812500000002 0.2647222222222222
2 0.1322265625 0.05512499999999999 0.04559375000000001 0.07925
2 0.5445859375000001 0.17670833333333333 0.08409375000000008 0.07744444444444443
11 0.29078515625 0.07799305555555555 0.06483593750000001 0.1559861111111111
19 0.40476953125000004 0.18570833333333334 0.08003906250000004 0.1242777777777778
19 0.3693046875 0.11365972222222223 0.15501562499999996 0.1675138888888889