7 0.742578125 0.9868055555555556 0.025 0.02638888888888889
10 0.803125 0.9791666666666666 0.0625 0.041666666666666664
19 0.418265625 0.9327708333333333 0.148109375 0.13445833333333326
19 0.29844140625 0.9238819444444444 0.10232031250000002 0.15223611111111096
17 0.55739453125 0.9797916666666666 0.08338281250000001 0.04041666666666654
19 0.6096328125 0.9585277777777778 0.033203125 0.06469444444444435
19 0.380484375 0.7382222222222222 0.16390624999999998 0.33461111111111114
19 0.47741015624999994 0.8443055555555555 0.02232031249999995 0.04277777777777771
7 0.5616328125 0.7594791666666667 0.154109375 0.37201388888888887
8 0.73737890625 0.6192847222222222 0.14825781249999997 0.3267916666666666
19 0.45919140625 0.6589930555555555 0.05422656250000006 0.14215277777777774
19 0.45503125000000005 0.4850972222222222 0.1765625 0.23500000000000007
10 0.57840234375 0.48316666666666663 0.15257031249999997 0.14869444444444438
5 0.34126953125 0.5011458333333333 0.05330468750000002 0.09968055555555554
17 0.79255859375 0.48630555555555555 0.11213281249999998 0.2666111111111112
19 0.5011953124999999 0.3719166666666666 0.1544062499999999 0.13599999999999998
19 0.5981640625 0.3906666666666667 0.037687500000000006 0.055833333333333394
7 0.59229296875 0.184625 0.11932031250000001 0.3596388888888888
12 0.6939101562500001 0.2240763888888889 0.07808593750000004 0.12462500000000003
19 0.47330078125 0.1799166666666667 0.0498046875 0.0787777777777778
17 0.36282031249999996 0.07009722222222223 0.07270312499999995 0.1356111111111111
0 0.49200390625 0.1297361111111111 0.08088281249999998 0.14052777777777778
10 0.8233437499999999 0.07909027777777779 0.06893749999999992 0.15359722222222222
19 0.75262890625 0.04911805555555556 0.12044531250000005 0.09823611111111112
19 0.3224140625 0.059708333333333335 0.03057812499999999 0.11941666666666667
19 0.4263125 0.051041666666666666 0.07954687499999995 0.09430555555555556
19 0.4971875 0.0420625 0.07014062499999998 0.084125