18 0.36332031249999996 0.9593819444444445 0.11528124999999996 0.08123611111111112
18 0.751953125 0.9034722222222222 0.1390625 0.19305555555555556
18 0.184046875 0.9030347222222221 0.07195312500000002 0.19393055555555572
18 0.47831640625 0.7948819444444445 0.13469531250000005 0.410236111111111
18 0.356859375 0.8312361111111112 0.13351562500000003 0.22808333333333336
19 0.5628398437500001 0.9570347222222222 0.06774218750000002 0.0859305555555554
19 0.595875 0.8795208333333333 0.17484374999999996 0.24095833333333336
18 0.67258984375 0.7518541666666667 0.12013281249999999 0.1231527777777778
17 0.30366015625 0.6893472222222223 0.05975781250000001 0.0988611111111112
14 0.29450000000000004 0.5722638888888889 0.20484375000000005 0.3087499999999999
19 0.5350937499999999 0.5385277777777777 0.07078124999999993 0.15458333333333327
10 0.6430625000000001 0.38061805555555556 0.1284062500000001 0.2590138888888889
8 0.72730859375 0.40847916666666667 0.11130468750000003 0.19843055555555555
19 0.40187890625 0.38881944444444444 0.24608593750000002 0.3179166666666666
19 0.2363125 0.37436111111111114 0.07785937499999998 0.13122222222222224
19 0.6084179687500001 0.2588402777777778 0.06027343750000007 0.11545833333333333
19 0.5700624999999999 0.32866666666666666 0.08071874999999995 0.16091666666666665
8 0.688046875 0.18452083333333336 0.12859374999999992 0.17931944444444448
19 0.5630234375000001 0.7227291666666666 0.1280156250000001 0.2260138888888889
12 0.8410546875 0.20833333333333334 0.11851562499999994 0.2091666666666667
19 0.5171210937499999 0.1607638888888889 0.14596093749999994 0.18680555555555556
19 0.33780078125 0.15693055555555555 0.21127343750000005 0.3138611111111111
19 0.64951171875 0.12197222222222222 0.12222656250000004 0.19172222222222218