19 0.5912109375 0.8372430555555557 0.111328125 0.2505972222222223
12 0.16390234374999998 0.9715625 0.0396953125 0.056875000000000064
19 0.2783359375 0.9220416666666666 0.08121875000000003 0.15591666666666665
19 0.50184375 0.8761527777777778 0.18112499999999992 0.19202777777777777
19 0.577078125 0.43678472222222225 0.11756250000000001 0.15940277777777775
3 0.7402304687499999 0.7437222222222223 0.19699218749999997 0.3694722222222222
19 0.84579296875 0.8187777777777777 0.11200781249999991 0.21672222222222218
18 0.282328125 0.7260000000000001 0.08546874999999998 0.19808333333333325
10 0.24531640625 0.6683819444444444 0.09392968750000001 0.28937499999999994
19 0.411609375 0.6450138888888889 0.07057812499999998 0.20641666666666666
19 0.47435546874999995 0.6663055555555556 0.06316406249999992 0.10483333333333336
18 0.5191250000000001 0.5978333333333333 0.1590781249999999 0.1745833333333334
7 0.59494140625 0.5356805555555556 0.08739843749999991 0.1124444444444445
10 0.34076953125 0.4171319444444445 0.07466406249999995 0.1401805555555556
7 0.47155078125000005 0.4827986111111111 0.08544531249999991 0.12434722222222218
19 0.55954296875 0.11679166666666667 0.08482031249999995 0.08469444444444443
19 0.6542890625 0.5863749999999999 0.047296874999999974 0.14419444444444435
19 0.21516015624999998 0.47766666666666663 0.046320312499999995 0.08358333333333326
19 0.275140625 0.25833333333333336 0.058984375 0.07674999999999998
16 0.43518749999999995 0.32965277777777774 0.15367187500000004 0.11977777777777775
16 0.80283203125 0.2069513888888889 0.23792968750000004 0.3222083333333333
18 0.5625820312500001 0.20494444444444446 0.09296093750000001 0.15761111111111115
8 0.40566015625 0.17513194444444444 0.1074296875 0.23040277777777776
16 0.35315624999999995 0.24745138888888887 0.09875000000000003 0.14304166666666668
18 0.47495312500000003 0.17072916666666668 0.10387500000000002 0.2939027777777778
16 0.58065625 0.06065277777777778 0.08704687500000005 0.12130555555555556
3 0.634421875 0.05545138888888888 0.029265625000000028 0.11090277777777777
19 0.6676132812500001 0.24694444444444447 0.029054687500000044 0.04625000000000001