18 0.57063671875 0.9035277777777777 0.13544531249999991 0.19150000000000014
18 0.13299218750000003 0.21333333333333332 0.126359375 0.42666666666666664
19 0.25665625 0.8922916666666666 0.12378125000000002 0.21541666666666653
14 0.2673984375 0.40280555555555553 0.117578125 0.23083333333333336
18 0.380859375 0.4143611111111112 0.08815624999999998 0.2643055555555555
2 0.4702539062500001 0.33619444444444446 0.08761718750000007 0.19983333333333334
10 0.716328125 0.24284722222222221 0.053749999999999964 0.13569444444444442
14 0.5310546875 0.06185416666666666 0.061484375000000036 0.12101388888888888
14 0.3316328125 0.29581944444444447 0.04828124999999996 0.0780277777777778
19 0.181046875 0.06472222222222222 0.06293749999999998 0.10791666666666667
18 0.39796875 0.07215277777777779 0.17515625000000004 0.14430555555555558
19 0.541203125 0.639861111111111 0.2502812500000001 0.3614166666666666
12 0.41058203125 0.28475000000000006 0.04461718749999997 0.2199444444444445
3 0.38429687500000004 0.15465277777777778 0.16296875000000002 0.21097222222222228
18 0.6703515624999999 0.1877222222222222 0.03929687499999997 0.06011111111111113