8 0.289953125 0.9594999999999999 0.09087499999999996 0.0809999999999999
10 0.4758984375 0.98125 0.05007812499999993 0.0375
11 0.7002890625 0.9278680555555556 0.036765624999999955 0.14426388888888875
0 0.44753125000000005 0.8276180555555556 0.09824999999999999 0.17509722222222213
2 0.83686328125 0.8595555555555555 0.08978906249999996 0.19941666666666658
18 0.32125390625 0.8596597222222223 0.05525781250000002 0.09262500000000008
12 0.29669140625 0.8043819444444444 0.06224218749999997 0.07570833333333332
3 0.60608984375 0.7045972222222222 0.06838281249999997 0.18038888888888888
7 0.6771171875 0.6216250000000001 0.21765624999999994 0.3802777777777777
5 0.41337890625 0.6792986111111111 0.05735156250000002 0.09804166666666664
3 0.264109375 0.6852222222222223 0.191296875 0.23794444444444435
12 0.76987109375 0.8200069444444444 0.07621093750000005 0.13790277777777774
18 0.77355859375 0.5056041666666667 0.08616406249999997 0.11768055555555558
18 0.29528515625 0.46567361111111116 0.15885156250000004 0.1891805555555556
3 0.42966015625000004 0.5684583333333334 0.14928906249999999 0.20047222222222227
9 0.46700390625 0.38345138888888886 0.10955468750000001 0.2394583333333333
19 0.58173046875 0.42287500000000006 0.11774218750000003 0.3058888888888889
19 0.3906015625 0.31063888888888885 0.08129687499999996 0.1388611111111111
19 0.59166015625 0.27395833333333336 0.07941406250000008 0.07680555555555557
0 0.50144921875 0.2601180555555556 0.08575781249999999 0.11576388888888892
4 0.5403632812500001 0.1221527777777778 0.17630468750000006 0.23930555555555558
3 0.6088125 0.1393888888888889 0.10101562499999997 0.1016388888888889
18 0.37286328125 0.1631111111111111 0.04458593750000004 0.13552777777777775
0 0.22897656249999998 0.07741666666666666 0.09675000000000003 0.15316666666666667
19 0.29316796875 0.06459722222222222 0.03189843750000003 0.10352777777777776
19 0.5365234375 0.698125 0.026218749999999957 0.08499999999999998
19 0.12076171875 0.2946736111111111 0.1258203125 0.5893472222222222