18 0.67284375 0.9456180555555556 0.10165624999999992 0.10876388888888881
19 0.5928828125 0.9691944444444444 0.07864062500000006 0.06161111111111097
8 0.45804296875000006 0.9767777777777777 0.03141406250000003 0.04644444444444452
12 0.81923046875 0.9904583333333333 0.05997656249999998 0.019083333333333345
19 0.5402421875 0.9189791666666668 0.033468749999999936 0.04504166666666676
17 0.44023046875 0.8478333333333332 0.060789062499999956 0.14769444444444432
17 0.51692578125 0.8081180555555556 0.06991406250000001 0.1601527777777777
17 0.59240625 0.8602569444444446 0.081046875 0.1206805555555557
10 0.65480078125 0.7992986111111111 0.1114140625000001 0.25923611111111117
19 0.2982890625 0.642423611111111 0.09237500000000001 0.14362500000000003
19 0.39982031250000005 0.6699652777777778 0.044984375000000035 0.11026388888888895
19 0.44683203125000004 0.7059722222222221 0.06322656250000006 0.15130555555555564
19 0.5098671875 0.62225 0.09000000000000004 0.22574999999999995
17 0.623671875 0.5491319444444445 0.06699999999999999 0.20848611111111112
3 0.276296875 0.40058333333333335 0.06079687499999995 0.12680555555555553
3 0.41003515625000003 0.4046458333333333 0.046195312500000044 0.0909861111111111
19 0.49353515625 0.40545138888888893 0.0802734375 0.16173611111111114
19 0.5545390625000001 0.3480763888888889 0.07003125000000007 0.09856944444444449
19 0.6830468749999999 0.2192986111111111 0.08170312499999995 0.1972361111111111
19 0.71953125 0.23661111111111113 0.029328124999999972 0.06975000000000003
9 0.5025429687499999 0.1935486111111111 0.1647578124999999 0.31401388888888887
2 0.23458593749999998 0.19068055555555555 0.142390625 0.24086111111111114
19 0.5565390625 0.020805555555555556 0.07801562499999992 0.04161111111111111
19 0.58338671875 0.09204861111111112 0.06889843750000005 0.08284722222222222
3 0.6279687500000001 0.08394444444444445 0.08510937500000004 0.16391666666666665
17 0.4871367187500001 0.019909722222222224 0.06282031250000006 0.03981944444444445