19 0.30967578125 0.9080208333333333 0.22653906250000003 0.1839583333333334
19 0.48053125 0.9212638888888888 0.20503125000000005 0.15747222222222237
12 0.66972265625 0.9175625 0.14321093749999997 0.16487500000000005
11 0.7473085937499999 0.7700000000000001 0.09653906249999995 0.36230555555555566
17 0.60880859375 0.8298611111111112 0.08028906249999998 0.11177777777777781
17 0.20926953125 0.7808680555555556 0.07833593749999998 0.13126388888888887
19 0.56975390625 0.8979236111111111 0.07564843749999994 0.16248611111111114
17 0.41873046875000003 0.7049305555555555 0.08860156250000002 0.08430555555555554
17 0.5741875 0.7590416666666666 0.04635937499999994 0.11355555555555555
17 0.541453125 0.6984513888888889 0.050484374999999915 0.08856944444444442
18 0.2557109375 0.5925833333333334 0.18803124999999998 0.2983888888888889
19 0.39244921875 0.7086666666666667 0.14092968749999998 0.24400000000000008
19 0.49376171874999997 0.5814374999999999 0.14088281249999995 0.2552083333333333
8 0.65202734375 0.5770625 0.1687578125 0.22409722222222225
10 0.7807734375 0.2794097222222222 0.07654687499999993 0.4306250000000001
19 0.66211328125 0.4080347222222222 0.16139843749999994 0.27351388888888895
19 0.51194921875 0.5401319444444445 0.18028906249999999 0.26709722222222215
19 0.3315 0.4076180555555556 0.15281250000000002 0.2324861111111111
19 0.46684765625 0.402375 0.10388281250000002 0.06269444444444443
19 0.5447421875 0.41611111111111115 0.06696875000000002 0.06944444444444445
12 0.5004453125 0.31495138888888885 0.08159375000000005 0.1494583333333333
17 0.637875 0.2845486111111111 0.06428124999999998 0.08351388888888889
19 0.18798828125 0.14865972222222223 0.10238281249999999 0.22406944444444446
19 0.22537500000000002 0.28784027777777776 0.018546875000000008 0.046152777777777806
19 0.32562109375 0.23712500000000003 0.09827343749999998 0.1885277777777778
12 0.7310156250000001 0.11444444444444445 0.08937500000000007 0.2288888888888889
8 0.650875 0.16500694444444444 0.09268750000000008 0.19081944444444443
7 0.57154296875 0.18493055555555557 0.09886718749999997 0.15375
0 0.4863476562500001 0.12543055555555555 0.10302343749999991 0.16666666666666666
19 0.40341796875 0.12359722222222223 0.08138281250000001 0.1703333333333333
19 0.6136171874999999 0.06678472222222222 0.13054687499999992 0.11868055555555555
19 0.4184609375 0.02854861111111111 0.12328124999999997 0.026374999999999992
19 0.31246484375 0.009027777777777777 0.07121093749999999 0.018055555555555554
19 0.33390234375 0.07075 0.03724218749999997 0.04219444444444444
7 0.52753515625 0.035479166666666666 0.13244531249999997 0.06834722222222224