19 0.56110546875 0.9606944444444443 0.04892968750000008 0.07861111111111098
3 0.23304687500000001 0.9700694444444443 0.08421874999999998 0.05986111111111098
19 0.4883828125 0.9701388888888889 0.08214062500000008 0.059722222222222225
2 0.65987109375 0.954375 0.24463281250000007 0.09125000000000007
19 0.46634374999999995 0.8415972222222221 0.04499999999999993 0.11294444444444436
18 0.27397265624999995 0.7823680555555557 0.07827343750000004 0.20504166666666673
2 0.36066796874999996 0.7605416666666667 0.09533593749999998 0.16969444444444454
18 0.19962890625000002 0.8674930555555556 0.029929687500000003 0.07529166666666672
10 0.6706679687499999 0.6635 0.10027343749999992 0.2015833333333333
19 0.8444921875 0.696048611111111 0.10170312499999996 0.14937499999999992
6 0.8284570312499999 0.5279861111111112 0.07307031250000007 0.11819444444444448
18 0.71666796875 0.4292430555555555 0.06038281249999997 0.0931527777777777
17 0.31961328125 0.4058888888888889 0.06674218750000005 0.12058333333333328
18 0.29990234375 0.30078472222222224 0.10482031249999997 0.129875
18 0.68563671875 0.07894444444444446 0.04310156250000006 0.14122222222222222
18 0.46968359374999996 0.10720138888888889 0.03811718749999997 0.10504166666666666
8 0.23811718749999997 0.05613888888888889 0.1734375 0.11227777777777778
2 0.6247421875000001 0.5047013888888889 0.21296874999999993 0.8549583333333334
15 0.49580078125 0.6734444444444444 0.10394531249999997 0.1382777777777777
18 0.56082421875 0.03723611111111111 0.08919531250000005 0.07447222222222222
18 0.380078125 0.5483055555555556 0.08012499999999996 0.2449166666666667
19 0.4886640625 0.5160277777777778 0.14942187499999998 0.19441666666666668
19 0.4894375 0.31267361111111114 0.12323437500000001 0.21223611111111107
19 0.40509765625 0.36813194444444447 0.08857031250000005 0.12323611111111113
2 0.23717968749999999 0.9117222222222223 0.11648437500000001 0.1765555555555554
19 0.12076171875 0.2946736111111111 0.1258203125 0.5893472222222222