14 0.1884296875 0.4566875 0.12767187499999996 0.2337083333333333
19 0.21785546875 0.8200416666666666 0.07078906250000001 0.1258333333333332
19 0.2319921875 0.8907638888888889 0.178046875 0.21847222222222215
16 0.38667187499999994 0.4926041666666667 0.22184375000000003 0.37379166666666663
12 0.7519453125 0.6244583333333333 0.17290625000000004 0.2776944444444445
12 0.5583750000000001 0.5230069444444444 0.1229375000000001 0.17323611111111115
8 0.64951171875 0.8437986111111112 0.1623046875 0.188763888888889
19 0.6146718750000001 0.9418958333333335 0.052671875000000055 0.0832361111111112
16 0.44910546875 0.8122430555555556 0.0652265625 0.10620833333333338
12 0.39624609375000003 0.3190763888888889 0.08672656250000003 0.13129166666666664
19 0.55908984375 0.7446805555555557 0.10911718750000006 0.2189166666666666
14 0.5277890625 0.8999305555555555 0.11421875000000004 0.20013888888888876
15 0.48076953125 0.9629722222222221 0.06216406249999995 0.07233333333333324
19 0.39049218750000003 0.9483888888888887 0.10964062499999998 0.10011111111111101
19 0.766859375 0.9624861111111112 0.06934375 0.07247222222222231
11 0.43304687499999994 0.23711805555555554 0.08499999999999996 0.1289583333333333
19 0.46423046875 0.6821805555555555 0.09611718749999998 0.17297222222222217
16 0.29441796875000004 0.3484999999999999 0.0775390625 0.07152777777777773
19 0.25805859375 0.44395138888888885 0.049742187499999965 0.18206944444444448
18 0.820921875 0.3883819444444444 0.026546875000000015 0.051680555555555605
16 0.7623828125000001 0.09407638888888889 0.21109375000000002 0.18815277777777778
14 0.48929296874999995 0.08541666666666667 0.11703906249999996 0.16905555555555554
19 0.2179609375 0.1481597222222222 0.07710937500000001 0.16854166666666665
8 0.2926640625 0.08673611111111111 0.291421875 0.17347222222222222
12 0.5923671875000001 0.6419027777777778 0.05559375000000007 0.09233333333333336
7 0.61796875 0.578201388888889 0.047734374999999926 0.07401388888888884
18 0.5961953125 0.36456944444444445 0.08784375000000004 0.13352777777777775
3 0.5795585937500001 0.17902777777777779 0.10213281250000002 0.15138888888888888
7 0.5124531250000001 0.36536805555555557 0.08196875000000006 0.13704166666666664