12 0.70859375 0.9569444444444445 0.115625 0.08611111111111111
12 0.46029687499999994 0.9545138888888889 0.06995312499999998 0.09097222222222222
11 0.55478125 0.8333611111111111 0.10137499999999999 0.14311111111111105
10 0.25209765625 0.7637777777777779 0.06363281250000004 0.2826388888888889
9 0.33475 0.8080069444444444 0.23174999999999996 0.2887083333333334
18 0.4586015625 0.7447638888888889 0.09656249999999993 0.13111111111111115
18 0.45239843750000003 0.5571180555555556 0.31812500000000005 0.4083472222222222
18 0.31705859375 0.7157708333333334 0.0741171875 0.11506944444444439
10 0.5184140625 0.6901180555555555 0.054062500000000034 0.07798611111111116
17 0.5524296875 0.4415347222222222 0.05717187500000005 0.08498611111111119
3 0.581015625 0.36904861111111115 0.20015625000000004 0.19598611111111114
3 0.39440234375000005 0.28920833333333335 0.09371093750000004 0.18636111111111112
4 0.22604687499999998 0.2962638888888889 0.04923437499999998 0.1270555555555556
6 0.41096093749999996 0.11847916666666668 0.05704687499999998 0.18823611111111108
19 0.8325703125 0.21024305555555556 0.05029687500000009 0.09881944444444443
19 0.6757304687500001 0.0792361111111111 0.09132031250000008 0.1584722222222222
12 0.35579296875 0.021354166666666667 0.038148437500000035 0.042708333333333334
2 0.23717968749999999 0.9117222222222223 0.11648437500000001 0.1765555555555554
19 0.12076171875 0.2946736111111111 0.1258203125 0.5893472222222222