19 0.5307304687500001 0.9767083333333334 0.056992187500000034 0.04658333333333328
19 0.5812968749999999 0.9264999999999999 0.14709374999999997 0.14699999999999988
19 0.38092578125000004 0.9655555555555555 0.12482031250000003 0.06888888888888876
17 0.18046875 0.9326388888888889 0.08046875 0.13472222222222222
17 0.42200781249999997 0.9186875000000001 0.09371875000000003 0.14859722222222224
17 0.467578125 0.7810347222222223 0.08642187499999991 0.1949305555555555
14 0.5416015625 0.7761458333333334 0.065421875 0.14865277777777774
2 0.60080078125 0.7733888888888889 0.09557031249999995 0.3018055555555555
19 0.7470507812499999 0.8991388888888889 0.1333984374999999 0.20172222222222225
14 0.24204296875000003 0.8929791666666668 0.03461718749999996 0.05554166666666668
19 0.28315625 0.6720625 0.11953125 0.306513888888889
12 0.47056250000000005 0.6528055555555555 0.07668750000000006 0.13008333333333336
19 0.3963046875 0.6802291666666667 0.07598437499999999 0.18387500000000007
19 0.3477734375 0.7163125 0.05571874999999995 0.1405694444444445
17 0.536625 0.6707916666666667 0.07457812500000002 0.12633333333333338
17 0.6382890625 0.6863125 0.03570312500000004 0.08962499999999997
17 0.641125 0.7833749999999999 0.03248437499999994 0.05802777777777774
19 0.7068554687499999 0.611451388888889 0.10269531250000004 0.07679166666666662
11 0.183015625 0.6442152777777779 0.09121874999999999 0.29090277777777784
17 0.36749609375 0.5190416666666667 0.059945312500000014 0.06905555555555559
17 0.36842578125000003 0.5846874999999999 0.05825781249999995 0.06304166666666665
16 0.4135703125 0.5532708333333334 0.05487500000000001 0.11106944444444448
14 0.47008593750000005 0.5589791666666666 0.06670312500000009 0.10956944444444443
2 0.61334765625 0.43120833333333336 0.2913203124999999 0.473361111111111
16 0.29003125 0.3552916666666667 0.13618749999999996 0.2381666666666667
19 0.4204296875 0.3645208333333334 0.13367187499999997 0.2591805555555556
17 0.54016015625 0.31125694444444446 0.08696093749999996 0.13659722222222226
10 0.6542226562500001 0.35778472222222224 0.08274218750000006 0.13359722222222226
12 0.8017148437499999 0.23720833333333333 0.12172656249999995 0.2186388888888889
17 0.32078124999999996 0.18355555555555556 0.05999999999999996 0.16538888888888886
2 0.453796875 0.15708333333333332 0.25007812500000004 0.31416666666666665
2 0.2330546875 0.2528611111111111 0.08753124999999999 0.11022222222222224
14 0.63870703125 0.12231249999999999 0.09219531249999999 0.1332916666666667
19 0.257765625 0.09981250000000001 0.1286875 0.19629166666666673
2 0.7653554687499999 0.044041666666666666 0.1003046874999999 0.08808333333333333