19 0.4276953124999999 0.9833333333333333 0.02742187499999993 0.03333333333333333
14 0.4819296875 0.8525208333333334 0.16320312500000006 0.29495833333333327
19 0.5809453125 0.9395972222222222 0.043265625000000085 0.09419444444444436
19 0.63233203125 0.9488680555555555 0.13330468750000007 0.10226388888888904
19 0.4118515625 0.9322152777777777 0.05637500000000002 0.08176388888888873
19 0.5717109375 0.7717499999999999 0.04371875000000003 0.10030555555555559
19 0.55121875 0.8665 0.028187499999999942 0.08438888888888887
17 0.2448828125 0.9100833333333334 0.065421875 0.10022222222222234
17 0.64427734375 0.8158611111111113 0.062460937500000036 0.15400000000000016
17 0.778125 0.8738958333333332 0.11882812499999992 0.13451388888888877
12 0.26300390625 0.7731875 0.1358359375 0.21376388888888892
17 0.43071484375 0.6931388888888889 0.06586718749999995 0.1550833333333333
17 0.49915234375000006 0.6182361111111111 0.07494531250000006 0.18811111111111117
19 0.35548046875 0.5746597222222222 0.06438281249999997 0.1834583333333334
2 0.50926171875 0.4448472222222222 0.20880468749999997 0.4256666666666667
7 0.68196484375 0.5385624999999999 0.1888828125 0.4030972222222223
19 0.31875 0.3864166666666667 0.10625 0.20388888888888887
2 0.3030859375 0.3612708333333333 0.20523437500000002 0.25490277777777776
19 0.6146328124999999 0.3041111111111111 0.09890624999999993 0.16263888888888892
18 0.4613359375 0.13555555555555554 0.19779687500000004 0.2711111111111111
17 0.7592734375 0.18939583333333335 0.079109375 0.1370416666666667
19 0.619703125 0.15905555555555556 0.07046875000000004 0.12747222222222224
19 0.33659765625000004 0.10411111111111113 0.0581015625 0.07472222222222223
19 0.27601953125 0.050263888888888886 0.08777343750000002 0.0901111111111111
19 0.36008593749999995 0.03927777777777778 0.053156249999999974 0.07252777777777777