0 0.18626562500000002 0.9553541666666667 0.06673437499999998 0.08929166666666662
11 0.40030859375 0.9388958333333334 0.053257812500000015 0.12220833333333335
2 0.46081640625000003 0.8921805555555555 0.09744531250000002 0.21563888888888888
19 0.5679453125 0.9557152777777778 0.07249999999999997 0.08856944444444442
17 0.2910625 0.8678194444444445 0.08678125000000003 0.18355555555555567
18 0.5236796874999999 0.8892916666666666 0.06670312500000009 0.1757777777777777
19 0.57090625 0.8223680555555556 0.10353124999999999 0.22634722222222226
19 0.69834375 0.6822638888888889 0.07276562500000008 0.32144444444444453
12 0.380859375 0.6071111111111112 0.10328125000000003 0.1835555555555555
19 0.507546875 0.6158611111111111 0.056015625000000034 0.5024444444444444
19 0.50882421875 0.7161666666666666 0.0244140625 0.06622222222222224
19 0.8320390625 0.6569305555555556 0.034140624999999855 0.059000000000000025
19 0.5731328125 0.5356319444444444 0.15581250000000005 0.2670694444444444
19 0.70253515625 0.39690277777777777 0.12182031250000006 0.16961111111111113
10 0.8148867187500001 0.4184444444444444 0.07132031249999997 0.14727777777777776
19 0.3746796875 0.5050277777777777 0.02595312500000002 0.04449999999999995
18 0.39512890624999997 0.30927777777777776 0.06846093749999996 0.12586111111111112
16 0.2929609375 0.3283680555555556 0.073140625 0.09362499999999996
19 0.555578125 0.18925694444444444 0.05350000000000001 0.067875
12 0.63497265625 0.2990347222222222 0.10591406249999995 0.18723611111111116
19 0.67453125 0.24038194444444447 0.05687499999999997 0.10129166666666668
19 0.21789062500000003 0.27072916666666663 0.028781250000000026 0.0433472222222222
19 0.46661328125 0.34469444444444447 0.025679687499999916 0.05769444444444443
19 0.25401953125 0.16868055555555553 0.11647656250000002 0.16399999999999998
18 0.56042578125 0.04989583333333333 0.06108593750000004 0.09979166666666665
19 0.31891406250000004 0.043472222222222225 0.08670312500000002 0.08694444444444445
18 0.11199218749999999 0.13903472222222224 0.10217187500000002 0.2780694444444445