19 0.2232890625 0.9770416666666667 0.037796874999999994 0.04591666666666659
19 0.49979687500000003 0.9642152777777778 0.05073437500000004 0.07156944444444441
19 0.5091640625 0.8740416666666667 0.062890625 0.1294444444444445
19 0.66641015625 0.9578333333333333 0.06671093750000008 0.08433333333333337
17 0.5549179687500001 0.9578402777777778 0.04972656250000007 0.08431944444444449
19 0.26884375 0.8633958333333334 0.15165625 0.1307083333333332
19 0.44916796875000004 0.8926458333333332 0.05974218750000002 0.13234722222222217
8 0.8185585937500001 0.7015972222222222 0.10235156250000008 0.26725000000000004
10 0.79636328125 0.7896875000000001 0.15063281249999996 0.26173611111111117
18 0.46870312499999994 0.8031875 0.06726562499999993 0.13356944444444455
19 0.590453125 0.7605555555555555 0.15685937499999997 0.33486111111111105
19 0.435859375 0.7264930555555557 0.11935937499999998 0.20393055555555553
6 0.2316484375 0.6255694444444444 0.056343750000000005 0.1293611111111111
12 0.40589062499999995 0.5830902777777778 0.058656249999999986 0.07918055555555555
2 0.6316953125 0.6279652777777778 0.26909375 0.35079166666666656
18 0.39477734374999995 0.6445069444444443 0.06216406249999995 0.09679166666666675
18 0.42381250000000004 0.392375 0.07979687500000003 0.2063055555555555
19 0.42811328125000003 0.44269444444444445 0.11491406249999998 0.16969444444444454
19 0.44308593749999997 0.5737569444444444 0.082421875 0.12001388888888885
19 0.55256640625 0.44724305555555555 0.17739843749999995 0.2114861111111111
19 0.6082109375 0.37355555555555553 0.1065312500000001 0.13599999999999998
17 0.48731640625 0.34705555555555556 0.04044531249999998 0.0849722222222222
19 0.45790234375 0.2947708333333333 0.023898437499999935 0.035958333333333314
19 0.4073515625 0.2866041666666667 0.05882812499999997 0.08823611111111107
19 0.5378671875000001 0.13597222222222222 0.11948437500000005 0.27194444444444443
17 0.59071484375 0.25521527777777775 0.08180468750000003 0.13793055555555556
17 0.21692187500000001 0.1439513888888889 0.08678125 0.18987499999999996
10 0.7134140625 0.1321875 0.14339062499999997 0.21079166666666665
18 0.30064453125 0.09310416666666667 0.09044531249999999 0.1705972222222222
3 0.23612109375 0.09209027777777774 0.10257031249999997 0.1724861111111111
19 0.50364453125 0.03145138888888889 0.04510156250000001 0.06290277777777778
0 0.7903945312499999 0.010541666666666666 0.03225781249999997 0.01977777777777778
19 0.52987109375 0.14427777777777778 0.06433593749999993 0.12091666666666667