3 0.7797656249999999 0.9661805555555555 0.06359374999999998 0.06763888888888896
19 0.19529296875000002 0.9879374999999999 0.08261718750000002 0.024124999999999848
19 0.291796875 0.7865208333333334 0.13656249999999998 0.4194583333333333
18 0.41357421875 0.9670486111111111 0.06996093749999996 0.06590277777777784
14 0.35939453125000004 0.9357638888888888 0.05425781250000004 0.1284722222222222
3 0.506640625 0.9344097222222222 0.11218749999999993 0.1311805555555556
2 0.48203125 0.9472222222222222 0.084375 0.10555555555555556
19 0.41347265625 0.8259444444444445 0.09085156249999997 0.22827777777777797
1 0.47229296875 0.8408402777777777 0.05352343749999999 0.12112500000000005
14 0.57898828125 0.877375 0.1004765625000001 0.21427777777777773
11 0.715703125 0.8664930555555556 0.061875000000000034 0.2377361111111112
11 0.656296875 0.8244444444444444 0.04862500000000001 0.3100555555555556
10 0.5661328125 0.7337569444444444 0.139453125 0.15806944444444437
18 0.17915625 0.8309722222222221 0.02023437499999998 0.054999999999999875
0 0.40919531249999996 0.610638888888889 0.10317187499999995 0.15238888888888893
16 0.48329296875 0.6315416666666667 0.05910156250000007 0.09755555555555556
17 0.53859765625 0.6270833333333333 0.060507812500000036 0.05694444444444444
17 0.60186328125 0.6247291666666667 0.05810156249999991 0.08418055555555558
17 0.41835546875 0.3879930555555556 0.056085937499999974 0.12154166666666666
17 0.4308203125 0.4886388888888889 0.08023437500000004 0.11783333333333337
17 0.48921093750000005 0.5132847222222222 0.06189062500000002 0.16462499999999997
11 0.53468359375 0.47076388888888887 0.031257812499999996 0.12158333333333328
14 0.50413671875 0.5702291666666667 0.03461718749999996 0.08323611111111104
19 0.57922265625 0.5518125 0.1135859374999999 0.10656944444444447
17 0.447484375 0.2921944444444444 0.05234375 0.1305833333333333
11 0.63612890625 0.3005486111111111 0.11272656249999997 0.13943055555555553
2 0.5141718750000001 0.24429861111111112 0.08524999999999991 0.13581944444444446
19 0.21937890625 0.2741805555555556 0.0692265625 0.06905555555555559
17 0.28588671875 0.2565625 0.06989843750000002 0.1372916666666667
19 0.3331484375 0.25655555555555554 0.09104687499999997 0.15033333333333335
18 0.561359375 0.38235416666666666 0.022281249999999985 0.029180555555555543
18 0.26908984375 0.10909027777777779 0.1624453125 0.21818055555555557
19 0.3731484375 0.10456249999999999 0.05628124999999997 0.15009722222222222
19 0.42591796875 0.058534722222222224 0.07271093749999995 0.11706944444444445
2 0.53819921875 0.06027083333333335 0.1577265624999999 0.11987500000000001
19 0.578625 0.10613194444444443 0.03693749999999998 0.11987500000000001
19 0.6446171875 0.036645833333333336 0.05745312499999997 0.07329166666666667
14 0.729046875 0.022055555555555557 0.06801562499999995 0.044111111111111115