14 0.53698828125 0.9640694444444444 0.1429609375 0.07186111111111113
18 0.3601015625 0.9447152777777779 0.07479687500000001 0.1085972222222223
12 0.18493750000000003 0.8154166666666667 0.10468750000000002 0.18575000000000003
19 0.4009921875 0.84625 0.090046875 0.21636111111111106
17 0.5851171875000001 0.7490069444444444 0.06167187500000004 0.17531944444444447
19 0.5382343749999999 0.8150833333333334 0.02993749999999995 0.06522222222222228
18 0.46536328125000004 0.7854166666666667 0.01944531250000008 0.03122222222222225
19 0.51356640625 0.7384236111111111 0.07263281250000002 0.10801388888888887
19 0.42774999999999996 0.5219236111111111 0.09226562499999998 0.2892916666666666
18 0.31469921875 0.6530833333333333 0.027210937500000032 0.07355555555555561
18 0.53476953125 0.6145486111111111 0.06163281250000008 0.09306944444444443
19 0.47504296875000007 0.5944513888888889 0.07769531250000003 0.20229166666666665
18 0.679546875 0.6163333333333333 0.14231250000000006 0.20277777777777778
19 0.79743359375 0.6041388888888889 0.11988281250000003 0.2625833333333333
2 0.6424687499999999 0.4306805555555555 0.25554687499999995 0.3365833333333334
11 0.34131640625 0.26409027777777777 0.07377343750000005 0.3240416666666666
19 0.43639062500000003 0.2711527777777778 0.0810625 0.2161944444444444
19 0.42203125 0.152125 0.15364062500000003 0.30425
16 0.5111171875 0.3694930555555555 0.06501562500000002 0.190625
19 0.5972500000000001 0.13259722222222223 0.1984375 0.25919444444444445
17 0.73081640625 0.08655555555555555 0.08446093749999992 0.10355555555555555
19 0.52141796875 0.13008333333333333 0.08442968749999995 0.2506666666666666
19 0.73755859375 0.025763888888888895 0.11313281249999996 0.04802777777777777
19 0.3318671875 0.06166666666666666 0.09034374999999999 0.12033333333333333