19 0.99477734375 0.01670138888888889 0.010445312499999915 0.03340277777777778
19 0.41990625000000004 0.9706388888888889 0.03909374999999997 0.05872222222222218
0 0.5183359375000001 0.9058125000000001 0.10343750000000007 0.17287500000000003
7 0.6307421874999999 0.9584444444444443 0.08367187499999992 0.083111111111111
19 0.7228007812499999 0.9016527777777779 0.10574218749999993 0.19669444444444428
19 0.765390625 0.8160902777777779 0.06340625000000007 0.03698611111111126
19 0.6476249999999999 0.6404236111111111 0.12018749999999993 0.33543055555555557
19 0.6702109375 0.8119791666666667 0.11987500000000004 0.1695972222222221
19 0.46519140624999994 0.8118541666666667 0.15057031250000003 0.28290277777777784
19 0.38334375 0.769826388888889 0.04129687500000001 0.10370833333333343
19 0.55125 0.7915902777777778 0.018312500000000044 0.04018055555555564
19 0.296640625 0.8167986111111112 0.1425 0.17112500000000005
19 0.37313281249999997 0.6856875 0.03607812499999996 0.0807361111111111
19 0.5242656250000001 0.5475416666666667 0.09251562500000006 0.16052777777777782
19 0.6036718750000001 0.5704583333333333 0.03312500000000007 0.07574999999999996
19 0.38486328125 0.38865277777777774 0.0490234375 0.16394444444444442
18 0.34842578125 0.3420277777777778 0.07150781249999998 0.1538888888888889
18 0.5069999999999999 0.3489513888888889 0.15689062499999995 0.25679166666666664
19 0.7065625 0.29470833333333335 0.09281249999999996 0.23663888888888887
10 0.4568671875 0.2174097222222222 0.14610937499999999 0.242875
12 0.41414062500000004 0.12984722222222222 0.16500000000000004 0.2263611111111111
19 0.34955078125 0.2610902777777778 0.033320312499999984 0.04912500000000001
19 0.33810937500000005 0.21490972222222224 0.015578125000000043 0.03129166666666663
19 0.36450390625 0.08288194444444445 0.07721093750000003 0.153875
19 0.48962500000000003 0.03899305555555555 0.06904687500000009 0.0779861111111111
18 0.5858789062499999 0.028069444444444445 0.1468671875 0.05613888888888889
18 0.11199218749999999 0.13903472222222224 0.10217187500000002 0.2780694444444445