17 0.5080820312500001 0.9872916666666667 0.019460937500000063 0.025416666666666605
17 0.44915625000000003 0.9299652777777777 0.09365625000000008 0.14006944444444433
19 0.24635156249999998 0.9782569444444444 0.08899999999999997 0.04348611111111104
10 0.519296875 0.9211736111111111 0.07781249999999992 0.14048611111111123
19 0.2726015625 0.9016666666666667 0.072953125 0.10158333333333347
19 0.315828125 0.8873125000000001 0.044984375000000035 0.14481944444444442
19 0.608203125 0.8990694444444444 0.05106249999999992 0.09077777777777764
14 0.17796093749999997 0.6108333333333332 0.13104687499999998 0.4212777777777777
19 0.47252734374999994 0.7889236111111111 0.02310156249999995 0.08715277777777777
19 0.51480078125 0.7386666666666667 0.044960937499999964 0.10830555555555559
19 0.6451796875 0.8488819444444445 0.09846874999999997 0.2013194444444445
19 0.733234375 0.7089930555555556 0.053749999999999964 0.1817083333333333
17 0.29724609375 0.7944375 0.08024218750000003 0.13631944444444458
17 0.3783671875 0.8064166666666667 0.07781250000000002 0.11691666666666675
19 0.7144140625000001 0.7356736111111112 0.07707812500000007 0.14309722222222218
19 0.69836328125 0.740125 0.1488203125 0.10116666666666663
19 0.6371953125 0.7053125 0.052515625000000024 0.10115277777777776
19 0.577234375 0.6929027777777778 0.08315625000000004 0.17897222222222217
19 0.35373046875 0.6809861111111111 0.07878906250000002 0.13227777777777772
19 0.270890625 0.6799791666666667 0.06565624999999997 0.14265277777777782
19 0.27828125 0.5055694444444444 0.2265625 0.3077222222222222
19 0.43005859375 0.586625 0.09363281249999997 0.0963055555555556
19 0.4325 0.5185347222222223 0.10090625000000002 0.11240277777777787
19 0.5426328125000001 0.5910069444444445 0.11185937500000005 0.14481944444444442
19 0.5793398437499999 0.5283263888888888 0.09969531249999992 0.14481944444444442
19 0.77658203125 0.4454722222222222 0.07089843750000009 0.16566666666666663
19 0.57821484375 0.39210416666666664 0.057632812499999984 0.23004166666666667
19 0.47157421875 0.3865486111111111 0.19696093750000004 0.31187500000000007
10 0.7170859375 0.36889583333333337 0.134171875 0.1758194444444445
10 0.34475390624999996 0.31719444444444445 0.05471093749999998 0.24713888888888894
19 0.49740625000000005 0.2175277777777778 0.08510937500000004 0.07783333333333337
19 0.5526249999999999 0.18017361111111113 0.053031250000000085 0.0841527777777778
19 0.6615234375 0.2413888888888889 0.132421875 0.2186111111111111
14 0.72216015625 0.14456944444444444 0.09321093749999995 0.22308333333333333
19 0.80567578125 0.12055555555555555 0.11130468749999993 0.2411111111111111
18 0.5838085937499999 0.11042361111111111 0.10216406249999999 0.18762500000000004
19 0.444921875 0.1952222222222222 0.09287500000000004 0.08405555555555555
7 0.60787109375 0.019611111111111114 0.05910156250000007 0.03902777777777778
19 0.5006484375 0.0188125 0.01857812499999998 0.037625
19 0.45248046875 0.041326388888888885 0.04905468749999997 0.08265277777777777
19 0.31954296875 0.08260416666666667 0.07683593750000002 0.16520833333333335
17 0.3600703125 0.11417361111111113 0.04474999999999998 0.09306944444444443
17 0.3435625 0.041326388888888885 0.09126562499999995 0.08265277777777777