12 0.184140625 0.9576388888888889 0.09031250000000002 0.08472222222222223
19 0.39875390624999996 0.9552083333333333 0.08438281249999999 0.08958333333333333
17 0.58612890625 0.9279375 0.06166406250000005 0.14412499999999998
19 0.53620703125 0.9903055555555556 0.029929687499999958 0.019388888888888938
18 0.46232421875000007 0.9727430555555555 0.01944531250000008 0.031236111111111124
19 0.51356640625 0.9275486111111112 0.07263281250000002 0.10801388888888887
19 0.42774999999999996 0.7146458333333333 0.09226562499999998 0.2892916666666666
18 0.31337890625 0.8436111111111111 0.027210937500000032 0.07355555555555561
18 0.53071484375 0.8126805555555555 0.06163281250000008 0.09305555555555556
19 0.47504296875000007 0.7745694444444445 0.07769531250000003 0.2023055555555556
18 0.6734687500000001 0.809048611111111 0.14231250000000006 0.21356944444444442
19 0.79237109375 0.8004652777777779 0.11988281250000003 0.26256944444444436
2 0.6531015625000001 0.5937152777777778 0.23020312500000006 0.35631944444444436
11 0.34131640625 0.4640208333333334 0.07377343750000005 0.3240416666666666
19 0.44044531249999996 0.47108333333333335 0.0810625 0.2161944444444444
19 0.42507812500000003 0.3367222222222222 0.16781249999999998 0.36733333333333335
16 0.5040429687500001 0.5675972222222222 0.06910156250000003 0.16186111111111107
19 0.6094062499999999 0.2983055555555556 0.1984375 0.2591944444444445
17 0.7267578125 0.28741666666666665 0.082421875 0.10183333333333332
19 0.50975390625 0.29581250000000003 0.09153906250000006 0.30468055555555557
19 0.7269140624999999 0.11763888888888889 0.11414062499999993 0.23527777777777778
19 0.30705468750000003 0.21658333333333332 0.03865625000000002 0.08427777777777778
2 0.4789296875 0.11951388888888889 0.09220312499999998 0.23902777777777778
10 0.5569453125 0.1255486111111111 0.09828124999999996 0.24856944444444445
19 0.6309375 0.09429861111111111 0.15500000000000008 0.18859722222222222