17 0.45684765625 0.9456875 0.0929765625 0.10862500000000005
2 0.62516015625 0.967986111111111 0.08077343750000007 0.06402777777777766
16 0.35423828125000006 0.8622777777777778 0.09474218750000003 0.16633333333333333
19 0.469703125 0.9074375 0.07598437499999999 0.14087500000000008
17 0.7752226562500001 0.7717152777777778 0.06750781249999997 0.18051388888888892
19 0.21047656249999996 0.8333680555555555 0.07440625000000001 0.10451388888888889
18 0.23463671875000003 0.826673611111111 0.15580468750000004 0.2576527777777778
13 0.4875625 0.7229791666666667 0.16329687499999998 0.3647361111111112
11 0.38126171875 0.6542708333333334 0.06788281250000003 0.2001527777777778
10 0.619859375 0.6164027777777777 0.06687499999999993 0.2919722222222222
3 0.30179687499999996 0.7304027777777777 0.10131250000000006 0.17011111111111113
3 0.39264453125000004 0.8046597222222223 0.05628906250000001 0.1350972222222222
14 0.25117578125 0.6499652777777778 0.08861718750000006 0.14126388888888894
7 0.5026914062500001 0.46070138888888884 0.1806484375 0.16490277777777781
19 0.61521484375 0.3685416666666666 0.04474218749999999 0.08505555555555556
19 0.66098046875 0.4987291666666666 0.03630468750000002 0.07504166666666663
19 0.5096328124999999 0.2799652777777778 0.13131249999999994 0.19712500000000002
11 0.2236484375 0.23318055555555553 0.14737499999999998 0.3358055555555555
14 0.83870703125 0.09115277777777778 0.0618046875000001 0.09186111111111109
11 0.82958984375 0.16499305555555555 0.07599218749999999 0.06304166666666665
14 0.44711718749999996 0.1271736111111111 0.097265625 0.1675138888888889
19 0.49068359375000004 0.03251388888888889 0.13778906249999992 0.06502777777777778