19 0.29317578125000004 0.9741180555555555 0.14557031250000002 0.051763888888888866
17 0.40716015624999996 0.92075 0.08388281249999996 0.13483333333333322
19 0.73866015625 0.8074861111111111 0.18052343749999994 0.1202499999999999
2 0.58828125 0.8819444444444444 0.17109375 0.2361111111111111
19 0.443171875 0.8067708333333333 0.08192187499999992 0.1352083333333332
12 0.33724999999999994 0.7274861111111111 0.16626562499999994 0.2899999999999999
19 0.4820703125 0.6667361111111111 0.17957812500000006 0.2554444444444445
2 0.21585156249999998 0.8127361111111111 0.11889062500000003 0.17269444444444432
19 0.474828125 0.4661597222222222 0.17196874999999995 0.22562500000000002
19 0.25548046874999997 0.43607638888888894 0.0703203125 0.10893055555555564
8 0.5984882812500001 0.43072916666666666 0.05733593750000008 0.2991805555555555
14 0.66176171875 0.4548055555555555 0.08252343750000009 0.16999999999999996
17 0.7302460937499999 0.4444444444444444 0.06235156249999996 0.12150000000000002
10 0.38206249999999997 0.38476388888888885 0.08004687499999999 0.22319444444444447
17 0.43382031249999997 0.31246527777777783 0.08148437499999997 0.16601388888888885
3 0.69824609375 0.20844444444444446 0.15725781249999998 0.4168888888888889
8 0.5827265625000001 0.20827083333333335 0.10342187500000008 0.1265416666666667
14 0.5013945312500001 0.28071527777777777 0.07724218749999992 0.1323194444444444
14 0.5062656249999999 0.15020833333333333 0.09012499999999993 0.13597222222222224
19 0.36058593749999995 0.13522916666666668 0.24976562500000005 0.1815416666666667
19 0.5296093749999999 0.04146527777777778 0.06531249999999993 0.08293055555555556
3 0.431359375 0.15955555555555556 0.06284375000000005 0.031222222222222207