3 0.71047265625 0.9798611111111111 0.09889843749999994 0.04027777777777778
19 0.35675 0.9267083333333334 0.072265625 0.1465833333333333
19 0.6430351562500001 0.9099305555555556 0.10189843750000005 0.18013888888888896
13 0.498546875 0.9033819444444444 0.20046875000000006 0.19323611111111128
0 0.28365625000000005 0.9044861111111111 0.07240625000000005 0.1617222222222223
19 0.734859375 0.8643402777777779 0.10140624999999996 0.16065277777777787
19 0.61809765625 0.7657569444444445 0.10414843749999995 0.09865277777777774
2 0.46421484374999994 0.6988402777777777 0.20138281249999998 0.2644861111111112
3 0.30631250000000004 0.7317361111111111 0.17964062500000005 0.25172222222222224
19 0.5771640625 0.9058472222222221 0.07842187500000009 0.16227777777777766
2 0.2843125 0.5678680555555555 0.10592187500000003 0.24023611111111115
17 0.6118125 0.6725069444444445 0.10012500000000006 0.10787499999999994
19 0.7036328125 0.7339305555555555 0.10818750000000002 0.17616666666666664
7 0.73684375 0.684048611111111 0.1559375 0.16495833333333332
18 0.5660351562500001 0.6139166666666667 0.15167968750000008 0.23977777777777767
3 0.33703515624999997 0.7685625 0.06036718749999999 0.16498611111111106
12 0.2622578125 0.471375 0.13531249999999997 0.21872222222222223
19 0.393171875 0.5252569444444445 0.080078125 0.11231944444444444
19 0.45823437499999997 0.5115625 0.07412500000000008 0.14173611111111103
12 0.5242460937500001 0.41756944444444444 0.1590703125000001 0.2750555555555555
19 0.601984375 0.46231944444444445 0.07498437500000002 0.1451944444444444
19 0.64401953125 0.39253472222222224 0.06866406250000008 0.1592916666666667
10 0.7015078124999999 0.3709166666666667 0.12384374999999999 0.30625
12 0.7855273437499999 0.49831944444444437 0.10955468749999993 0.17263888888888881
17 0.77986328125 0.38290277777777776 0.06838281249999997 0.10130555555555551
19 0.268515625 0.33743055555555557 0.06671874999999998 0.07402777777777779
19 0.21568359374999999 0.1695138888888889 0.08058593749999998 0.1623611111111111
19 0.4251171875 0.32908333333333334 0.06320312500000003 0.13230555555555554
19 0.41628515625 0.38257638888888884 0.044914062500000004 0.06348611111111112
19 0.70749609375 0.2244236111111111 0.06657031250000003 0.07356944444444448
19 0.6240625 0.22459027777777776 0.0875 0.12140277777777775
19 0.59462109375 0.3171041666666667 0.06319531250000007 0.1185972222222222
17 0.556125 0.2323194444444444 0.05568749999999998 0.13519444444444448
12 0.803125 0.14711111111111108 0.06734374999999995 0.15033333333333335
19 0.43228125000000006 0.2632638888888889 0.04503125000000008 0.06430555555555557
19 0.3699140625 0.284125 0.04906249999999997 0.18861111111111117
19 0.38533203125 0.19769444444444445 0.04857031249999997 0.06969444444444445
19 0.43661328125 0.19989583333333336 0.04857031250000006 0.09362499999999997
19 0.48916015625 0.1451388888888889 0.06121093749999993 0.2902777777777778
19 0.41699609375 0.12028472222222222 0.09710156249999997 0.08640277777777779
16 0.31285546875 0.13904861111111114 0.06202343749999999 0.1029861111111111
19 0.35586328125 0.13800694444444445 0.03569531250000004 0.07593055555555558
19 0.8454140625000001 0.18183333333333335 0.03464062500000011 0.07366666666666667
19 0.6735234375 0.1410625 0.05170312500000005 0.11184722222222221
17 0.700109375 0.09427083333333333 0.08634374999999998 0.188125
19 0.74933984375 0.050381944444444444 0.05510156249999998 0.10076388888888889
19 0.7839609375000001 0.04225 0.03754687499999996 0.06327777777777778
17 0.853203125 0.041277777777777774 0.07749999999999986 0.08255555555555555
19 0.6371874999999999 0.044409722222222225 0.08093749999999993 0.08409722222222221
12 0.6073515625 0.022861111111111113 0.12951562499999997 0.04572222222222223
19 0.23319140625 0.05404166666666666 0.11424218750000001 0.10808333333333332
19 0.3567890625 0.03786805555555556 0.05514062500000003 0.07573611111111112
8 0.42277734375 0.04865277777777778 0.08897656250000004 0.09730555555555556
19 0.2630234375 0.06459027777777777 0.049921874999999984 0.093625
19 0.5531328125 0.19463888888888886 0.08048437499999998 0.17322222222222225
19 0.6065 0.15861111111111112 0.026374999999999992 0.08111111111111112
19 0.315265625 0.028881944444444446 0.030718750000000038 0.05776388888888889