12 0.3484375 0.9416666666666667 0.12890625 0.11666666666666667
19 0.267015625 0.9670208333333333 0.041999999999999996 0.06595833333333334
3 0.507390625 0.8555625 0.1274531249999999 0.2835416666666668
19 0.43141796875000005 0.8192847222222223 0.03955468750000009 0.08354166666666679
18 0.32319921875 0.7986111111111112 0.09039843750000003 0.2785833333333333
19 0.74415625 0.613 0.16578124999999994 0.4875277777777777
19 0.6032421875 0.7536111111111111 0.04942187499999999 0.06972222222222228
19 0.30128906250000004 0.5890416666666667 0.08718750000000001 0.13519444444444448
8 0.41218750000000004 0.5379652777777777 0.13979687500000004 0.22429166666666667
19 0.5302382812499999 0.5673611111111111 0.028210937499999922 0.03983333333333326
8 0.57055078125 0.4438125 0.12496093750000004 0.21509722222222222
0 0.39625000000000005 0.5085069444444444 0.05081250000000002 0.14726388888888886
9 0.20651953124999997 0.347125 0.1260546875 0.26791666666666664
19 0.42659765625000007 0.46140277777777783 0.17802343749999996 0.2370555555555556
19 0.4520625 0.27565972222222224 0.243546875 0.3096527777777778
19 0.6313281249999999 0.14602083333333332 0.09031249999999993 0.1645416666666667
17 0.20048046875 0.1405347222222222 0.0692421875 0.1975416666666667
19 0.34018359375 0.15685416666666666 0.02225781250000001 0.046152777777777765
19 0.27898828125 0.10425000000000001 0.05563281250000003 0.20850000000000002
19 0.45886328125000003 0.024993055555555553 0.02225781250000001 0.046152777777777786
19 0.66161328125 0.5238888888888888 0.027195312499999957 0.03736111111111108
19 0.42053906249999995 0.06114583333333333 0.042031249999999964 0.11890277777777777