18 0.476953125 0.95625 0.240625 0.0875
17 0.55560546875 0.9818749999999999 0.05717968750000004 0.03624999999999987
3 0.5730742187500001 0.9199999999999999 0.1969765625000001 0.16000000000000006
3 0.3912265625 0.8567361111111111 0.09370312500000004 0.1863611111111112
4 0.22128515625 0.8750902777777778 0.04924218749999998 0.12706944444444446
6 0.40460546875 0.7085902777777778 0.057039062499999994 0.18823611111111116
19 0.8221015625 0.8022430555555555 0.05217187500000007 0.11198611111111126
19 0.6646328125000001 0.6425277777777778 0.09764062500000001 0.19516666666666665
12 0.34784765625 0.6030625000000001 0.038148437500000035 0.06540277777777782
9 0.23184765624999998 0.44772222222222224 0.0986328125 0.2571666666666666
18 0.34468359375 0.4688819444444444 0.11750781249999998 0.24884722222222216
19 0.47571874999999997 0.4336319444444445 0.052406249999999946 0.10476388888888898
17 0.38993359375000003 0.12724305555555557 0.06825781249999996 0.18106944444444445
3 0.6030078125 0.2789583333333333 0.16632812500000008 0.23347222222222216
15 0.60119140625 0.08224305555555556 0.10641406250000003 0.14681944444444445
12 0.18745703125 0.1132986111111111 0.04764843750000001 0.09034722222222223
18 0.28614843749999996 0.032999999999999995 0.09910937500000001 0.054222222222222234
18 0.41479687500000006 0.04824305555555555 0.10101562499999997 0.08470833333333334
18 0.5005625 0.03852083333333333 0.07432812500000008 0.07704166666666666
18 0.54016015625 0.19202777777777777 0.16578906250000003 0.26066666666666666
19 0.4853906250000001 0.2222361111111111 0.09328125000000007 0.19469444444444445
2 0.23717968749999999 0.9117222222222223 0.11648437500000001 0.1765555555555554
19 0.12076171875 0.2946736111111111 0.1258203125 0.5893472222222222