2 0.5073828125000001 0.6871527777777777 0.25242187499999996 0.6256944444444444
17 0.20930468749999998 0.8274375 0.08123437500000001 0.21415277777777786
18 0.3800546875 0.9372638888888888 0.055593749999999977 0.1254722222222221
18 0.42206640625 0.8051805555555556 0.1416171875 0.24133333333333332
18 0.6546523437499999 0.7034652777777777 0.052054687500000085 0.06587499999999993
0 0.43716015624999993 0.6250486111111111 0.08492968750000003 0.1097916666666666
19 0.49790234375 0.5932222222222222 0.11996093749999996 0.1959444444444445
19 0.54167578125 0.5248680555555555 0.07464843749999997 0.129875
10 0.7758828125000001 0.4292083333333333 0.07150000000000008 0.27677777777777773
12 0.4679375 0.3295902777777778 0.11435937500000008 0.24001388888888894
19 0.3788359375 0.5803194444444444 0.04129687500000001 0.096
19 0.35183593750000003 0.36515972222222226 0.036531249999999994 0.07059722222222224
7 0.5723515625 0.2650625 0.18900000000000006 0.1834583333333333
19 0.3710234375 0.20354166666666668 0.10985937500000001 0.2470833333333333
19 0.5726171875 0.2651875 0.078515625 0.24870833333333336
19 0.625328125 0.3885486111111111 0.02375000000000007 0.041597222222222285
19 0.78591796875 0.2414236111111111 0.04191406249999998 0.06862499999999995
19 0.21266406250000003 0.45075000000000004 0.04512499999999999 0.09966666666666665
8 0.5217421875 0.8777777777777778 0.167765625 0.24444444444444444
2 0.49599609375 0.1403611111111111 0.14294531250000003 0.11058333333333334
18 0.39408203125 0.06370833333333333 0.0741171875 0.12741666666666665
2 0.3550390625 0.20031250000000003 0.062203125000000005 0.11826388888888888