17 0.38789453125 0.9582569444444443 0.07688281250000002 0.08348611111111097
19 0.12618359375 0.9298541666666666 0.11458593749999997 0.14029166666666665
19 0.26878124999999997 0.7919861111111112 0.043671874999999985 0.4160277777777777
19 0.48496484374999993 0.9653749999999999 0.1046015624999999 0.06924999999999987
2 0.65041015625 0.8515833333333334 0.1529296875 0.2968333333333334
19 0.64301171875 0.8755972222222221 0.09786718749999998 0.11538888888888879
19 0.56144921875 0.9072986111111111 0.08653906249999999 0.18540277777777778
19 0.483 0.8119166666666667 0.19523437500000002 0.33449999999999996
19 0.20223828125 0.8801388888888888 0.08553906250000001 0.23688888888888882
19 0.26101171874999995 0.8056597222222223 0.04838281249999996 0.12840277777777784
19 0.40051171874999997 0.7891805555555556 0.018601562499999957 0.02797222222222236
10 0.36753515625 0.7815625 0.09466406249999997 0.3024027777777778
17 0.220546875 0.6932916666666666 0.07984375000000002 0.13761111111111116
19 0.32359375 0.7501597222222223 0.014421875000000028 0.024680555555555532
19 0.2829765625 0.6421458333333334 0.07246875 0.10329166666666667
14 0.45527734375 0.5295624999999999 0.09242968749999995 0.16618055555555553
19 0.7504648437499999 0.6273472222222222 0.07703906249999992 0.14169444444444443
9 0.30421875 0.5100972222222223 0.15718750000000004 0.21333333333333337
19 0.49971875 0.5944236111111111 0.015453124999999979 0.02290277777777779
10 0.8079140624999999 0.4316041666666667 0.07126562499999993 0.2119305555555556
15 0.3692578125 0.35420138888888886 0.069921875 0.09829166666666664
19 0.58201171875 0.2782986111111111 0.08519531249999997 0.26493055555555556
19 0.59371875 0.3884861111111111 0.06082812499999992 0.12419444444444443
19 0.341296875 0.25619444444444445 0.10014062500000005 0.12527777777777777
3 0.52722265625 0.13624999999999998 0.21257031249999994 0.27249999999999996
17 0.42183984375000005 0.18294444444444444 0.05822656249999998 0.08383333333333336
16 0.7875546875 0.2310138888888889 0.138859375 0.23869444444444446
19 0.8644453125 0.346625 0.010015625000000129 0.022694444444444448
19 0.35196484375 0.10342361111111112 0.028929687499999978 0.060375
19 0.26341015625 0.10071527777777778 0.11950781250000002 0.20143055555555556
19 0.38961328125000005 0.06315972222222221 0.033992187500000035 0.06409722222222224
0 0.63068359375 0.05584722222222222 0.07314843750000008 0.11169444444444444
18 0.3296875 0.95625 0.06015625 0.0875