6 0.6053359374999999 0.9675763888888889 0.09223437499999995 0.06484722222222229
2 0.61553125 0.8109583333333333 0.171890625 0.26955555555555555
19 0.65821484375 0.9498055555555556 0.08107031249999999 0.10038888888888885
2 0.45745312499999996 0.8049652777777778 0.18101562500000004 0.32348611111111114
19 0.3342109375 0.8766597222222223 0.13560937500000003 0.16668055555555555
19 0.30695703124999996 0.7512083333333334 0.08157031249999998 0.15383333333333332
19 0.43218359375000004 0.7587222222222222 0.14358593749999998 0.20283333333333328
19 0.55840625 0.5908402777777778 0.12976562499999994 0.2277638888888889
19 0.6876015625 0.590388888888889 0.10279687499999994 0.07877777777777782
19 0.81496875 0.7969861111111112 0.042593749999999986 0.10936111111111112
19 0.7898515625 0.6606874999999999 0.14685937500000001 0.21140277777777775
10 0.31372265625 0.5321736111111111 0.11599218750000002 0.24815277777777772
19 0.651625 0.4346944444444445 0.21425 0.3143888888888889
18 0.39192968749999996 0.39804861111111106 0.08645312500000002 0.1644583333333333
8 0.50993359375 0.3305277777777778 0.1431484375 0.16911111111111113
19 0.27494921875 0.29818055555555556 0.1398515625 0.18100000000000002
10 0.56217578125 0.11951388888888889 0.08955468750000009 0.23902777777777778
10 0.41834765625000003 0.12435416666666667 0.08846093750000002 0.13434722222222226
8 0.30575 0.02748611111111111 0.054062500000000034 0.05497222222222222
8 0.36894921875 0.07991666666666666 0.13130468749999996 0.15983333333333333
2 0.478484375 0.07680555555555556 0.09057812500000004 0.15361111111111111
18 0.11199218749999999 0.13903472222222224 0.10217187500000002 0.2780694444444445