18 0.4147421875 0.9436111111111111 0.07182812500000005 0.11277777777777784
19 0.37630078125 0.9633333333333334 0.03177343749999997 0.07333333333333326
19 0.53984375 0.9631388888888888 0.08874999999999993 0.07372222222222212
19 0.59780859375 0.9456666666666667 0.10653906249999992 0.10866666666666668
17 0.47926562500000003 0.8982361111111111 0.040437499999999994 0.08497222222222231
19 0.4470859375 0.8669027777777777 0.01910937500000003 0.028249999999999886
19 0.39958203125 0.8676527777777778 0.05882031250000001 0.09919444444444454
19 0.529046875 0.7513333333333334 0.11948437500000005 0.2719444444444444
17 0.58508984375 0.8325347222222221 0.08180468750000003 0.13793055555555547
17 0.2150859375 0.7419930555555556 0.08678125 0.18987500000000004
10 0.6992109375 0.7140208333333333 0.1387812499999999 0.21079166666666665
18 0.29512890625 0.6699027777777778 0.09044531249999999 0.17058333333333325
3 0.22511718749999998 0.6248125 0.124609375 0.28351388888888895
19 0.50298828125 0.5264097222222222 0.08091406249999995 0.1952916666666667
0 0.75696875 0.5335416666666667 0.07732812500000001 0.13086111111111115
19 0.51829296875 0.7220555555555556 0.06433593749999993 0.12091666666666659
19 0.15128124999999998 0.27897222222222223 0.18468749999999998 0.2834444444444445
19 0.41480078125000003 0.5011388888888889 0.0937578125 0.17647222222222214
19 0.49945703125000007 0.41576388888888893 0.06711718750000006 0.15572222222222223
19 0.5543203125 0.4522847222222222 0.04595312499999995 0.09968055555555554
18 0.2964609375 0.4324305555555556 0.09664062500000004 0.1896944444444445
17 0.5680156249999999 0.3230416666666667 0.06801562499999995 0.0996666666666667
10 0.26649218750000003 0.24263194444444444 0.15045312500000002 0.2539027777777778
19 0.3847421875 0.2217361111111111 0.10478124999999996 0.16830555555555557
19 0.48335546874999996 0.2585 0.13108593749999997 0.21633333333333332
14 0.69540234375 0.29215972222222225 0.06617968750000003 0.17973611111111107
18 0.36414843750000003 0.36225694444444445 0.08123437500000001 0.10620833333333338
18 0.6245234375 0.13118055555555555 0.14610937499999999 0.2623611111111111
2 0.76398046875 0.18427083333333336 0.07717968749999997 0.18423611111111107
19 0.44876953124999996 0.1578125 0.04080468750000001 0.06273611111111113
19 0.527078125 0.13036111111111112 0.07168749999999999 0.15294444444444447
19 0.1625546875 0.10584722222222223 0.10809375000000002 0.16666666666666666
14 0.2728515625 0.13674999999999998 0.17426562499999998 0.27349999999999997
19 0.4493203125 0.07498611111111111 0.167640625 0.14997222222222223
19 0.675421875 0.020083333333333335 0.03970312499999995 0.04016666666666667
14 0.7457890625 0.06004861111111111 0.06970312500000002 0.12009722222222222