19 0.5546875 0.9645833333333333 0.0515625 0.07083333333333333
2 0.34294531250000004 0.9637222222222223 0.17976562499999998 0.07255555555555557
19 0.68584765625 0.8709791666666666 0.18307031249999994 0.2580416666666666
19 0.47719921875000004 0.9562083333333333 0.11833593750000002 0.08758333333333326
19 0.19609375 0.9604166666666667 0.13359375 0.07916666666666666
12 0.4954726562499999 0.7869166666666666 0.10046093749999993 0.29388888888888887
12 0.57477734375 0.801513888888889 0.07069531250000001 0.2058333333333334
10 0.41315624999999995 0.8594930555555554 0.068359375 0.2810138888888888
19 0.35569140624999995 0.8870208333333333 0.10872656250000001 0.1784305555555556
2 0.21494531249999999 0.8333958333333332 0.18859374999999998 0.2723472222222222
19 0.27796093749999995 0.5860694444444444 0.17578125 0.3109722222222222
19 0.4283203125 0.6359513888888889 0.09793749999999997 0.1832361111111112
19 0.49703125000000004 0.6693402777777777 0.08748437500000002 0.16729166666666664
10 0.7176210937499999 0.6598194444444444 0.08616406249999997 0.14788888888888885
13 0.57540625 0.4933125 0.20906249999999993 0.4063472222222223
13 0.7890937499999999 0.5445555555555556 0.13031250000000005 0.27902777777777776
19 0.38431640625 0.4562361111111111 0.1143515625 0.2785833333333334
19 0.27658984375 0.3885416666666667 0.06597656250000003 0.12902777777777774
19 0.44325390625 0.3444791666666666 0.06286718750000002 0.09804166666666671
17 0.296453125 0.27663194444444444 0.08603125 0.11765277777777775
19 0.20159765625 0.17554166666666668 0.14382031250000002 0.33225
2 0.29997656250000004 0.12263888888888888 0.11160937500000001 0.24527777777777776
12 0.5867578125 0.15772916666666667 0.13585937500000006 0.2637083333333333
19 0.7431054687499999 0.37656944444444446 0.02757031249999997 0.049027777777777753
17 0.53861328125 0.06249305555555556 0.08074218749999992 0.12473611111111112
19 0.47442578125000007 0.05653472222222222 0.07411718749999992 0.11306944444444444
19 0.3856796875 0.0789375 0.05042187499999997 0.0964861111111111