19 0.616015625 0.9263333333333332 0.13254687500000006 0.14733333333333323
9 0.6387578125 0.893486111111111 0.167578125 0.21302777777777793
19 0.5140976562499999 0.9466736111111111 0.08167968749999996 0.10665277777777772
19 0.38503515625 0.9477430555555556 0.08321093750000004 0.10451388888888889
17 0.4429101562500001 0.9411805555555556 0.05446093750000003 0.11763888888888895
19 0.465515625 0.8686527777777778 0.08695312499999996 0.1294444444444445
19 0.3004765625 0.7893333333333334 0.146671875 0.24138888888888882
19 0.34899218750000005 0.9060486111111111 0.05623437500000002 0.13320833333333346
19 0.39329296874999997 0.8225138888888888 0.04767968749999998 0.1713333333333332
19 0.45161328125000005 0.7755694444444444 0.11094531249999999 0.12166666666666653
19 0.5170390625000001 0.6953541666666666 0.06615625000000006 0.17384722222222224
19 0.8500078125 0.9365 0.05876562499999984 0.11388888888888889
10 0.7536015624999999 0.6810763888888889 0.11335937499999993 0.28276388888888887
19 0.7135546875000001 0.7852916666666666 0.05484375000000004 0.056972222222222195
19 0.69646484375 0.7018472222222223 0.08639843749999994 0.10558333333333339
19 0.25121484375 0.6595347222222222 0.16661718749999999 0.333375
19 0.5220117187500001 0.7515486111111112 0.21519531250000004 0.3019861111111112
19 0.41442968750000003 0.6567222222222223 0.06943750000000004 0.19063888888888897
19 0.7478515625 0.4253263888888889 0.137109375 0.32601388888888894
19 0.6486835937500001 0.4451527777777778 0.07280468750000005 0.15777777777777782
19 0.6083945312499999 0.5746180555555556 0.05224218749999991 0.12581944444444448
19 0.507859375 0.5569027777777779 0.15003124999999998 0.21713888888888894
8 0.313453125 0.4607291666666667 0.11507812499999996 0.11145833333333334
19 0.37151953125 0.5320486111111111 0.10524218749999999 0.18790277777777772
19 0.5750859375 0.4001527777777778 0.04973437500000007 0.07722222222222225
12 0.42871875 0.35863194444444446 0.15904687499999998 0.27793055555555557
19 0.7950390625000001 0.184375 0.1121093750000001 0.28069444444444447
19 0.28787890625 0.345125 0.0970703125 0.1599444444444444
8 0.23967968750000002 0.2662361111111111 0.10310937500000002 0.1563888888888889
19 0.6080859375 0.15305555555555553 0.23679687499999993 0.25
19 0.51530859375 0.27765277777777775 0.09000781250000003 0.24469444444444446
10 0.38099609375 0.1759513888888889 0.11925781249999998 0.20940277777777774
8 0.17181640625 0.16395833333333334 0.05785156249999999 0.28180555555555553
12 0.268359375 0.12159722222222222 0.15796875000000002 0.24319444444444444
17 0.49919531250000004 0.04471527777777778 0.09901562500000001 0.08943055555555555
17 0.42476953125000005 0.01975 0.05266406250000002 0.0395