19 0.57734375 0.9215277777777777 0.053125 0.15694444444444444
18 0.34353515625000003 0.9525694444444445 0.07652343750000004 0.09486111111111105
18 0.40632421875 0.9694444444444444 0.04453906249999999 0.06111111111111111
19 0.35412109375 0.9769444444444444 0.06769531249999998 0.04611111111111117
12 0.70885546875 0.9215694444444444 0.16480468750000005 0.15686111111111117
17 0.21607421875 0.9124027777777779 0.0939453125 0.17069444444444457
16 0.46817578125 0.886625 0.12242968750000002 0.18236111111111106
19 0.6090234375 0.8249930555555556 0.088671875 0.16373611111111125
12 0.26430859375 0.7046111111111111 0.16266406250000004 0.28536111111111107
12 0.67276171875 0.7606666666666666 0.08997656250000005 0.1181944444444444
19 0.47941015625 0.7354930555555554 0.08867968749999999 0.1647083333333333
17 0.40903906249999994 0.6485486111111112 0.07809375000000003 0.18023611111111115
2 0.5099453125 0.4530416666666667 0.27817187499999996 0.9060833333333334
18 0.46692968749999997 0.5602638888888889 0.08576562499999998 0.16094444444444445
19 0.597046875 0.6871805555555556 0.03718749999999993 0.10588888888888891
17 0.2140703125 0.24014583333333334 0.08123437500000001 0.21415277777777778
18 0.38799609375 0.3765972222222222 0.05558593750000003 0.1764722222222222
18 0.42968359375 0.22184027777777776 0.1416171875 0.24131944444444445
18 0.6587890625 0.1398888888888889 0.04632812499999996 0.06588888888888889
0 0.44446484374999995 0.055263888888888876 0.08492968750000003 0.10980555555555556
19 0.5271328124999999 0.057041666666666664 0.08503124999999993 0.11408333333333333
8 0.525546875 0.3637569444444445 0.17156249999999992 0.3480416666666667