19 0.41921093750000005 0.990111111111111 0.05704687499999998 0.01977777777777779
19 0.23442578125 0.9790902777777777 0.06302343749999997 0.041819444444444305
19 0.30260937499999996 0.879361111111111 0.09885937499999997 0.2231944444444445
12 0.5363203125 0.9391944444444444 0.07789062500000003 0.12161111111111103
12 0.71171875 0.9020833333333333 0.18046875 0.19583333333333333
19 0.438671875 0.9277777777777778 0.0890625 0.14444444444444443
19 0.21176171875 0.9013541666666667 0.12117968750000001 0.1814861111111112
19 0.7273046875 0.767986111111111 0.05193750000000001 0.09138888888888883
10 0.6516484375 0.7194791666666667 0.105078125 0.20465277777777774
7 0.44161328125 0.7115208333333333 0.14588281250000001 0.445236111111111
19 0.37104687500000005 0.7720833333333333 0.07912500000000003 0.13086111111111115
19 0.29163671874999997 0.6785625000000001 0.14341406249999994 0.2549027777777778
19 0.55084375 0.6520208333333333 0.053156249999999974 0.09451388888888883
19 0.54243359375 0.5581805555555556 0.06552343749999992 0.1098888888888889
13 0.48531640625000005 0.5326805555555555 0.10755468750000005 0.22416666666666663
19 0.39148828125 0.49004166666666665 0.06428906250000002 0.12747222222222218
3 0.3729453125 0.3109166666666667 0.093953125 0.2896111111111111
19 0.486796875 0.451125 0.06798437499999999 0.0944722222222222
7 0.307296875 0.5649930555555555 0.13228124999999996 0.19120833333333329
10 0.27816796875 0.37487499999999996 0.12238281249999998 0.24741666666666665
17 0.62600390625 0.45117361111111115 0.07788281250000004 0.11554166666666674
17 0.5025039062500001 0.36433333333333334 0.11125781250000007 0.1098888888888889
19 0.47441015625 0.18809722222222222 0.17882031250000002 0.37619444444444444
19 0.61946484375 0.24963194444444448 0.13403906249999994 0.3067638888888889
19 0.34332421874999997 0.8711805555555555 0.0934609375 0.052750000000000026
2 0.20504296875 0.41368750000000004 0.17086718750000002 0.29459722222222223
6 0.7734140625 0.16645138888888888 0.1056718749999999 0.09320833333333335
19 0.61888671875 0.059673611111111115 0.08767968750000002 0.11868055555555554