19 0.17969140625 0.8963472222222222 0.10844531249999997 0.20730555555555555
2 0.47734375 0.9701388888888889 0.09296875 0.059722222222222225
17 0.40012890624999997 0.9567013888888888 0.06617968750000003 0.08659722222222209
19 0.6551406249999999 0.9583611111111111 0.06940624999999993 0.08327777777777783
19 0.74011328125 0.9809027777777778 0.08405468749999993 0.03819444444444445
19 0.34274609375000004 0.8664583333333332 0.04302343750000004 0.10191666666666682
19 0.41590234375 0.8726458333333332 0.04522656250000003 0.09412499999999997
19 0.47950390625000006 0.905986111111111 0.11691406250000007 0.14705555555555572
12 0.6147734375 0.8994097222222223 0.11024999999999992 0.16476388888888904
17 0.50891015625 0.8818194444444446 0.07939843750000009 0.14711111111111122
17 0.46168359374999995 0.7347152777777778 0.061789062499999936 0.15681944444444448
19 0.4087187500000001 0.7533194444444444 0.12245312500000001 0.2635
19 0.5510117187500001 0.6955 0.10478906250000009 0.27138888888888896
2 0.3052265625 0.6605138888888888 0.179765625 0.26613888888888887
19 0.20962109375 0.6306597222222223 0.0918046875 0.15740277777777784
17 0.178265625 0.7613125 0.06882812500000002 0.1165416666666667
17 0.35460546875 0.7127291666666666 0.046320312499999974 0.10118055555555551
17 0.5039453125 0.6680138888888889 0.059562500000000004 0.1270555555555556
10 0.67990234375 0.6805902777777777 0.1654453125 0.12162499999999991
19 0.6910273437500001 0.4919444444444445 0.1731328125000001 0.26625000000000004
19 0.4765390625 0.5991319444444444 0.11832812500000003 0.12715277777777773
19 0.19834765625 0.5614375 0.13327343750000004 0.11601388888888885
12 0.49966015624999993 0.41161111111111115 0.10046093749999993 0.2938888888888889
12 0.5741171875 0.4007222222222222 0.070703125 0.20583333333333337
10 0.4175703125 0.4723263888888889 0.068359375 0.28237500000000004
19 0.34310937500000005 0.5066319444444445 0.13125000000000003 0.1784305555555556
2 0.217375 0.41457638888888887 0.18859374999999998 0.27234722222222224
19 0.28038671875 0.18881944444444443 0.17577343750000002 0.3109722222222222
19 0.43228906249999993 0.2430138888888889 0.09793749999999997 0.18325
19 0.48666406250000005 0.2920902777777778 0.08748437500000002 0.1672916666666667
10 0.7189453125 0.2621805555555556 0.08615624999999998 0.1478888888888889
13 0.579375 0.1678472222222222 0.20906249999999993 0.3356944444444444
13 0.7946093750000001 0.14298611111111112 0.13031249999999997 0.27902777777777776
19 0.38630078125 0.08054861111111111 0.1143515625 0.16093055555555555
19 0.27703124999999995 0.03347222222222222 0.061562499999999964 0.06666666666666667