19 0.99477734375 0.01670138888888889 0.010445312499999915 0.03340277777777778
11 0.6053437500000001 0.9269444444444445 0.12087500000000002 0.14611111111111116
3 0.51328125 0.9305555555555556 0.09296875 0.1388888888888889
19 0.44965234375000007 0.8857916666666666 0.07574218750000003 0.16488888888888892
12 0.24633203125 0.8056458333333334 0.16147656249999998 0.253986111111111
17 0.3902265625 0.7781875000000001 0.06815625 0.15279166666666666
12 0.5378867187499999 0.806125 0.08916406250000009 0.14841666666666653
19 0.714890625 0.9152847222222222 0.024453124999999964 0.041402777777777705
18 0.68830859375 0.6415555555555555 0.10372656249999998 0.22555555555555554
19 0.470125 0.5541250000000001 0.107421875 0.20972222222222223
19 0.34469921875 0.6201388888888889 0.03900781249999996 0.09183333333333334
19 0.383125 0.6866527777777778 0.06501562499999998 0.11558333333333337
19 0.22526953125000002 0.6409583333333333 0.025632812499999956 0.051833333333333405
2 0.23171875000000003 0.4712361111111111 0.11031250000000001 0.3077222222222222
17 0.34635937499999997 0.4444027777777778 0.07414062499999999 0.1518888888888889
0 0.571671875 0.47054861111111107 0.05978124999999999 0.14415277777777774
19 0.6745234375 0.47376388888888893 0.07654687500000001 0.12111111111111117
19 0.52946484375 0.38680555555555557 0.12653906250000002 0.2533333333333333
19 0.28904296875 0.227 0.09597656250000001 0.20016666666666666
19 0.53621484375 0.2255138888888889 0.07272656249999994 0.11824999999999998
19 0.6718906250000001 0.23000000000000004 0.15950000000000006 0.1908333333333333
19 0.36382812500000006 0.3176597222222222 0.030718750000000038 0.06068055555555555
19 0.7027187500000001 0.1210486111111111 0.1330937500000001 0.23459722222222226
10 0.52040625 0.08193750000000001 0.11726562499999993 0.12731944444444446
19 0.50987109375 0.011631944444444445 0.08355468750000003 0.02326388888888889
5 0.7535859374999999 0.05714583333333334 0.09128124999999994 0.11429166666666668
18 0.11199218749999999 0.13903472222222224 0.10217187500000002 0.2780694444444445