19 0.571484375 0.9673611111111111 0.0359375 0.06527777777777778
19 0.74444921875 0.9103333333333334 0.19882031249999993 0.17933333333333318
3 0.28075 0.9032916666666667 0.11743749999999994 0.19341666666666665
19 0.39684765624999996 0.8910625000000001 0.11864843750000001 0.21787499999999985
18 0.495234375 0.8630486111111111 0.10532812499999995 0.27390277777777783
19 0.654203125 0.7800694444444444 0.059375 0.1746388888888889
13 0.41166796875000006 0.7372916666666667 0.17503906249999995 0.29011111111111104
14 0.497953125 0.6630138888888889 0.056375000000000064 0.13186111111111118
19 0.76044140625 0.5945555555555556 0.19749218749999997 0.3495555555555556
18 0.672390625 0.5463958333333333 0.13524999999999993 0.13029166666666658
19 0.56174609375 0.6109375 0.04302343749999995 0.08215277777777774
19 0.41758203125 0.5352708333333334 0.11271093749999998 0.23098611111111103
19 0.31548828125 0.7635972222222221 0.016335937499999974 0.04719444444444447
3 0.47468750000000004 0.5110347222222222 0.14093750000000008 0.2287916666666667
19 0.24783203125000003 0.444 0.08777343750000002 0.23538888888888893
19 0.331265625 0.3115972222222222 0.14585937500000004 0.22319444444444442
12 0.5470312500000001 0.3764513888888889 0.07789062500000003 0.14631944444444447
12 0.7219296875 0.3785972222222222 0.18051562499999996 0.29136111111111107
19 0.4462578125 0.3369027777777778 0.08901562500000004 0.1551111111111111
19 0.21629296875 0.3017152777777778 0.12117968750000001 0.18148611111111104
19 0.74728515625 0.16544444444444442 0.07541406249999998 0.14627777777777776
10 0.6582421875 0.1275347222222222 0.105078125 0.20465277777777782
7 0.45004687500000007 0.17868055555555556 0.15099999999999997 0.35736111111111113
19 0.3770234375 0.2083472222222222 0.07912500000000003 0.13086111111111112
19 0.30296875 0.11334027777777779 0.1409375 0.22418055555555555
19 0.5681484375 0.14520833333333336 0.053156249999999974 0.09450000000000003
19 0.5471328124999999 0.06498611111111112 0.06551562499999992 0.1098888888888889
19 0.35519140625 0.29623611111111114 0.09346093750000004 0.052750000000000026