19 0.306640625 0.9868055555555556 0.0703125 0.02638888888888889
11 0.5672382812500001 0.8618055555555556 0.05614843749999991 0.2763888888888889
2 0.39244531250000003 0.9779861111111111 0.07292187499999998 0.04402777777777784
18 0.48667968749999996 0.9690972222222223 0.07273437499999993 0.06180555555555556
10 0.23613671875 0.7270486111111112 0.12133593749999998 0.1468194444444445
10 0.24790625 0.5368958333333333 0.128078125 0.23518055555555561
19 0.492484375 0.7617916666666666 0.07751562500000002 0.16477777777777783
10 0.51349609375 0.6340763888888888 0.054601562500000075 0.1035416666666666
18 0.3035859375 0.4996388888888889 0.12254687500000001 0.16927777777777778
19 0.31230859375 0.6990416666666668 0.07442968749999998 0.1660277777777778
19 0.3735625 0.4112291666666667 0.08834375000000003 0.1980972222222222
19 0.5376953125 0.44867361111111115 0.03795312499999994 0.06868055555555562
12 0.3929921875 0.8786944444444444 0.13160937499999997 0.21319444444444444
19 0.50987109375 0.8531666666666667 0.04478906249999994 0.09394444444444458
14 0.34485546874999995 0.7583263888888889 0.12033593749999998 0.2191805555555555
19 0.22429296875000002 0.2469861111111111 0.08438281249999999 0.16575000000000004
19 0.50466796875 0.1486319444444444 0.0490234375 0.15190277777777778
2 0.5028515625 0.042583333333333334 0.14628125 0.08516666666666667
19 0.6409453125000001 0.07066666666666667 0.05734375000000007 0.14133333333333334
8 0.384359375 0.03529861111111111 0.06260937500000004 0.07059722222222221
19 0.80987109375 0.04627083333333333 0.05032031249999998 0.09254166666666666
18 0.11199218749999999 0.13903472222222224 0.10217187500000002 0.2780694444444445