19 0.562578125 0.9802083333333333 0.05625 0.03958333333333333
10 0.41997265625 0.9477430555555556 0.09991406250000004 0.09040277777777767
10 0.74363671875 0.9021180555555556 0.1374140624999999 0.19576388888888896
17 0.19329296875 0.9775694444444445 0.0643984375 0.044861111111111046
17 0.24453125 0.975 0.04140625 0.05
19 0.49679296875 0.9733541666666666 0.05161718749999995 0.053291666666666515
17 0.21946875000000002 0.86875 0.07279687499999998 0.13411111111111104
19 0.44993750000000005 0.8359791666666666 0.148234375 0.31195833333333345
19 0.6893671875 0.7976041666666667 0.10720312500000002 0.15893055555555563
19 0.28630859375 0.6385138888888889 0.08338281250000001 0.18063888888888882
19 0.51318359375 0.6795555555555556 0.14646093750000003 0.17375000000000004
19 0.41016796875 0.5840000000000001 0.05192968750000002 0.12741666666666668
2 0.223140625 0.5069583333333333 0.25689062499999993 0.6005833333333335
2 0.65680859375 0.6128750000000001 0.07014843749999997 0.11800000000000005
19 0.56471484375 0.6774236111111112 0.12971093749999998 0.1837638888888888
18 0.5267421875 0.5007152777777778 0.10101562499999997 0.21345833333333342
12 0.68180859375 0.34941666666666665 0.1691328125 0.25961111111111107
18 0.4445859375 0.4726458333333333 0.07814062499999999 0.23470833333333335
19 0.77753125 0.45606250000000004 0.09007812500000005 0.11756944444444441
19 0.57637890625 0.5168333333333333 0.02757031249999997 0.04313888888888881
19 0.8666562499999999 0.4824305555555556 0.022984375000000057 0.0271944444444445
18 0.8047968749999999 0.3766319444444445 0.07610937500000006 0.15490277777777775
17 0.21950000000000003 0.22646527777777778 0.09478124999999997 0.12348611111111109
14 0.39924609375 0.21272222222222223 0.09485156250000001 0.25683333333333336
2 0.51560546875 0.22255555555555556 0.13786718750000002 0.1901111111111111
2 0.78308984375 0.14118055555555556 0.22055468749999996 0.2823611111111111
19 0.25918359375 0.14409027777777778 0.08821093749999998 0.18234722222222216
19 0.62975390625 0.17647222222222222 0.07939843750000009 0.11372222222222221
10 0.6319687500000001 0.11418055555555556 0.06948437500000004 0.2237222222222222
19 0.515109375 0.09015277777777778 0.13182812500000002 0.17505555555555558
17 0.5079609374999999 0.01965972222222222 0.04129687499999992 0.03931944444444444
19 0.43251953125 0.027854166666666666 0.10324218750000003 0.04540277777777778
19 0.3519296875 0.14600694444444445 0.07160937499999998 0.1294027777777778