19 0.481859375 0.8732430555555556 0.1588750000000001 0.2534305555555556
3 0.6276171875000001 0.938875 0.13234375000000007 0.12224999999999997
17 0.63533203125 0.9475694444444445 0.08527343750000008 0.10125000000000013
19 0.2638046875 0.8505069444444444 0.187375 0.29898611111111106
14 0.34015625 0.9196319444444444 0.11875 0.16073611111111114
10 0.23623828125 0.9288194444444444 0.0856484375 0.1423611111111111
0 0.5689140625 0.8815347222222223 0.08779687500000008 0.09862499999999999
19 0.4470703125 0.9652916666666667 0.09831249999999998 0.0694166666666667
3 0.7870664062499999 0.7740277777777778 0.07307031250000007 0.2061388888888889
19 0.7097578125 0.71525 0.11292187499999998 0.23505555555555557
19 0.8060351562499999 0.7517777777777778 0.05399218750000001 0.13508333333333333
19 0.29709375000000005 0.6984513888888889 0.12068750000000002 0.23484722222222218
18 0.20619140625000001 0.7673888888888889 0.05222656250000002 0.10844444444444434
19 0.61317578125 0.7253194444444445 0.1358515624999999 0.2515
19 0.5068203125 0.6193541666666665 0.10410937499999999 0.17318055555555564
18 0.21484375 0.5673402777777778 0.08190625000000003 0.14454166666666657
19 0.65051171875 0.7342430555555555 0.07267968749999998 0.11423611111111111
19 0.22012109375 0.42344444444444446 0.05460156249999999 0.08216666666666662
12 0.37526171875000003 0.36566666666666664 0.12113281249999996 0.24819444444444447
18 0.45858203125 0.4087777777777778 0.04635156249999994 0.07558333333333328
19 0.559859375 0.45025 0.17750000000000005 0.2955555555555556
2 0.6665234375 0.5799097222222221 0.09304687499999993 0.1042638888888888
18 0.76891796875 0.5057777777777778 0.12544531250000004 0.1551666666666667
18 0.68109375 0.49504166666666666 0.05582812500000003 0.07677777777777774
16 0.6855781249999999 0.35265972222222225 0.11150000000000002 0.24531944444444448
7 0.75518359375 0.49114583333333334 0.09369531249999996 0.274375
16 0.4785859375 0.2750208333333334 0.07498437500000002 0.11812500000000002
16 0.5363515624999999 0.28694444444444445 0.03962500000000002 0.09861111111111111
18 0.5347187499999999 0.1323888888888889 0.11603124999999999 0.21808333333333335
18 0.7346484375 0.18213194444444444 0.117578125 0.17704166666666668
18 0.87976953125 0.15449305555555556 0.08405468750000011 0.20954166666666668
3 0.338671875 0.13805555555555557 0.22984375000000004 0.27611111111111114
17 0.60208984375 0.06679166666666667 0.08953906249999992 0.12952777777777777
3 0.8153945312499999 0.04938888888888889 0.12991406249999998 0.09877777777777778
19 0.45461718749999996 0.1619861111111111 0.03335937500000004 0.09208333333333335
19 0.47544531249999994 0.022055555555555557 0.04676562499999992 0.044111111111111115