10 0.74665625 0.9516944444444445 0.13871874999999995 0.09661111111111104
19 0.61009765625 0.9259791666666666 0.18472656250000002 0.14804166666666654
19 0.40730468750000004 0.9770694444444444 0.05132812500000004 0.04586111111111109
19 0.3046875 0.9381944444444444 0.08125 0.12361111111111112
17 0.498046875 0.9541666666666667 0.07421875 0.09166666666666666
19 0.46257421875000004 0.8901874999999999 0.14774218750000007 0.1959583333333332
19 0.38184375 0.8524930555555557 0.09718750000000002 0.273513888888889
19 0.5115195312499999 0.7535347222222222 0.1936640624999999 0.30048611111111106
19 0.56551953125 0.6518611111111111 0.20596093750000008 0.3065555555555556
19 0.22094140625 0.85 0.1132890625 0.3
19 0.3120625 0.7089444444444445 0.06226562500000003 0.11472222222222225
19 0.43612109375 0.5110833333333333 0.1390546875 0.16819444444444448
19 0.5305703125 0.6312430555555556 0.11364062500000002 0.16209722222222228
3 0.6515898437500001 0.5024722222222222 0.2540078125000001 0.5131111111111112
16 0.2396171875 0.7342569444444444 0.080890625 0.15129166666666677
19 0.38937499999999997 0.6264861111111112 0.07582812499999995 0.1743333333333334
19 0.25794921875 0.5041736111111111 0.13052343749999998 0.17362499999999997
17 0.42279687500000007 0.4344930555555555 0.09268750000000003 0.14551388888888886
10 0.64091796875 0.30370833333333336 0.09144531249999996 0.26936111111111105
17 0.83451953125 0.22659722222222223 0.08072656249999995 0.10513888888888888
19 0.53203515625 0.3905416666666667 0.053929687499999976 0.10486111111111111
19 0.5392109375 0.22783333333333336 0.177328125 0.22261111111111107
17 0.33025000000000004 0.3601597222222222 0.06492187500000002 0.1880972222222222
19 0.3744140625 0.35742361111111115 0.06664062499999997 0.11240277777777782
8 0.3812109375 0.2794583333333333 0.11710937499999999 0.1033333333333333
19 0.23228515624999999 0.3460972222222222 0.14053906249999998 0.2031944444444445
19 0.29174609374999994 0.21270833333333333 0.05757031250000004 0.07097222222222223
14 0.2345625 0.175625 0.06974999999999998 0.10847222222222222
12 0.2748515625 0.08979166666666667 0.1055625 0.1617777777777778
19 0.37616796875 0.11769444444444443 0.15288281250000005 0.23538888888888887
18 0.5639453124999999 0.1589375 0.13445312499999992 0.1725972222222222
19 0.49366015625 0.06329861111111111 0.07482031249999999 0.12659722222222222
19 0.6428125 0.03579861111111111 0.06468749999999997 0.07159722222222221