11 0.5609375 0.9576388888888889 0.0421875 0.08472222222222223
10 0.23209375000000004 0.9247777777777778 0.12132812499999998 0.14683333333333337
10 0.2395078125 0.7264375 0.128078125 0.23518055555555553
19 0.48949218749999995 0.9427083333333334 0.07820312499999993 0.11458333333333333
18 0.30008203125 0.6980208333333333 0.1143671875 0.1511805555555556
19 0.31406640625 0.888375 0.07442968749999998 0.16602777777777772
19 0.37291796875000005 0.6000694444444444 0.08791406250000003 0.19680555555555562
19 0.5349609375 0.6372916666666667 0.03351562500000007 0.05847222222222225
12 0.43805078124999997 0.9890347222222222 0.03563281249999992 0.021930555555555505
14 0.34953515625 0.921111111111111 0.12033593749999998 0.15777777777777766
19 0.22540624999999997 0.4402291666666667 0.08075000000000002 0.16259722222222214
19 0.50246875 0.3220208333333333 0.04837500000000006 0.0912361111111111
2 0.5004296874999999 0.2023263888888889 0.141015625 0.1521527777777778
19 0.64734375 0.19896527777777778 0.08187499999999996 0.26012499999999994
8 0.3722265625 0.16895833333333335 0.08148437500000001 0.20180555555555557
19 0.8056601562499999 0.247 0.05032031249999998 0.09255555555555553
19 0.45408984375 0.03723611111111111 0.09858593750000004 0.07447222222222222
19 0.57963671875 0.045472222222222226 0.08510156250000005 0.09094444444444445
19 0.72456640625 0.08292361111111111 0.0749921875 0.16584722222222223
19 0.6549375 0.0195625 0.05509374999999998 0.039125
19 0.45264453125 0.12843055555555555 0.024570312500000035 0.05005555555555555
18 0.11199218749999999 0.13903472222222224 0.10217187500000002 0.2780694444444445