8 0.24740625 0.8523263888888888 0.08465625000000002 0.23159722222222223
19 0.46023437500000003 0.9633958333333333 0.088859375 0.07320833333333339
19 0.5797734375 0.8976805555555555 0.19171875000000008 0.2046388888888888
19 0.7711953125000001 0.930486111111111 0.10554687500000001 0.13902777777777764
19 0.432234375 0.9093888888888889 0.04293750000000003 0.0948888888888888
19 0.41330078124999997 0.8263819444444445 0.10813281250000002 0.13273611111111103
19 0.66041015625 0.7964166666666667 0.061851562500000054 0.32419444444444445
19 0.53399609375 0.8083541666666666 0.13638281249999995 0.22540277777777773
19 0.76623828125 0.8059722222222222 0.058351562500000044 0.09486111111111105
19 0.811609375 0.8200277777777777 0.07729687500000004 0.14097222222222222
19 0.5085234375 0.5872361111111111 0.04803125000000001 0.08513888888888882
17 0.5693046875000001 0.6072569444444444 0.07414062500000007 0.17493055555555562
17 0.7419296875000001 0.541076388888889 0.08273437500000007 0.12076388888888895
19 0.81797265625 0.4554444444444444 0.06369531250000007 0.10786111111111106
9 0.7696640625000001 0.36830555555555555 0.12101562500000007 0.22441666666666674
19 0.5477890625 0.5003263888888888 0.07920312500000008 0.1483194444444444
8 0.586640625 0.402 0.11410937499999996 0.1820555555555556
19 0.42914062499999994 0.4983611111111111 0.08393750000000004 0.21563888888888888
17 0.44886718750000004 0.4567847222222222 0.07279687500000005 0.13701388888888885
19 0.3553359375 0.49743055555555554 0.04954687499999997 0.07369444444444437
19 0.26053125 0.5987152777777778 0.03895312500000001 0.04729166666666661
19 0.4527109375 0.33979166666666666 0.11829687500000001 0.1366111111111111
19 0.5090117187500001 0.2612083333333333 0.10010156250000009 0.16002777777777782
19 0.6562265625 0.19275694444444444 0.20395312499999996 0.25079166666666663
16 0.29446093749999996 0.32813888888888887 0.13753124999999997 0.19947222222222222
19 0.36223046875 0.1932847222222222 0.09710156249999997 0.17795833333333333
19 0.4457109375 0.20143055555555556 0.09357812499999998 0.1595277777777778
8 0.2676953125 0.1797777777777778 0.11023437500000002 0.11149999999999999
16 0.40700000000000003 0.06258333333333334 0.10618750000000002 0.12516666666666668
12 0.49290234374999997 0.03741666666666667 0.08402343749999996 0.07483333333333334
19 0.571265625 0.05 0.083015625 0.1
19 0.6374921875 0.026631944444444444 0.06582812499999999 0.05326388888888889