19 0.588875 0.9727777777777777 0.05412499999999998 0.05444444444444451
19 0.557421875 0.9888888888888889 0.04140625 0.022222222222222223
19 0.30247265625 0.9267291666666667 0.041976562500000016 0.11098611111111123
19 0.46444921875 0.9575555555555555 0.06875781249999999 0.08488888888888874
16 0.73515625 0.9152777777777777 0.14296875 0.16944444444444445
18 0.25763281250000003 0.9128333333333334 0.09343750000000002 0.1743333333333333
12 0.1712109375 0.9388333333333332 0.08007812499999997 0.12233333333333324
2 0.41125390624999997 0.9389791666666667 0.04916406250000001 0.12204166666666652
2 0.5122890625000001 0.8974791666666667 0.13606250000000006 0.151375
12 0.7910117187499999 0.7742708333333334 0.08075781249999991 0.12687499999999996
19 0.5148984375 0.7587430555555557 0.06801562499999995 0.13731944444444438
3 0.584890625 0.7687777777777778 0.08340624999999999 0.08999999999999994
18 0.58514453125 0.7688819444444445 0.04564843750000005 0.08270833333333327
13 0.42503515625 0.7503125 0.12991406249999998 0.24968055555555552
14 0.22925 0.6399513888888889 0.12940625 0.16748611111111117
3 0.32821484375 0.7092708333333333 0.09919531250000002 0.2013194444444445
19 0.30196875 0.786986111111111 0.04389062499999996 0.12016666666666664
3 0.38844140625 0.6778680555555555 0.05180468749999996 0.09681944444444442
18 0.5358359375 0.62 0.07768750000000005 0.12155555555555553
19 0.4833359375 0.29991666666666666 0.15978124999999999 0.25963888888888886
8 0.39264453125000004 0.5600833333333333 0.11499218750000004 0.1716666666666667
3 0.633203125 0.44886805555555553 0.14703125000000003 0.28856944444444443
17 0.64194140625 0.39283333333333337 0.08971093749999995 0.13397222222222224
19 0.271 0.3369861111111111 0.187375 0.37119444444444444
14 0.3390234375 0.38977083333333334 0.12496875000000003 0.23084722222222226
0 0.3860625 0.4489722222222222 0.03862500000000004 0.0842777777777777
19 0.8533593749999999 0.46519444444444447 0.098828125 0.1580555555555555
10 0.22419140624999997 0.3920416666666666 0.07805468749999997 0.2490555555555555
0 0.58040625 0.28245833333333337 0.08865625000000002 0.11080555555555552
19 0.4535625 0.40652777777777777 0.09831249999999994 0.13108333333333333
2 0.48560156250000003 0.5134236111111111 0.12728125000000007 0.17009722222222226
3 0.80043359375 0.18666666666666668 0.08975781249999999 0.225
19 0.71257421875 0.1192361111111111 0.09608593750000001 0.2384722222222222
19 0.82242578125 0.1645625 0.053085937499999944 0.15281944444444445
19 0.29216015624999997 0.10250694444444446 0.1301953125 0.2050138888888889
18 0.21126171874999997 0.17579861111111109 0.05435156249999997 0.11234722222222221
19 0.6214453125 0.1294722222222222 0.13904687500000001 0.2589444444444444
19 0.4994609375 0.07441666666666666 0.1125 0.14883333333333332
19 0.6622734375 0.1365486111111111 0.07268749999999997 0.11423611111111111
19 0.21880078125 0.029416666666666667 0.0642578125 0.058833333333333335