17 0.557 0.8481805555555555 0.09037500000000005 0.16919444444444437
18 0.56041015625 0.6093541666666666 0.05792968750000007 0.0917638888888888
6 0.73403515625 0.5016805555555556 0.13692968750000006 0.0973888888888889
16 0.3319765625 0.07872222222222224 0.06573437499999998 0.10561111111111114
10 0.5391210937500001 0.2 0.1369140625 0.23555555555555557
12 0.21937500000000001 0.4221388888888889 0.05324999999999998 0.11186111111111106
17 0.44020703125000005 0.06708333333333333 0.08166406249999998 0.13416666666666666
18 0.262328125 0.04665972222222222 0.11503125 0.09331944444444444
18 0.5908515624999999 0.04049305555555556 0.08778124999999992 0.08098611111111112
19 0.71111328125 0.04907638888888889 0.10885156249999994 0.09815277777777778
19 0.65361328125 0.1340486111111111 0.06583593749999998 0.09987499999999999
12 0.37466796875 0.6814027777777778 0.06400781250000005 0.15713888888888894
10 0.45817578125 0.48198611111111106 0.1830234375 0.43463888888888896
19 0.43536328125 0.7694791666666666 0.1496328125 0.18465277777777783
18 0.27472656250000005 0.5006319444444445 0.025281250000000012 0.03820833333333332
18 0.3018046875 0.25977083333333334 0.030718750000000038 0.07334722222222223
2 0.36940234375000003 0.822638888888889 0.15349218750000002 0.12833333333333347
3 0.23506640625 0.8278055555555557 0.11800781249999999 0.1689444444444446
7 0.45932812500000003 0.9080347222222221 0.09331250000000005 0.15218055555555546
18 0.35105859375000004 0.9436805555555554 0.09210156249999998 0.11263888888888876
2 0.25179687500000003 0.9345833333333333 0.12000000000000002 0.13083333333333338
14 0.305765625 0.8907291666666667 0.039796875000000044 0.12009722222222226
19 0.39589453125 0.20520833333333333 0.08075781250000005 0.12327777777777776
17 0.424421875 0.16307638888888887 0.08339062500000001 0.11079166666666664
19 0.58941015625 0.0984375 0.04991406250000008 0.05256944444444444
18 0.1322890625 0.21006944444444445 0.124953125 0.4201388888888889