19 0.34248046875 0.9520416666666667 0.07457031250000004 0.0959166666666666
7 0.56005078125 0.9588402777777778 0.05872656250000006 0.08231944444444442
19 0.2784375 0.9469791666666666 0.05153125000000003 0.10604166666666653
19 0.46659375000000003 0.9725625 0.06993749999999999 0.054874999999999986
19 0.511328125 0.98125 0.02890625 0.0375
19 0.6203125 0.9729166666666667 0.059375 0.05416666666666667
19 0.657609375 0.8406666666666667 0.19054687500000006 0.31866666666666676
12 0.42241406249999996 0.9206666666666666 0.09070312499999997 0.15866666666666668
19 0.17734375 0.6028333333333333 0.165625 0.7836666666666667
19 0.34240624999999997 0.8502638888888889 0.105078125 0.08572222222222226
19 0.40110546874999997 0.8155625000000001 0.08450781250000002 0.1023472222222223
19 0.5682734375 0.8792777777777777 0.03956250000000008 0.1033055555555557
8 0.5293281249999999 0.8125277777777777 0.13475 0.16822222222222208
19 0.5705585937500001 0.705201388888889 0.09778906250000005 0.19340277777777778
19 0.34061718750000003 0.7311388888888888 0.043390624999999974 0.14066666666666663
2 0.42935937500000004 0.6335138888888889 0.15964062499999998 0.2646944444444444
7 0.4528671875 0.5640833333333333 0.17790625000000002 0.28225000000000006
8 0.7285546875 0.53325 0.15118749999999997 0.4229722222222223
19 0.42699218749999995 0.4091041666666666 0.277421875 0.3857083333333334
19 0.6606484375 0.48161805555555554 0.08010937499999997 0.1456527777777778
10 0.59833984375 0.4578888888888889 0.06824218749999993 0.16677777777777783
19 0.3394609375 0.4278402777777778 0.08159375000000005 0.11076388888888888
19 0.58498828125 0.24293750000000003 0.03560156249999995 0.1430138888888889
19 0.7499218750000001 0.15825694444444444 0.1934375 0.2532083333333333
19 0.47223437500000004 0.3009513888888889 0.15726562499999996 0.19048611111111108
3 0.28086328125 0.19810416666666666 0.14835156249999998 0.3381527777777778
19 0.40994921875 0.14431944444444444 0.11864843750000005 0.26636111111111116
19 0.2511953125 0.46051388888888894 0.07417187500000004 0.16674999999999993
18 0.5041328125000001 0.1413888888888889 0.09642187500000006 0.2827777777777778
19 0.66435546875 0.03985416666666667 0.04302343749999995 0.07970833333333334
13 0.39138671875000003 0.045430555555555564 0.14389843750000003 0.08966666666666667
19 0.32314453125 0.010847222222222222 0.010382812499999972 0.021694444444444443