3 0.48496875 0.949423611111111 0.1553593750000001 0.10115277777777767
2 0.247265625 0.9229166666666667 0.14375 0.15416666666666667
17 0.36044921875 0.8491041666666667 0.08260156250000002 0.20140277777777776
19 0.22634765625000003 0.8403402777777778 0.04500781250000001 0.06876388888888887
16 0.52345703125 0.870048611111111 0.0654296875 0.11256944444444437
12 0.59587109375 0.8111875 0.08807031250000001 0.17895833333333322
8 0.8023671875 0.6590277777777778 0.13343750000000004 0.34980555555555565
15 0.45705859374999996 0.7893125 0.1126953125 0.13956944444444447
18 0.26246875 0.744201388888889 0.092875 0.16809722222222218
17 0.32635156249999997 0.7336597222222222 0.06039062499999996 0.14654166666666665
0 0.6532812499999999 0.7178263888888889 0.04731249999999996 0.09156944444444454
19 0.684859375 0.48414583333333333 0.16449999999999995 0.3913472222222222
19 0.19525 0.6970069444444444 0.11221875 0.12493055555555561
0 0.250359375 0.6028194444444444 0.09746874999999999 0.10530555555555547
19 0.49023828125 0.5021875 0.26375781249999997 0.42440277777777785
10 0.3398359375 0.45204861111111116 0.04826562499999998 0.23584722222222218
2 0.2156171875 0.15993055555555558 0.15876562500000002 0.31986111111111115
2 0.6214453125 0.14089583333333333 0.15460937500000008 0.2781805555555555
19 0.59013671875 0.36972222222222223 0.07902343750000007 0.15777777777777782
3 0.41155468749999996 0.22841666666666663 0.20564062500000002 0.2046111111111111
2 0.54458203125 0.24604861111111107 0.06788281250000008 0.25937499999999997
17 0.44428125000000007 0.05692361111111111 0.06382812500000004 0.09726388888888889
19 0.390078125 0.06143055555555555 0.056734375000000004 0.11708333333333333
14 0.49392578125000003 0.037472222222222226 0.10638281250000006 0.07494444444444445