11 0.63583203125 0.9338888888888889 0.06010156250000005 0.1322222222222223
2 0.519625 0.8841041666666668 0.06829687500000006 0.14118055555555567
8 0.748 0.7377986111111111 0.10453124999999996 0.32912500000000006
2 0.25845703125 0.7611597222222222 0.06352343749999996 0.1468194444444445
8 0.59462109375 0.5648194444444444 0.1815390624999999 0.13591666666666669
5 0.39247265625 0.733826388888889 0.06088281250000005 0.1082361111111112
4 0.61758984375 0.45550000000000007 0.09044531249999999 0.19177777777777782
19 0.79339453125 0.49956944444444445 0.05294531250000008 0.09647222222222228
19 0.40890624999999997 0.5015347222222223 0.04632812499999996 0.0917638888888888
19 0.54743359375 0.4146944444444444 0.06088281250000005 0.12741666666666668
12 0.31735156249999996 0.4558541666666666 0.14296875 0.30620833333333336
2 0.446671875 0.3150208333333333 0.08073437499999994 0.14823611111111112
16 0.5987500000000001 0.20375 0.23312500000000008 0.40222222222222226
2 0.46310546874999997 0.06938194444444444 0.04411718750000002 0.08234722222222221
17 0.324546875 0.9543611111111111 0.08023437500000004 0.09127777777777782
11 0.4403359375 0.7835833333333333 0.07432812500000008 0.12783333333333327
14 0.70657421875 0.23952777777777778 0.12122656250000005 0.3342777777777778
19 0.35552734375 0.6274166666666667 0.09661718749999997 0.11763888888888895
2 0.7509570312499999 0.4075069444444444 0.1118046875000001 0.1774861111111111
3 0.41033984375 0.2333472222222222 0.06632031250000003 0.07183333333333337
19 0.12076171875 0.2946736111111111 0.1258203125 0.5893472222222222