19 0.4768515625 0.8877083333333333 0.057015625000000014 0.22458333333333338
19 0.5392578125 0.9635347222222223 0.06882812499999993 0.07068055555555569
12 0.3768671875 0.9451388888888889 0.18529687500000006 0.10972222222222222
15 0.22720703125 0.8903680555555556 0.0642265625 0.21926388888888873
0 0.62597265625 0.8211944444444444 0.06366406250000001 0.11483333333333343
0 0.32803515625 0.6940625 0.05974218750000002 0.0996805555555556
19 0.3478046875 0.8329097222222223 0.08271875 0.12909722222222228
10 0.7854921875 0.6867083333333334 0.15476562500000002 0.22072222222222215
18 0.3731484375 0.7752152777777778 0.02350000000000003 0.03431944444444449
14 0.6618906250000001 0.6111180555555555 0.09796875000000008 0.15801388888888887
18 0.50696484375 0.5468333333333334 0.05183593749999993 0.11961111111111111
3 0.45198828124999996 0.6595416666666667 0.13113281249999997 0.2602222222222222
19 0.56060546875 0.6461666666666667 0.08713281249999998 0.10233333333333341
19 0.42976171875 0.4650486111111112 0.09044531249999999 0.1287916666666667
15 0.7551953125 0.3961944444444444 0.06768750000000008 0.1573333333333333
19 0.25159765625 0.4637222222222222 0.10007031250000002 0.34713888888888894
4 0.37294921875 0.42972222222222217 0.06508593749999995 0.14766666666666659
4 0.65355859375 0.3660763888888889 0.07805468750000007 0.13934722222222223
18 0.47651953124999996 0.29183333333333333 0.08225781249999997 0.1862777777777778
18 0.25064453124999997 0.3042430555555556 0.05422656249999998 0.11437500000000003
2 0.34627734375 0.37940972222222225 0.1692109375 0.23856944444444442
19 0.66026171875 0.2728819444444444 0.050429687499999966 0.0975972222222222
4 0.5649062499999999 0.15565277777777778 0.048531249999999915 0.08627777777777776
17 0.51637890625 0.05457638888888889 0.10588281249999998 0.10804166666666666
8 0.42206640625 0.02684722222222222 0.08053906249999998 0.05369444444444444
19 0.38805078125000003 0.08693055555555557 0.08088281250000003 0.0915
2 0.23717968749999999 0.9117222222222223 0.11648437500000001 0.1765555555555554
19 0.12076171875 0.2946736111111111 0.1258203125 0.5893472222222222