19 0.99477734375 0.01670138888888889 0.010445312499999915 0.03340277777777778
18 0.378515625 0.9826388888888888 0.0421875 0.034722222222222224
17 0.17547656250000002 0.9263680555555556 0.071484375 0.14726388888888886
18 0.6436171875000001 0.9550555555555555 0.09689062499999998 0.08988888888888892
19 0.5043359374999999 0.9692361111111112 0.021953124999999928 0.061527777777777716
19 0.364796875 0.8724583333333334 0.12895312499999995 0.22972222222222236
19 0.28964453125 0.7675555555555555 0.09899218750000002 0.21177777777777781
18 0.4037265625 0.823673611111111 0.039640625000000006 0.06459722222222221
19 0.189734375 0.6978541666666667 0.04064062500000001 0.07801388888888883
19 0.6464375 0.6990277777777778 0.10804687499999996 0.20013888888888892
17 0.25592187499999997 0.5963611111111111 0.09481250000000001 0.1474722222222223
19 0.3151796875 0.5824930555555556 0.07089062500000001 0.18276388888888892
19 0.38414843750000005 0.45660416666666664 0.12632812500000004 0.4234583333333333
19 0.5661328125 0.5264583333333333 0.07756249999999998 0.1429722222222223
17 0.6372578124999999 0.4908125 0.07996874999999992 0.1898472222222223
18 0.2425234375 0.49863888888888885 0.11957812500000002 0.15641666666666668
19 0.18221484375 0.5799583333333334 0.012132812499999979 0.027583333333333352
19 0.47121484375 0.3659097222222223 0.08874218749999993 0.19937499999999997
19 0.45485937499999995 0.17013194444444446 0.06512499999999992 0.1447361111111111
19 0.5285976562499999 0.08703472222222222 0.08952343749999994 0.16643055555555555
8 0.46218359374999995 0.05010416666666667 0.08425781249999993 0.09881944444444445
18 0.11199218749999999 0.13903472222222224 0.10217187500000002 0.2780694444444445