19 0.74515234375 0.8808124999999999 0.2320390625 0.23837500000000014
19 0.39405859374999996 0.9614583333333333 0.10688281249999995 0.07708333333333334
14 0.24737499999999998 0.9443541666666666 0.14448437500000003 0.11129166666666682
3 0.57793359375 0.83075 0.16657031250000004 0.3385
19 0.7271796875 0.9327222222222223 0.05398437499999993 0.11861111111111124
18 0.43599218749999996 0.8203055555555555 0.13239062500000004 0.2632777777777777
3 0.45318359375000006 0.8227083333333334 0.057351562500000064 0.1
19 0.47171484374999995 0.6241666666666666 0.0716796875 0.16441666666666666
19 0.55069140625 0.5546736111111111 0.10658593750000005 0.3215694444444444
19 0.41016796875 0.5875277777777778 0.04963281249999998 0.09583333333333334
8 0.17788671875 0.642611111111111 0.07169531249999998 0.18013888888888896
19 0.28499609374999996 0.5370277777777778 0.023570312499999968 0.04902777777777771
10 0.44711328124999994 0.43254166666666666 0.11713281250000004 0.2571944444444444
10 0.7592578124999999 0.3199861111111111 0.1374062500000001 0.23055555555555557
17 0.183640625 0.42680555555555555 0.08423437500000001 0.16113888888888886
17 0.24969140624999997 0.4342916666666667 0.04963281249999998 0.12036111111111107
19 0.50526171875 0.39329861111111114 0.05161718749999995 0.08470833333333334
19 0.64502734375 0.9242222222222223 0.11594531250000006 0.1440000000000001
17 0.22851171875 0.28247916666666667 0.07278906249999999 0.134125
19 0.4568203125 0.23832638888888885 0.148234375 0.31195833333333334
19 0.6983671874999999 0.20654166666666668 0.10720312500000002 0.15891666666666668
19 0.28436328125 0.07400694444444444 0.08338281250000001 0.12470833333333334
19 0.5199648437500001 0.1022847222222222 0.14428906250000004 0.18126388888888886
19 0.41936328125 0.03170833333333333 0.030445312500000023 0.06341666666666666
2 0.24002734375 0.11170833333333334 0.08735156249999998 0.22341666666666668
2 0.66686328125 0.03641666666666667 0.07014843749999997 0.07283333333333333
19 0.57646875 0.09295138888888886 0.12970312499999997 0.1837638888888889