10 0.7953281249999999 0.8874305555555555 0.10799999999999992 0.22513888888888875
18 0.75390625 0.9763888888888889 0.1015625 0.04722222222222222
18 0.2627421875 0.9333125 0.079296875 0.13337499999999997
17 0.6594374999999999 0.8579652777777778 0.049249999999999974 0.07981944444444448
19 0.5362890625000001 0.8209722222222222 0.20132812500000002 0.3580555555555555
3 0.20291406250000002 0.9141666666666666 0.06489062499999998 0.17166666666666655
17 0.40098828124999997 0.8261736111111111 0.0404296875 0.14709722222222232
18 0.4404492187500001 0.8040069444444444 0.061820312500000085 0.229875
17 0.26637109375 0.712736111111111 0.07680468749999995 0.21486111111111117
7 0.3487578125 0.700673611111111 0.07826562500000005 0.19606944444444438
18 0.18934765625 0.7852847222222222 0.03238281249999999 0.06776388888888883
19 0.24196484375 0.7161458333333334 0.06583593749999998 0.11259722222222214
19 0.33869140625 0.6368055555555555 0.11910156250000004 0.3364166666666667
17 0.47103125000000007 0.6240625 0.06246875000000003 0.10956944444444443
17 0.62428125 0.5715625000000001 0.04137500000000003 0.17598611111111115
14 0.7720390625 0.693111111111111 0.04643750000000004 0.07805555555555554
16 0.69437109375 0.567576388888889 0.07347656249999997 0.19704166666666667
0 0.49946875 0.49506944444444445 0.10721875 0.30461111111111117
17 0.764578125 0.3885069444444444 0.06332812499999996 0.1465972222222222
2 0.27558203125 0.43724999999999997 0.04897656250000004 0.1390833333333333
19 0.23746874999999998 0.43426388888888884 0.066703125 0.10022222222222218
16 0.42075781250000005 0.4042083333333333 0.043390624999999974 0.09294444444444439
19 0.45165625 0.5127569444444444 0.033421874999999976 0.0792083333333333
17 0.46078125 0.3011944444444445 0.08584375000000008 0.0963055555555556
16 0.7376484375000001 0.29541666666666666 0.13439062500000007 0.2655555555555555
11 0.25741796875 0.24344444444444444 0.12467968750000002 0.24188888888888893
19 0.44210546875 0.22106250000000002 0.09878906250000004 0.11384722222222224
19 0.8176328125 0.11131944444444446 0.12360937499999994 0.22263888888888891
0 0.7320078125 0.07220833333333333 0.06182812500000008 0.13863888888888887
19 0.61601171875 0.10555555555555556 0.05471093749999998 0.11527777777777778
19 0.53546484375 0.09565277777777778 0.06585156249999997 0.12788888888888886
17 0.6737656249999999 0.03026388888888889 0.03849999999999998 0.06052777777777778
11 0.5080585937500001 0.03656944444444444 0.1429609375 0.07313888888888888
19 0.61905078125 0.022159722222222223 0.05471093749999998 0.044319444444444446