18 0.4766757812500001 0.5269722222222223 0.038382812500000085 0.11525000000000002
18 0.622484375 0.48731944444444447 0.07014062499999998 0.10124999999999997
10 0.702359375 0.3537708333333333 0.09674999999999993 0.2588194444444445
14 0.5105039062500001 0.29409722222222223 0.08336718750000002 0.2156944444444444
12 0.61519140625 0.26184027777777774 0.08710156250000001 0.21770833333333328
12 0.796484375 0.18179166666666666 0.14203125000000005 0.23808333333333329
19 0.31006640625 0.46434027777777775 0.23188281249999995 0.3121527777777778
19 0.42426171875000007 0.0770625 0.043679687500000064 0.04470833333333333
19 0.8375390625 0.2477777777777778 0.04445312500000007 0.0663888888888889
13 0.5282031249999999 0.9286805555555555 0.23874999999999993 0.14263888888888895
18 0.279578125 0.940625 0.07368749999999995 0.11875
3 0.3583671875 0.9635416666666666 0.07592187500000006 0.07291666666666667
14 0.6776093750000001 0.8359861111111111 0.06618750000000002 0.08469444444444447
0 0.6216015625 0.6137222222222222 0.03970312499999995 0.13333333333333333
0 0.5118710937500001 0.6316944444444446 0.11407031249999999 0.11763888888888895
19 0.11867578125 0.2946736111111111 0.12164843749999998 0.5893472222222222
19 0.2640625 0.790375 0.020937499999999963 0.02730555555555567
19 0.6417539062500001 0.8860972222222222 0.024757812500000042 0.05424999999999992
19 0.691796875 0.9756944444444444 0.0328125 0.04861111111111111