14 0.160234375 0.9098611111111111 0.03757812500000002 0.1802777777777777
18 0.25694140625 0.8953402777777778 0.1663671875 0.2093194444444445
12 0.44190234375 0.8865486111111112 0.13846093750000002 0.22690277777777762
15 0.5449140625 0.9511527777777776 0.06235937499999995 0.09769444444444433
3 0.649609375 0.85625 0.15390625 0.2875
19 0.5597226562500001 0.8717361111111113 0.0841796875 0.1029444444444443
19 0.19840234375 0.9386944444444445 0.047429687500000005 0.04724999999999997
2 0.47767187499999997 0.4965347222222222 0.19535937499999995 0.9687083333333334
19 0.31126953124999995 0.7051319444444444 0.03528906249999997 0.07451388888888885
17 0.27450390625 0.6763750000000001 0.05183593750000002 0.09608333333333342
17 0.41578515625 0.6003958333333334 0.05735156250000002 0.07112500000000005
19 0.5295234375000001 0.48709027777777786 0.09385937500000008 0.14509722222222227
19 0.51678125 0.38253472222222223 0.12904687500000006 0.14743055555555554
19 0.691359375 0.4075972222222223 0.061875000000000034 0.10200000000000008
2 0.3436953125 0.2784861111111111 0.09410937500000002 0.3575277777777779
19 0.2923203125 0.35244444444444445 0.03970312500000004 0.07999999999999999
19 0.5028593750000001 0.20364583333333333 0.12240625000000005 0.24715277777777775
19 0.50405078125 0.20374305555555555 0.07596093750000002 0.12945833333333331
12 0.69616796875 0.12968055555555555 0.12071093749999999 0.16658333333333333
7 0.2633984375 0.03872222222222222 0.08101562500000004 0.07744444444444444
8 0.5087539062499999 0.057673611111111106 0.12388281249999995 0.08470833333333333
19 0.458359375 0.02659722222222222 0.08062500000000003 0.05319444444444444