12 0.6042109375 0.9573055555555555 0.07165625000000002 0.08538888888888892
16 0.512109375 0.9006944444444445 0.13203125 0.1986111111111111
19 0.4170859375 0.9780555555555555 0.055265625000000006 0.04388888888888876
19 0.394640625 0.8625902777777777 0.11334375000000003 0.22129166666666655
19 0.460078125 0.7683333333333334 0.07995312499999993 0.14325000000000007
2 0.5533984375000001 0.5701388888888889 0.066796875 0.13472222222222222
18 0.555484375 0.7153472222222221 0.07949999999999999 0.1838611111111112
3 0.41467968749999995 0.6298958333333333 0.12217187500000004 0.3772916666666666
19 0.49693359374999996 0.6266666666666667 0.06175781249999997 0.19361111111111107
16 0.2374296875 0.5985277777777778 0.075296875 0.13733333333333334
19 0.730890625 0.49947916666666664 0.04812499999999993 0.09456944444444448
19 0.5730234375000001 0.4145069444444444 0.11734375000000004 0.24048611111111107
17 0.70895703125 0.3582083333333333 0.08024218750000003 0.11302777777777777
16 0.31422265625 0.47696527777777775 0.08442968749999995 0.1305972222222222
19 0.49109375 0.4489861111111111 0.10893750000000005 0.15352777777777774
18 0.29058203125 0.3402013888888889 0.12327343749999997 0.19398611111111105
16 0.18293359374999998 0.33136805555555554 0.0861171875 0.1485972222222222
12 0.47759765625000006 0.2855902777777778 0.08780468750000008 0.13809722222222223
19 0.3935859375 0.3033958333333333 0.08696874999999996 0.2225416666666667
18 0.34714843749999996 0.1645763888888889 0.07679687499999996 0.19998611111111111
19 0.6975390625 0.4236805555555555 0.039687499999999966 0.08705555555555548
19 0.4902578125 0.21333333333333337 0.12495312500000004 0.13249999999999998
12 0.41494921875 0.06129166666666667 0.08358593750000001 0.12258333333333334
16 0.6927265625 0.02301388888888889 0.07176562499999992 0.04602777777777778
7 0.59268359375 0.06131944444444444 0.057398437500000024 0.12263888888888888
17 0.64629296875 0.11581944444444442 0.059945312500000014 0.1696111111111111
19 0.263875 0.022986111111111113 0.05162500000000003 0.04597222222222223
19 0.512671875 0.0628888888888889 0.12109375 0.1257777777777778