17 0.18960546875 0.9734444444444444 0.07677343749999999 0.05311111111111112
19 0.3511328125 0.9649236111111111 0.09764062500000001 0.07015277777777776
2 0.44526953125 0.9177083333333333 0.12336718750000002 0.16458333333333333
19 0.54325390625 0.870423611111111 0.07272656249999994 0.2591527777777777
19 0.2663359375 0.871638888888889 0.043031250000000035 0.08469444444444447
19 0.234453125 0.7762430555555555 0.17426562499999998 0.33598611111111115
19 0.6699453125 0.9027569444444444 0.03901562500000004 0.0578194444444446
10 0.6195898437499999 0.8679791666666665 0.08308593749999993 0.26404166666666684
15 0.38020703125 0.7867222222222223 0.1395234375 0.2863055555555555
19 0.17861328125 0.7865486111111112 0.01788281249999999 0.05723611111111116
19 0.4912851562499999 0.8145555555555556 0.06275781249999994 0.14347222222222217
19 0.564875 0.6907291666666666 0.058375000000000024 0.10226388888888888
19 0.474453125 0.6619305555555555 0.11021874999999995 0.23819444444444438
19 0.3715234375 0.6408194444444444 0.069625 0.10622222222222225
19 0.35826953125000005 0.559951388888889 0.052804687500000023 0.13923611111111112
19 0.32390234375000004 0.5567361111111111 0.08942968750000002 0.13066666666666674
19 0.523671875 0.5174652777777777 0.09610937499999998 0.22956944444444438
19 0.22828125 0.5315902777777778 0.10989062499999998 0.1846805555555556
19 0.44565625000000003 0.47970138888888886 0.05323437500000008 0.08090277777777778
19 0.2885625 0.35195833333333326 0.14421875 0.31875
19 0.6218242187499999 0.4424722222222222 0.09580468750000008 0.17799999999999996
19 0.7001132812499999 0.4316388888888889 0.06488281249999997 0.18127777777777776
19 0.5625859375 0.30056249999999995 0.10514062499999995 0.1944583333333333
19 0.45699218750000004 0.3739722222222222 0.06284375000000005 0.15386111111111106
17 0.212828125 0.3977569444444444 0.07726562499999998 0.10618055555555558
17 0.3920859375 0.3848125 0.06078124999999997 0.17987499999999998
17 0.83661328125 0.3877152777777778 0.08858593749999999 0.148375
2 0.62235546875 0.14688194444444444 0.33794531249999993 0.28931944444444446
19 0.42146484375000004 0.1679513888888889 0.09886718749999997 0.13729166666666665
19 0.18090625 0.21461111111111109 0.06287500000000001 0.09522222222222222
19 0.34241796875 0.3503263888888889 0.02217968749999999 0.05851388888888892
19 0.2524375 0.1344027777777778 0.114453125 0.15019444444444444
19 0.49407421875000007 0.13989583333333333 0.05150781250000005 0.09890277777777776
19 0.5224101562500001 0.07029861111111112 0.04017968750000005 0.09156944444444445
19 0.42762890625 0.05280555555555555 0.0710859375 0.09725000000000002
19 0.27412890624999997 0.027847222222222225 0.1493984375 0.05569444444444445
19 0.7851132812499999 0.012513888888888887 0.07521093749999999 0.02033333333333333
17 0.21540234375000003 0.08404166666666667 0.0525390625 0.08241666666666667