3 0.19610937499999997 0.8756527777777778 0.17648437499999997 0.24869444444444436
18 0.32635546875 0.9798194444444445 0.04135156249999996 0.040361111111111035
18 0.4126796875 0.9678124999999999 0.12135937499999998 0.06437499999999988
19 0.523859375 0.970423611111111 0.04812499999999993 0.059152777777777665
19 0.38299609375 0.8749166666666666 0.13878906250000003 0.19688888888888886
19 0.5239960937499999 0.8354583333333333 0.05203906249999992 0.15491666666666662
19 0.46576171874999994 0.7886180555555556 0.04788281249999997 0.14009722222222207
17 0.46222265625 0.8805555555555555 0.05055468750000003 0.10783333333333348
7 0.35560546875 0.7085902777777778 0.04963281249999998 0.13137500000000005
19 0.31387890625 0.6987916666666667 0.03860156249999998 0.0941111111111111
19 0.42601171875 0.7099027777777778 0.08382031249999997 0.1372499999999999
18 0.49972656249999997 0.7314722222222222 0.07279687500000005 0.10588888888888891
19 0.4105703125 0.5750277777777778 0.14007812499999997 0.17097222222222225
19 0.54476171875 0.5802430555555556 0.1422734375000001 0.19448611111111108
18 0.57821875 0.6170416666666667 0.05073437500000004 0.14388888888888893
19 0.38887890625 0.6691180555555556 0.047789062500000014 0.07026388888888893
19 0.44067187499999994 0.534986111111111 0.111125 0.27388888888888896
8 0.25606640625 0.4444722222222222 0.12408593750000003 0.10855555555555552
19 0.35558984374999997 0.4403472222222222 0.0724609375 0.20225
19 0.4543203125 0.30309722222222224 0.361765625 0.535638888888889
19 0.6757265625000001 0.4201041666666667 0.06637500000000003 0.09509722222222226
19 0.5376640625 0.34800694444444447 0.04081250000000001 0.06862499999999995
19 0.53546484375 0.21272222222222223 0.05407031250000003 0.08819444444444445
2 0.46928515624999995 0.2980069444444444 0.08382031249999997 0.22548611111111114
17 0.5023710937500001 0.1803541666666667 0.1014765624999999 0.15490277777777775
19 0.623140625 0.17644444444444446 0.05625 0.10000000000000002
19 0.834234375 0.14288888888888887 0.04607812500000001 0.10827777777777775
19 0.8040312500000001 0.09506944444444444 0.03859375000000007 0.05097222222222224
7 0.20402734375000003 0.07741666666666666 0.060664062499999984 0.11372222222222221
16 0.242078125 0.050486111111111114 0.08603125 0.10097222222222223
8 0.66616015625 0.04361111111111111 0.08492968750000003 0.08722222222222221
12 0.448328125 0.03231944444444444 0.10367187500000004 0.06275
15 0.6115625 0.009298611111111112 0.0375 0.018597222222222223
19 0.61328515625 0.8938819444444445 0.25099218749999996 0.21223611111111104
19 0.7479960937500001 0.0776111111111111 0.04080468750000001 0.04705555555555555