19 0.26266015625 0.8068472222222223 0.2292109375 0.38630555555555546
13 0.538671875 0.9111111111111111 0.209375 0.17777777777777778
9 0.40211328124999995 0.8985277777777777 0.07996093749999997 0.1650277777777777
18 0.6912734375 0.9648680555555554 0.06417187500000007 0.07026388888888878
19 0.6432890625 0.8245208333333333 0.04320312499999997 0.07251388888888893
3 0.7109062500000001 0.7452291666666667 0.21207812500000003 0.34929166666666667
19 0.18285156249999998 0.7766736111111112 0.06520312499999999 0.13373611111111106
19 0.41419921875 0.7714236111111112 0.08924218750000001 0.17815277777777774
19 0.5281484375 0.7898958333333334 0.03049999999999997 0.054847222222222235
10 0.33273828125000005 0.7031041666666666 0.05514843750000002 0.22940277777777773
17 0.5478125 0.652125 0.07279687500000005 0.13922222222222216
19 0.45571484375000004 0.6648680555555555 0.06286718750000002 0.07451388888888885
19 0.46398828124999997 0.6168333333333333 0.017648437499999937 0.052944444444444454
19 0.40829296875 0.6177222222222223 0.06286718750000002 0.0981944444444445
19 0.49765234375 0.5707569444444445 0.09600781250000008 0.12943055555555563
19 0.16883984375 0.4929097222222222 0.06617968749999999 0.1274583333333333
10 0.71919921875 0.41061805555555553 0.2514453124999999 0.2565416666666667
10 0.289625 0.4537152777777777 0.07612500000000004 0.24515277777777778
11 0.557078125 0.4468333333333333 0.1764687500000001 0.11372222222222221
19 0.23942968750000002 0.40174305555555556 0.07940624999999998 0.20787499999999995
19 0.4197578125 0.48410416666666667 0.09375 0.1764305555555555
17 0.388859375 0.4184027777777778 0.07834374999999998 0.11569444444444438
17 0.4594765625 0.35280555555555554 0.05851562500000007 0.1605277777777778
19 0.33097656249999996 0.4154583333333333 0.06396874999999999 0.12155555555555553
19 0.38998046875000003 0.2811458333333334 0.09816406249999998 0.13529166666666662
19 0.8013710937499999 0.25856250000000003 0.08274218749999998 0.18045833333333333
19 0.5940234375 0.24300694444444446 0.13345312499999995 0.21156944444444442
19 0.473796875 0.24497916666666666 0.08493750000000003 0.1880138888888889
19 0.29347265624999996 0.24776388888888887 0.07500781249999999 0.15108333333333332
19 0.27251953125000006 0.23020833333333332 0.08160156250000003 0.11569444444444446
17 0.6880117187500001 0.2253611111111111 0.07569531250000008 0.14955555555555555
17 0.64687890625 0.06295138888888888 0.0357421875 0.09176388888888888
19 0.6991601562499999 0.08735416666666668 0.09264843749999993 0.17470833333333335
19 0.71040625 0.11236111111111112 0.07279687500000005 0.12000000000000001
19 0.8136445312499999 0.13353472222222224 0.051617187500000036 0.0917638888888889
19 0.50724609375 0.08029861111111111 0.08205468749999997 0.16059722222222222
19 0.419234375 0.14765277777777777 0.048968750000000005 0.12469444444444443
19 0.5198203125 0.09559027777777779 0.260734375 0.19118055555555558
19 0.24957812499999998 0.11663194444444444 0.024265624999999957 0.03529166666666666
19 0.37476171875 0.14256249999999998 0.014695312499999957 0.024958333333333332
14 0.53259375 0.01722222222222222 0.01875 0.0255