19 0.512109375 0.9815902777777777 0.04890624999999993 0.03681944444444443
19 0.414453125 0.9770833333333333 0.034375 0.04583333333333333
19 0.2152734375 0.8705972222222221 0.05943750000000001 0.25880555555555546
9 0.2586328125 0.8864444444444445 0.14625000000000002 0.2130555555555557
19 0.7034375 0.9840277777777777 0.09873437500000008 0.03194444444444444
12 0.4448085937499999 0.9188541666666665 0.08758593749999992 0.16229166666666653
10 0.74190625 0.9066180555555557 0.09693749999999994 0.09706944444444458
19 0.7907187500000001 0.6482152777777779 0.18129687500000005 0.34648611111111116
19 0.52800390625 0.7218611111111112 0.20721093750000003 0.5006111111111112
19 0.39606640625 0.7790833333333335 0.08944531250000001 0.1866111111111112
19 0.2919296875 0.7927638888888888 0.189265625 0.22308333333333327
19 0.5776328124999999 0.9676597222222221 0.05459375000000009 0.06468055555555546
15 0.649421875 0.8318611111111112 0.14665625000000002 0.3329722222222222
19 0.23929687500000002 0.5983472222222223 0.15453125000000004 0.21933333333333327
19 0.36254296875 0.6259583333333334 0.09889843750000002 0.15008333333333326
19 0.39654296875000006 0.6407361111111112 0.09024218750000004 0.13186111111111118
19 0.44724609375 0.5782361111111111 0.07094531249999995 0.14980555555555558
19 0.6546328124999999 0.5599444444444444 0.11999999999999993 0.16708333333333328
19 0.40401171874999997 0.5187777777777778 0.07907031250000003 0.11294444444444436
7 0.823015625 0.4758611111111111 0.185546875 0.3521944444444445
7 0.7098242187499999 0.4438958333333334 0.05750781249999992 0.1955416666666666
19 0.7015820312500001 0.7182499999999999 0.05752343750000009 0.13277777777777772
19 0.43709765625 0.35489583333333335 0.05591406249999995 0.12065277777777782
10 0.1878671875 0.424375 0.127109375 0.15888888888888886
10 0.6189882812499999 0.3759722222222222 0.10902343749999996 0.1756388888888889
19 0.4368203125 0.23513194444444446 0.191625 0.2844305555555555
19 0.35108203125 0.23878472222222225 0.04533593749999998 0.19562500000000002
19 0.53616015625 0.37200000000000005 0.017289062500000084 0.019083333333333345
19 0.34087890625000006 0.11995833333333333 0.08735156249999995 0.19841666666666669
19 0.29983203125 0.050791666666666666 0.04852343750000001 0.09541666666666668
19 0.41217578125000004 0.054458333333333345 0.11435156249999996 0.10641666666666667
19 0.62903515625 0.007125 0.03708593750000002 0.01425
19 0.22565234374999998 0.04978472222222222 0.029976562500000005 0.06593055555555555