19 0.35183203125 0.9747986111111111 0.037382812500000015 0.05040277777777773
12 0.5530859375 0.9713125 0.11759374999999998 0.057374999999999926
10 0.45637890625 0.9340763888888889 0.09380468749999996 0.10918055555555542
15 0.64765625 0.9388888888888889 0.11953125 0.12222222222222222
0 0.43726562499999994 0.7829305555555556 0.05998437499999998 0.1776111111111112
19 0.40757421875000005 0.9161805555555556 0.06175781249999997 0.16763888888888895
10 0.577125 0.8451666666666666 0.14996875000000004 0.2350277777777778
19 0.22087109375000002 0.8333819444444444 0.025773437500000006 0.04304166666666668
19 0.38260546875 0.5417569444444446 0.13678906249999997 0.24887500000000007
17 0.29520703125000003 0.5693125 0.060664062499999984 0.11309722222222231
17 0.48960546874999994 0.5585763888888888 0.10808593749999992 0.1396527777777777
19 0.43939453125000005 0.4523194444444444 0.060664062500000074 0.10391666666666657
19 0.5095390625 0.47251388888888884 0.07168749999999999 0.08236111111111105
10 0.6086445312500001 0.44802777777777775 0.08878906250000007 0.2098333333333334
7 0.8441054687499999 0.31355555555555553 0.14819531250000004 0.3507222222222222
10 0.335859375 0.27836805555555555 0.07281250000000003 0.27451388888888884
17 0.20369921875000002 0.3719305555555555 0.06925781249999999 0.1415
19 0.56700390625 0.2793611111111111 0.09516406249999995 0.17283333333333337
19 0.23810546875 0.29047222222222224 0.12560156249999999 0.14588888888888893
10 0.46635156250000004 0.3057708333333333 0.10853125000000005 0.1717638888888889
8 0.400171875 0.1711388888888889 0.05559375000000002 0.2152222222222222
19 0.45391015625 0.16168749999999998 0.05691406249999993 0.18690277777777778
7 0.7642187500000001 0.18169444444444444 0.18250000000000002 0.3163333333333333
19 0.6478046875000001 0.10582638888888887 0.12043750000000006 0.21165277777777775
19 0.2394296875 0.168125 0.08484375000000002 0.12000000000000001
19 0.22355078125 0.08106250000000001 0.0901328125 0.14823611111111112
19 0.5663437499999999 0.04582638888888889 0.06895312499999999 0.09165277777777778