19 0.6629218750000001 0.950986111111111 0.12242187500000004 0.09802777777777767
9 0.38984375 0.9333333333333333 0.1796875 0.13333333333333333
8 0.22890625 0.9222222222222223 0.1390625 0.15555555555555556
19 0.8022734375 0.9609722222222222 0.10789062499999993 0.07805555555555561
19 0.8115195312500001 0.8758958333333333 0.06430468749999996 0.06679166666666655
10 0.5328671875000001 0.6767916666666666 0.13903125000000002 0.2805277777777777
19 0.32029687500000004 0.6383819444444444 0.10154687500000001 0.18354166666666671
18 0.65053515625 0.6263333333333334 0.19761718750000004 0.35130555555555565
17 0.6683828125000001 0.48252083333333334 0.06673437500000005 0.11504166666666672
17 0.44185546875000004 0.43272916666666666 0.08732031249999998 0.1998472222222222
3 0.5058281250000001 0.5147361111111112 0.07901562500000008 0.11961111111111111
14 0.567265625 0.37302777777777774 0.10953125000000004 0.1657777777777778
19 0.46032031250000005 0.3063402777777778 0.06846875000000008 0.10506944444444441
19 0.41612890625 0.1982986111111111 0.09600781250000004 0.1593194444444444
19 0.299609375 0.15208333333333332 0.15953125000000004 0.30416666666666664
19 0.5544921875 0.1446527777777778 0.15054687500000002 0.2673611111111111
12 0.46487890624999995 0.07544444444444444 0.06488281249999997 0.11369444444444445
19 0.5592578125000001 0.08211111111111112 0.09351562500000003 0.13033333333333333
3 0.7231484375 0.7510972222222222 0.12760937499999994 0.21725000000000003
19 0.8234335937499999 0.770173611111111 0.10813281249999998 0.14618055555555556