2 0.42869531250000004 0.977625 0.049796875000000004 0.04475000000000004
19 0.293359375 0.9819444444444444 0.0421875 0.03611111111111111
19 0.49513671875 0.9651319444444444 0.07592968750000004 0.06973611111111117
17 0.597140625 0.9712083333333333 0.04792187499999993 0.05758333333333338
17 0.43878125 0.7776111111111111 0.06379687500000006 0.11736111111111111
19 0.38659765625000003 0.9281388888888888 0.04450781250000002 0.05011111111111101
19 0.37794921875000004 0.7434791666666666 0.04967968750000003 0.11973611111111117
19 0.59512890625 0.7646944444444445 0.04461718749999992 0.14225000000000002
19 0.29882421875 0.5870416666666666 0.10983593750000002 0.21986111111111103
19 0.46114453125 0.6660347222222222 0.1164140625 0.11012499999999995
19 0.5797656250000001 0.5291944444444444 0.10860937499999998 0.2525277777777777
19 0.423234375 0.5766666666666668 0.09168749999999996 0.09869444444444436
12 0.72721484375 0.5688055555555557 0.26271093749999996 0.2899444444444445
19 0.17972656250000002 0.5343125000000001 0.029671875000000014 0.04176388888888896
19 0.26740234375 0.45989583333333334 0.09642968750000006 0.08131944444444437
19 0.3806640625 0.37482638888888886 0.07976562499999998 0.20215277777777776
19 0.39408203124999996 0.5155138888888889 0.06675781249999999 0.1120833333333334
19 0.5312421875 0.5205763888888889 0.13475 0.11648611111111112
19 0.5099843749999999 0.36538888888888893 0.11284375000000005 0.21075000000000002
17 0.46023046875 0.38377083333333334 0.04249218750000008 0.08070833333333335
17 0.79755078125 0.3982847222222222 0.04697656250000008 0.1707916666666667
19 0.539859375 0.4290833333333334 0.05687499999999997 0.1132777777777777
19 0.42316796874999996 0.4711944444444445 0.07911718749999999 0.1120833333333334
19 0.45055078125000003 0.3021944444444445 0.07297656250000006 0.08394444444444445
19 0.2217109375 0.29075 0.09109375000000001 0.1098888888888889
19 0.322203125 0.3243263888888889 0.015453124999999979 0.030513888888888927
19 0.23632031250000002 0.18657638888888886 0.06529687500000003 0.12287500000000001
19 0.323046875 0.146875 0.16828125000000002 0.29375
13 0.30929687499999997 0.1865486111111111 0.1203125 0.19301388888888893
19 0.42131640625 0.21739583333333334 0.09194531250000004 0.11312499999999999
19 0.5179140625 0.1884513888888889 0.15464062500000003 0.1772638888888889
19 0.73211328125 0.16325694444444444 0.04389843750000004 0.11456944444444446
19 0.59258984375 0.1716388888888889 0.11341406250000005 0.1283888888888889
2 0.7686328124999999 0.10645833333333334 0.14257812499999992 0.21291666666666667
19 0.22690625 0.08394444444444445 0.027468749999999976 0.06258333333333334
17 0.43547265625 0.056472222222222215 0.06874218750000001 0.11141666666666666
2 0.578125 0.11984027777777777 0.22093749999999995 0.23968055555555554
19 0.6549453125 0.04467361111111111 0.07118749999999992 0.08934722222222222
19 0.64257421875 0.32740972222222225 0.14711718749999997 0.17362500000000003
19 0.745125 0.3505138888888889 0.06318750000000009 0.12741666666666668