19 0.67056640625 0.9430277777777778 0.11589843749999992 0.11394444444444439
18 0.32852734375 0.800326388888889 0.06403906250000002 0.0703750000000001
17 0.3732109375 0.8980208333333334 0.07610937499999997 0.16068055555555563
17 0.4297265625000001 0.8253472222222222 0.05617187500000007 0.17183333333333337
10 0.5032109375 0.6824583333333334 0.12982812500000004 0.19988888888888892
12 0.6073789062499999 0.6592222222222222 0.09713281249999994 0.20488888888888887
19 0.3048984375 0.6207083333333334 0.07723437500000001 0.13941666666666666
12 0.5129609374999999 0.4378611111111112 0.06824999999999992 0.11625000000000006
19 0.5311484375 0.5803819444444445 0.04282812499999995 0.05993055555555552
10 0.2521953125 0.4466458333333333 0.09784375000000001 0.2946805555555555
10 0.37891015625 0.47827083333333326 0.11092968750000001 0.2304305555555555
18 0.29943359375 0.4683888888888889 0.06319531249999999 0.18180555555555553
12 0.36330078125 0.35920138888888886 0.09802343749999998 0.20906944444444442
19 0.4454296875 0.23611805555555554 0.16179687499999998 0.27918055555555554
19 0.31928515625 0.20930555555555555 0.09857031249999997 0.29583333333333334
19 0.5869375 0.3900416666666666 0.15023437499999998 0.31861111111111107
19 0.37013671875 0.04377777777777778 0.08566406250000003 0.08755555555555555
14 0.7750390625 0.009868055555555557 0.015437499999999993 0.019736111111111114
19 0.18623046875 0.3298263888888888 0.029257812500000015 0.14251388888888886
19 0.27242578125000005 0.2903333333333334 0.06235156249999996 0.11983333333333329
18 0.11199218749999999 0.13903472222222224 0.10217187500000002 0.2780694444444445