16 0.3611640625 0.8421041666666668 0.12499999999999996 0.27665277777777786
4 0.5139179687500001 0.6519861111111112 0.17982031250000005 0.6928611111111111
8 0.43105078125 0.7190763888888889 0.10041406249999998 0.1484583333333334
17 0.5403046875 0.24356250000000002 0.058984375 0.09454166666666666
3 0.35757031250000004 0.361125 0.13107812500000002 0.25058333333333327
8 0.20775390625 0.3896180555555555 0.08250781250000001 0.21140277777777783
19 0.38137499999999996 0.02854861111111111 0.09690624999999997 0.05709722222222222
17 0.32703515625 0.15669444444444444 0.07244531250000001 0.14827777777777776
3 0.23467968749999998 0.09341666666666668 0.10279687500000004 0.1721111111111111
3 0.5508203125000001 0.0938611111111111 0.10110937500000006 0.1877222222222222
12 0.4416875 0.28047916666666667 0.13832812499999997 0.2804027777777778
19 0.2751796875 0.9442222222222221 0.16353124999999996 0.11155555555555546
19 0.64143359375 0.6836805555555555 0.11483593750000001 0.18416666666666662
19 0.5409648437500001 0.2313263888888889 0.13902343750000004 0.10456944444444448
19 0.42331640625 0.0936388888888889 0.11961718750000006 0.17227777777777778
19 0.45045312499999995 0.8743055555555556 0.07640624999999997 0.19624999999999992
19 0.38295312499999995 0.6116458333333333 0.050562499999999976 0.07490277777777771
19 0.22816796875 0.7522777777777777 0.07300781250000002 0.10116666666666663
19 0.73128125 0.04795833333333333 0.12665624999999991 0.09591666666666666