19 0.36402343750000005 0.9881180555555554 0.09553125000000003 0.02376388888888875
19 0.34673437500000004 0.8999444444444445 0.14043750000000005 0.16102777777777785
12 0.2316875 0.8795555555555555 0.130875 0.17047222222222225
12 0.4646875 0.8477638888888889 0.09887499999999996 0.1698333333333333
14 0.5224296875000001 0.8875833333333334 0.03764062500000005 0.059916666666666805
19 0.24479687499999997 0.7947777777777778 0.057906250000000006 0.14538888888888898
19 0.36150390625 0.8015694444444444 0.03641406250000001 0.07108333333333341
17 0.62821484375 0.7913680555555557 0.08939843750000005 0.1516250000000001
17 0.650125 0.9051180555555557 0.08145312499999999 0.10609722222222236
14 0.7576171875 0.9576388888888889 0.020781249999999928 0.05555555555555555
18 0.58994921875 0.7023124999999999 0.08330468750000009 0.09240277777777774
19 0.2292734375 0.6616041666666667 0.11865624999999999 0.20231944444444439
19 0.24128515625000002 0.5530902777777779 0.10372656249999998 0.14665277777777783
12 0.39333203125000005 0.5692638888888889 0.09692968749999994 0.19022222222222226
19 0.5059218750000001 0.6453541666666667 0.104296875 0.17131944444444447
19 0.46578515625000005 0.718375 0.12067968750000002 0.11558333333333337
19 0.6168671875 0.4538472222222222 0.19026562499999997 0.33847222222222223
18 0.49223046875000004 0.40826388888888887 0.08938281250000006 0.18738888888888883
12 0.43266015625 0.33722222222222226 0.05825781249999995 0.13486111111111115
12 0.82705859375 0.11652777777777779 0.12916406249999995 0.2255555555555556
19 0.52276953125 0.21005555555555558 0.04055468750000006 0.07094444444444442
8 0.31548828125 0.24388888888888888 0.26925781249999997 0.34388888888888886
19 0.1970078125 0.1975625 0.22145312499999997 0.3915416666666668
14 0.37173828124999997 0.028409722222222218 0.012601562499999996 0.02023611111111111
2 0.28713671875 0.04638888888888889 0.05728906250000003 0.09277777777777778
17 0.7183437500000001 0.09620833333333333 0.06951562500000001 0.19241666666666665
12 0.47644531249999994 0.12188194444444443 0.11374999999999993 0.15854166666666666
18 0.11199218749999999 0.13903472222222224 0.10217187500000002 0.2780694444444445