2 0.21136328124999998 0.8814583333333333 0.15444531250000001 0.2370833333333334
2 0.5999375 0.893888888888889 0.1659062500000001 0.21222222222222215
3 0.3965 0.9425625 0.19656250000000003 0.11487500000000005
17 0.4315664062500001 0.8237708333333333 0.05502343750000005 0.0891250000000001
19 0.3774453125 0.8535555555555555 0.04818750000000001 0.0996944444444444
14 0.47652343750000004 0.7764652777777779 0.1063593749999999 0.12254166666666669
2 0.79906640625 0.7053541666666667 0.19592968750000006 0.1642916666666667
19 0.529265625 0.7030416666666666 0.07976562499999992 0.16977777777777772
17 0.28563671875 0.6341736111111111 0.07442968749999998 0.16606944444444435
16 0.35014453125 0.6830902777777776 0.09410156250000004 0.24581944444444437
16 0.67878125 0.6001597222222222 0.06400000000000006 0.11959722222222224
2 0.58415625 0.5609305555555556 0.14017187500000006 0.2501388888888889
12 0.39646484374999996 0.6232638888888888 0.08332031249999998 0.10847222222222225
16 0.40615234375 0.7221180555555556 0.11071093750000002 0.14084722222222226
19 0.46638671875000004 0.5425208333333333 0.053695312500000016 0.1667916666666667
17 0.754015625 0.5836041666666667 0.06685937499999994 0.10090277777777774
19 0.5885234374999999 0.8157291666666667 0.13032812499999996 0.15851388888888904
19 0.1883671875 0.6655972222222223 0.093453125 0.18950000000000009
14 0.20813281250000001 0.46702777777777776 0.11060937500000004 0.21716666666666667
17 0.5164296875 0.4401805555555556 0.043390624999999974 0.09172222222222218
17 0.5829921875 0.38227083333333334 0.08120312500000004 0.12676388888888887
3 0.56297265625 0.45187499999999997 0.06097656249999996 0.09486111111111105
3 0.65865234375 0.38217361111111114 0.0919921875 0.20045833333333338
19 0.42059765625 0.45999999999999996 0.11885156250000004 0.22527777777777772
12 0.7393828124999999 0.4591388888888889 0.09826562499999998 0.17605555555555555
16 0.5279296875 0.2547152777777778 0.11164062500000008 0.12748611111111113
18 0.48039453125 0.3499791666666667 0.11969531250000003 0.14079166666666668
18 0.8129609375 0.3073541666666667 0.09626562499999994 0.2416527777777778
10 0.7680468749999999 0.06354166666666666 0.04656249999999993 0.12708333333333333
14 0.39385546875 0.18859722222222222 0.04697656250000004 0.12502777777777777
16 0.2162109375 0.23450694444444445 0.078515625 0.22404166666666667
8 0.746703125 0.154 0.11653125000000006 0.14227777777777778
18 0.7907851562499999 0.08826388888888889 0.1134765624999999 0.17291666666666666
19 0.4701171875 0.1486111111111111 0.03951562499999994 0.05944444444444446
18 0.27710546875000003 0.05314583333333334 0.060789062499999956 0.08465277777777779
14 0.48227343749999996 0.058541666666666665 0.08206249999999997 0.11708333333333333
17 0.55015625 0.01801388888888889 0.05978124999999999 0.03602777777777778
19 0.57447265625 0.08374999999999999 0.13778906249999992 0.16749999999999998
3 0.21387890625 0.017631944444444443 0.05252343750000001 0.035263888888888886