19 0.5750625 0.9814236111111111 0.06653125000000007 0.03715277777777778
17 0.48189453125000004 0.952125 0.08175781250000007 0.09575000000000007
12 0.242578125 0.9361111111111111 0.1046875 0.12777777777777777
12 0.7911875 0.9232847222222222 0.06535937499999997 0.1534305555555556
10 0.6953242187500001 0.9487986111111111 0.13544531249999991 0.1024027777777778
18 0.30949609375000003 0.9737152777777777 0.03463281250000003 0.05256944444444432
14 0.3689921875 0.776701388888889 0.05843749999999996 0.4060138888888888
19 0.165234375 0.9583333333333334 0.06640625 0.08333333333333333
19 0.674640625 0.7888541666666667 0.16685937499999995 0.21440277777777786
16 0.52928125 0.8408125 0.09742187500000003 0.21565277777777775
17 0.211125 0.8334930555555555 0.07781250000000002 0.06268055555555571
16 0.29045312500000003 0.8606458333333333 0.08348437500000001 0.17720833333333322
10 0.76224609375 0.6792916666666665 0.06180468749999992 0.2784722222222221
19 0.82270703125 0.6516527777777779 0.08410156250000007 0.165
16 0.20144140624999998 0.6659027777777778 0.13616406249999996 0.25791666666666674
16 0.43146874999999996 0.5473888888888889 0.07390624999999998 0.19736111111111115
16 0.5100156250000001 0.5654375 0.08512500000000003 0.15054166666666666
18 0.451171875 0.7892777777777777 0.018593749999999964 0.03888888888888889
17 0.6515000000000001 0.8125208333333335 0.05778125000000003 0.16615277777777793
11 0.56787109375 0.46894444444444444 0.13069531249999997 0.18138888888888893
17 0.71234765625 0.5450208333333333 0.06686718749999994 0.15129166666666677
19 0.6275351562500001 0.4148472222222222 0.1332890625000001 0.2636111111111112
10 0.8274687499999999 0.4021736111111111 0.080859375 0.2952083333333334
2 0.28519531249999996 0.4751527777777778 0.10562500000000004 0.2551388888888889
16 0.41709375 0.32095138888888886 0.14521874999999995 0.24995833333333337
17 0.536046875 0.2887152777777778 0.07682812499999994 0.18968055555555552
19 0.50314453125 0.3706527777777778 0.052773437499999964 0.22852777777777772
17 0.3056953125 0.2781736111111111 0.08528124999999998 0.14120833333333335
7 0.33415625000000004 0.12002083333333334 0.20549999999999996 0.24004166666666668
19 0.4721640625 0.06490277777777777 0.10212500000000002 0.12980555555555554
19 0.61198046875 0.08656944444444445 0.06322656250000006 0.0821388888888889
0 0.5931328125 0.017347222222222222 0.05228125000000006 0.034694444444444444