19 0.227734375 0.9548611111111112 0.06015625 0.09027777777777778
19 0.303109375 0.7855 0.18060937500000004 0.42900000000000005
13 0.30074609375 0.9402013888888888 0.12030468750000001 0.11959722222222208
19 0.4135546875 0.962125 0.09195312500000004 0.07574999999999996
19 0.49287109375 0.9460347222222222 0.13285156249999996 0.10793055555555561
19 0.71573046875 0.9358958333333333 0.04389843750000004 0.11020833333333321
19 0.5752148437500001 0.8889999999999999 0.11341406250000005 0.2219999999999999
2 0.7424335937500001 0.831513888888889 0.11991406249999992 0.3369722222222222
19 0.22010546874999998 0.8708194444444445 0.027476562499999968 0.06258333333333325
17 0.426578125 0.8408541666666666 0.06875 0.13343055555555547
2 0.5657265625 0.8736111111111111 0.22093749999999995 0.25277777777777777
19 0.6423984375 0.7863333333333333 0.07121875000000007 0.1662222222222223
19 0.80831640625 0.8290208333333333 0.03203906250000008 0.09298611111111117
5 0.8308476562499999 0.7111527777777777 0.09385156250000008 0.16666666666666666
19 0.42400390625 0.7305486111111111 0.05985156249999997 0.09890277777777783
19 0.41105078125 0.6405069444444444 0.031335937499999966 0.0549583333333334
19 0.6968984375 0.6638472222222223 0.06489062499999995 0.21205555555555564
19 0.6349609375 0.6403958333333334 0.08457812499999999 0.14245833333333324
19 0.5927343749999999 0.7014305555555556 0.057703124999999925 0.15708333333333335
8 0.48140625000000004 0.6051875 0.16328125 0.3112916666666666
17 0.19998046875000003 0.5365416666666666 0.08035156250000001 0.1856944444444445
19 0.3629609375 0.762875 0.07293750000000002 0.12747222222222218
19 0.3455546875 0.649625 0.105078125 0.10550000000000005
18 0.15085546875 0.5310069444444445 0.02855468750000001 0.13187500000000008
18 0.5613906249999999 0.4775902777777778 0.08406249999999993 0.1384583333333334
19 0.5523242187499999 0.5680069444444444 0.08035156249999993 0.13187500000000008
19 0.26082812499999997 0.4905902777777778 0.04818749999999996 0.17681944444444436
19 0.33711328125 0.49040972222222223 0.11744531250000004 0.2065972222222222
19 0.47765625 0.35999305555555555 0.12984375000000004 0.1945416666666667
19 0.39288671875 0.37349999999999994 0.10000781249999999 0.2
19 0.34504687500000003 0.36763888888888885 0.029671875000000014 0.03955555555555558
19 0.27777343749999994 0.3410208333333334 0.053156249999999974 0.11648611111111115
19 0.69511328125 0.32929861111111114 0.029664062500000022 0.05715277777777779
18 0.1857109375 0.24639583333333334 0.09407812500000001 0.1719305555555556
19 0.49666796875 0.2341666666666667 0.1418203125 0.1783333333333333
19 0.57619140625 0.2821111111111111 0.025960937500000014 0.03516666666666666
19 0.61761328125 0.14858333333333335 0.062414062500000075 0.17505555555555555
17 0.663265625 0.1835138888888889 0.06356249999999992 0.16519444444444445
7 0.41209765625 0.16475 0.10497656250000005 0.1738333333333333
19 0.44711328125000005 0.09050694444444443 0.05838281250000001 0.09309722222222222
19 0.69434375 0.0525 0.10478124999999991 0.105
19 0.7639101562499999 0.06150694444444444 0.020601562499999913 0.03815277777777778
8 0.35199609374999996 0.06165972222222223 0.13257031250000004 0.12331944444444445
19 0.62418359375 0.022055555555555557 0.05160156249999996 0.044111111111111115
10 0.56837890625 0.022055555555555557 0.061898437500000014 0.044111111111111115