19 0.49501953125 0.9939166666666667 0.04441406249999993 0.012166666666666654
2 0.376171875 0.9736111111111111 0.17109375 0.05277777777777778
3 0.77494921875 0.9140277777777778 0.12494531250000004 0.17194444444444437
19 0.59675390625 0.9395138888888888 0.22866406250000004 0.12097222222222209
19 0.49047656250000005 0.9192847222222222 0.09679687500000007 0.16143055555555558
19 0.3851640625 0.9091041666666666 0.06904687500000004 0.08315277777777763
19 0.30065234375 0.8978819444444445 0.06994531249999998 0.121875
16 0.37771484375000003 0.7976666666666667 0.06928906250000004 0.12361111111111112
17 0.450375 0.7298472222222222 0.07437500000000004 0.19638888888888895
19 0.71274609375 0.7236319444444445 0.09967968749999993 0.1598472222222222
8 0.49842578125000003 0.7397083333333332 0.05838281250000001 0.16666666666666666
19 0.5313671875000001 0.7941944444444445 0.04798437500000006 0.10227777777777791
19 0.59787890625 0.8193958333333333 0.11060156249999994 0.11934722222222231
14 0.6195546875 0.6292361111111111 0.13229687499999992 0.2931944444444445
10 0.5829687499999999 0.6453472222222222 0.09187499999999993 0.17763888888888893
19 0.5227109375 0.5742083333333333 0.06570312499999993 0.1915555555555555
19 0.39751171875 0.6539236111111112 0.03169531250000004 0.08379166666666672
19 0.40270312500000005 0.5481944444444444 0.11618750000000003 0.17447222222222222
17 0.26708984375 0.562125 0.08333593749999997 0.17983333333333335
17 0.191921875 0.569375 0.09046875000000001 0.12416666666666663
19 0.32725781249999997 0.7792986111111111 0.05476562500000002 0.10609722222222236
12 0.46961328125 0.4895833333333333 0.0923828125 0.18874999999999997
19 0.41702734374999995 0.4583055555555556 0.03949218749999996 0.06502777777777785
12 0.52559375 0.3762986111111111 0.09937500000000003 0.20898611111111115
19 0.4333984375 0.35456944444444444 0.0984375 0.14347222222222225
19 0.34966015625 0.4124861111111111 0.05997656249999998 0.12102777777777776
19 0.2915078125 0.36420833333333336 0.09167187500000003 0.23486111111111113
19 0.248359375 0.4626944444444444 0.04309374999999997 0.07872222222222215
3 0.63694921875 0.3428402777777778 0.14455468749999997 0.20487500000000003
19 0.5780742187500001 0.2444375 0.08510156250000005 0.10579166666666669
17 0.47067578125000004 0.18457638888888886 0.13060156250000005 0.2085972222222222
19 0.38392578125 0.18144444444444444 0.04769531249999996 0.10402777777777776
19 0.28631640625 0.23465277777777777 0.08627343750000005 0.09013888888888885
19 0.17894140625 0.29009722222222223 0.0771953125 0.17055555555555554
17 0.1982578125 0.27784027777777776 0.08025000000000002 0.15565277777777778
19 0.2750546875 0.16777777777777778 0.06976562499999997 0.14916666666666667
2 0.5369453125 0.13205555555555556 0.19517187499999994 0.26411111111111113
19 0.26393359375 0.04577083333333333 0.10616406249999999 0.09154166666666666
19 0.3195703125 0.10451388888888889 0.07039062500000001 0.19486111111111112
19 0.391125 0.06981944444444445 0.09196875000000002 0.1396388888888889