10 0.563671875 0.9451388888888889 0.1 0.10972222222222222
16 0.65287890625 0.9619444444444445 0.07642968749999994 0.07611111111111105
14 0.46211328125 0.8225833333333333 0.07697656249999998 0.11122222222222213
2 0.26856640625 0.8945833333333334 0.12202343750000004 0.21083333333333326
19 0.4410078125 0.9102013888888889 0.13982812500000003 0.1729027777777778
19 0.5117421875 0.7770694444444445 0.16657812500000002 0.3702777777777777
19 0.61044140625 0.7978402777777779 0.1202265624999999 0.22840277777777784
19 0.46555468749999995 0.5500902777777777 0.125 0.21609722222222227
18 0.745671875 0.7073819444444445 0.038124999999999964 0.08856944444444449
19 0.62373828125 0.5658819444444444 0.09038281250000005 0.2556805555555556
17 0.77150390625 0.6140763888888888 0.0412109375 0.06426388888888887
18 0.24201171875 0.7077916666666667 0.2119921875 0.24141666666666659
19 0.2943359375 0.5741666666666666 0.09710937499999997 0.1561111111111111
19 0.52454296875 0.4765625 0.1046953125 0.14259722222222215
18 0.5272109374999999 0.5829305555555555 0.02954687499999995 0.04502777777777772
18 0.42945312499999994 0.40806944444444443 0.06873437500000001 0.1731111111111111
15 0.319578125 0.27211805555555557 0.14539062500000002 0.3382916666666667
18 0.804734375 0.4933680555555556 0.11989062500000003 0.18312500000000004
19 0.71722265625 0.5078541666666667 0.11227343750000003 0.19959722222222226
17 0.600984375 0.24830555555555556 0.09017187500000005 0.14200000000000002
19 0.5146953125 0.32080555555555557 0.08510937500000004 0.16211111111111115
12 0.514375 0.16952777777777778 0.09328125000000007 0.16794444444444448
19 0.38001562499999997 0.21128472222222222 0.09606249999999998 0.21243055555555554
3 0.69610546875 0.152 0.059945312500000014 0.1200833333333333
16 0.46012109374999993 0.11297222222222222 0.08442968749999995 0.15611111111111114
17 0.47405078125000005 0.04897916666666667 0.08021093750000005 0.09795833333333334
2 0.55975 0.043930555555555556 0.09118750000000002 0.08705555555555555
16 0.6775273437499999 0.042979166666666666 0.1528203125000001 0.08595833333333333
17 0.7864453124999999 0.03922222222222222 0.09878124999999996 0.07844444444444444