8 0.528125 0.9243055555555556 0.07109375 0.15138888888888888
19 0.4065625 0.9377847222222221 0.11370312499999997 0.12443055555555545
19 0.30512109375 0.8614930555555556 0.05055468750000003 0.053930555555555454
19 0.8329375000000001 0.8631319444444443 0.06817187500000008 0.273736111111111
19 0.8048125 0.9903680555555555 0.04446875000000006 0.019263888888888737
17 0.6752578125 0.8873055555555556 0.09704687500000002 0.2049166666666666
19 0.7085390625000001 0.8039930555555556 0.09506250000000005 0.18537500000000004
18 0.8175546875 0.8349861111111112 0.14668749999999992 0.2601388888888888
19 0.598796875 0.9864583333333333 0.05899999999999998 0.027083333333333334
19 0.3926015625 0.7705555555555557 0.253328125 0.3068055555555556
19 0.57546875 0.7356180555555555 0.1543125 0.22087499999999996
19 0.390046875 0.9462083333333333 0.06881250000000003 0.10758333333333338
19 0.43569140624999997 0.9236527777777778 0.06885156250000009 0.11733333333333336
19 0.4723046875 0.7253263888888889 0.05459375000000009 0.08412499999999999
19 0.3436796875 0.6441388888888888 0.09468750000000004 0.20480555555555552
19 0.4347851562500001 0.6663263888888888 0.06552343749999992 0.12062499999999995
17 0.73244140625 0.6908055555555556 0.08510156250000005 0.15427777777777776
19 0.67858203125 0.7084583333333334 0.07658593749999998 0.13586111111111102
15 0.5669765625000001 0.5940902777777778 0.09887499999999996 0.15781944444444443
19 0.66083984375 0.5928472222222223 0.09607031250000002 0.14955555555555564
19 0.4709921875 0.5397430555555556 0.10832812500000007 0.29976388888888894
19 0.58830078125 0.45999305555555553 0.19161718749999998 0.2142361111111111
18 0.50802734375 0.3372708333333333 0.09267968750000008 0.20787499999999995
11 0.40675390624999996 0.3114930555555555 0.1535078125 0.1515972222222222
12 0.44425390625 0.21618055555555557 0.10367968750000003 0.1476388888888889
19 0.5220312500000001 0.1787083333333333 0.07890625 0.12880555555555556
18 0.24826562500000002 0.2031458333333333 0.09128125000000002 0.15176388888888886
14 0.760546875 0.37476388888888884 0.05476562499999993 0.06472222222222225
19 0.65645703125 0.15854166666666666 0.08228906249999994 0.2404166666666666
7 0.70522265625 0.18725 0.11424218750000001 0.2657777777777778
13 0.19284375000000004 0.11118749999999997 0.13834375000000004 0.21484722222222222
17 0.27647265625 0.04047222222222222 0.04650781249999998 0.08094444444444444
19 0.37 0.0854375 0.15671874999999996 0.15637500000000001
3 0.50397265625 0.074625 0.10717968750000004 0.14925
17 0.5954804687499999 0.05215277777777778 0.06572656250000009 0.10430555555555555
19 0.72842578125 0.027888888888888887 0.04653906249999995 0.05577777777777777