19 0.45069531250000006 0.9264027777777778 0.08584375000000008 0.14719444444444446
19 0.3191796875 0.9735972222222222 0.03265624999999996 0.027083333333333334
19 0.5343828125 0.8913055555555556 0.12890625 0.21738888888888885
12 0.632421875 0.9506944444444444 0.09765625 0.09861111111111111
19 0.69265625 0.9648680555555554 0.02624999999999993 0.07026388888888878
7 0.75548046875 0.8773402777777777 0.10982031249999995 0.2453194444444446
14 0.22709765625 0.7855972222222222 0.07174218750000001 0.11980555555555554
19 0.272515625 0.8436944444444445 0.04146875000000003 0.2176111111111112
18 0.442375 0.7135416666666666 0.11421875000000004 0.29375
16 0.5088710937500001 0.7957361111111111 0.11924218750000008 0.22183333333333338
2 0.671484375 0.7558333333333334 0.16109375000000004 0.2691666666666666
19 0.65325390625 0.7026805555555555 0.09808593749999997 0.11683333333333334
17 0.8341015624999999 0.7041527777777777 0.07887500000000003 0.18336111111111109
14 0.37436328124999996 0.7091805555555556 0.07592968750000004 0.1294444444444445
19 0.2991875 0.6253541666666667 0.07562499999999997 0.20601388888888886
5 0.5614765625 0.5475972222222222 0.09421874999999993 0.16861111111111107
19 0.5014960937499999 0.6090625000000001 0.025789062499999994 0.06329166666666673
12 0.41301953124999996 0.5419652777777778 0.11121093749999997 0.19229166666666672
19 0.36556640625000003 0.5915694444444445 0.07175781250000002 0.13122222222222224
19 0.47208203125 0.4881527777777778 0.08189843749999995 0.10061111111111119
12 0.56415234375 0.3665555555555555 0.12691406250000004 0.22152777777777777
19 0.6769140625000001 0.4392013888888888 0.023171875000000064 0.06740277777777774
7 0.3944375 0.30046527777777776 0.21668749999999998 0.31620833333333326
19 0.7570117187500001 0.2557291666666667 0.0763671875 0.15423611111111113
17 0.8646054687500001 0.25506249999999997 0.07077343750000012 0.1787361111111111
10 0.5963671875000001 0.13708333333333333 0.07179687500000007 0.27416666666666667
19 0.39064453125 0.20196527777777776 0.12824218750000002 0.2874583333333333
19 0.4868125 0.19663888888888892 0.06903124999999992 0.0941111111111111
16 0.8103398437499999 0.1431666666666667 0.09505468750000005 0.15633333333333335
19 0.27520703125 0.17498611111111112 0.07077343750000002 0.11533333333333336
19 0.2613203125 0.06338194444444445 0.058109375 0.11384722222222222
8 0.45886328125000003 0.083375 0.22086718750000003 0.16675
19 0.6627617187499999 0.09559027777777776 0.06411718749999995 0.07040277777777777