17 0.51953515625 0.9697083333333333 0.11088281250000005 0.060583333333333184
19 0.45865625000000004 0.9522916666666666 0.163734375 0.09541666666666673
18 0.634765625 0.9881388888888888 0.07109375 0.02372222222222212
3 0.679578125 0.9050069444444445 0.15328125000000004 0.18998611111111105
14 0.5077734374999999 0.8236249999999999 0.12604687499999995 0.18886111111111115
14 0.37290234375000003 0.8817777777777778 0.05092968750000004 0.08875000000000012
14 0.6439140624999999 0.7865902777777778 0.04907812499999995 0.07679166666666662
10 0.38358984375 0.7661527777777778 0.10133593750000003 0.25380555555555556
10 0.7631406250000001 0.7904305555555555 0.1121093750000001 0.19738888888888897
2 0.20887890625 0.775 0.07474218749999999 0.167
14 0.52425390625 0.6629444444444446 0.051414062499999955 0.1108055555555556
19 0.6972343750000001 0.6577986111111112 0.145125 0.34462500000000007
3 0.48484765625000004 0.5878680555555555 0.18486718750000003 0.26698611111111115
14 0.37521875 0.49770833333333336 0.11421875000000004 0.23958333333333334
14 0.27253906250000004 0.6475347222222223 0.02439062500000002 0.05134722222222226
8 0.61241015625 0.5341458333333333 0.07124218750000004 0.30248611111111107
14 0.22903515624999998 0.5530486111111111 0.017710937499999968 0.04751388888888894
3 0.27733984375 0.4313680555555555 0.06996093749999996 0.1149583333333333
3 0.44943359374999997 0.44197222222222227 0.10344531250000003 0.2069722222222222
5 0.8099257812499999 0.4320347222222222 0.10139843749999997 0.18051388888888892
17 0.7169453125 0.37298611111111113 0.10171875000000004 0.13144444444444442
17 0.5193554687499999 0.3548263888888889 0.09683593750000004 0.12465277777777782
3 0.51156640625 0.4494861111111111 0.026320312500000043 0.06047222222222217
19 0.41846484375 0.24040277777777777 0.13255468750000002 0.31969444444444445
2 0.65682421875 0.22278472222222223 0.2321328125000001 0.3339027777777778
14 0.80784375 0.039125 0.06623437500000007 0.07825
19 0.42504687500000005 0.12412500000000001 0.08626562500000001 0.0944722222222222
18 0.47780468750000005 0.060347222222222226 0.06546874999999996 0.12069444444444445
19 0.538265625 0.04812500000000001 0.07085937500000003 0.09311111111111114
13 0.17202734375 0.04802777777777777 0.07625781250000001 0.09605555555555555
4 0.6549531249999999 0.020638888888888887 0.05006249999999994 0.041277777777777774
14 0.5684179687500001 0.5454097222222223 0.026960937499999994 0.07665277777777785