12 0.307265625 0.9672916666666665 0.08812499999999997 0.06541666666666654
3 0.73935546875 0.8341250000000001 0.18264843749999998 0.23152777777777783
3 0.6590039062499999 0.6436180555555555 0.15816406250000004 0.32937500000000003
19 0.5602773437499999 0.871451388888889 0.07464843749999997 0.15206944444444445
0 0.5585625000000001 0.6816111111111111 0.04446875000000006 0.1270555555555556
8 0.20476953125000003 0.7599513888888888 0.052570312499999994 0.12140277777777782
8 0.27230078125 0.5462291666666667 0.1743046875 0.3642638888888889
10 0.48287500000000005 0.5300138888888889 0.08626562500000005 0.27124999999999994
19 0.5981796875000001 0.5345000000000001 0.07942187500000006 0.18122222222222226
11 0.7050546875 0.35490277777777773 0.036765624999999955 0.15033333333333332
0 0.45610937500000004 0.2459722222222222 0.09824999999999999 0.18638888888888888
2 0.8446250000000001 0.27468055555555554 0.0627812500000001 0.20424999999999996
18 0.32334765625 0.2720486111111111 0.05055468750000003 0.1179861111111111
12 0.3030625 0.21032638888888888 0.05846875000000003 0.09601388888888888
3 0.6124453125 0.14270833333333333 0.06837499999999999 0.18038888888888888
7 0.68799609375 0.11056944444444444 0.22389843749999994 0.22113888888888888
5 0.42163671875000003 0.09368749999999999 0.05735156250000002 0.09804166666666667
3 0.27047656249999996 0.11232638888888889 0.20084375000000004 0.2215694444444444
19 0.396171875 0.4842777777777778 0.04921875 0.07052777777777774
12 0.78685546875 0.22424305555555557 0.08735156249999995 0.13790277777777782
19 0.732421875 0.9722222222222222 0.0359375 0.05555555555555555
19 0.62278125 0.9168194444444444 0.08417187500000001 0.16636111111111107
0 0.7080625 0.9697916666666667 0.09545312500000006 0.06041666666666667
19 0.46068749999999997 0.7175625 0.06199999999999992 0.15181944444444437
8 0.5146484375 0.7350000000000001 0.06929687500000004 0.1125
19 0.5443906249999999 0.1324375 0.026218749999999957 0.0850138888888889
19 0.12076171875 0.2946736111111111 0.1258203125 0.5893472222222222