3 0.27116796875000004 0.9640694444444444 0.3104296875 0.07186111111111113
8 0.7991015625 0.9797222222222222 0.07289062499999996 0.040555555555555615
12 0.34637890625 0.8411458333333334 0.0731484375 0.1148472222222223
2 0.5470507812500001 0.9738194444444445 0.058242187499999966 0.05236111111111118
17 0.6874921875 0.8156180555555556 0.07479687500000001 0.2046249999999999
19 0.70332421875 0.6599305555555556 0.13405468749999994 0.3298611111111111
0 0.47582421875 0.9260277777777778 0.09353906250000002 0.1479444444444444
3 0.6316640625 0.9069375 0.09957812500000003 0.18612499999999998
18 0.74548828125 0.6523055555555555 0.10364843750000005 0.2179722222222223
17 0.28585546875 0.7698194444444444 0.059789062499999976 0.1676111111111112
18 0.17623046874999998 0.796875 0.06041406250000001 0.2701388888888889
19 0.5537890625 0.7170138888888888 0.20607812499999997 0.27302777777777776
15 0.7735937500000001 0.8524305555555556 0.20515624999999993 0.2254166666666666
2 0.41917187499999997 0.7837569444444443 0.068296875 0.11431944444444436
19 0.19144921875 0.7511805555555556 0.04652343749999999 0.1388888888888889
7 0.40368359375 0.6258611111111111 0.19172656250000003 0.32041666666666674
10 0.24558203125000003 0.6097013888888889 0.12408593750000003 0.13670833333333343
2 0.5529453125 0.7252361111111111 0.19468750000000004 0.3665833333333334
19 0.2736796875 0.4024583333333333 0.13046875 0.2091666666666667
12 0.18552343750000003 0.30456944444444445 0.063390625 0.33947222222222223
19 0.42998046875 0.3711527777777778 0.1554765625 0.2314722222222222
12 0.48285546874999996 0.24231250000000001 0.09649218749999999 0.17379166666666665
17 0.53131640625 0.2786458333333333 0.06825781249999992 0.12584722222222225
3 0.5723984375000001 0.24699999999999997 0.07457812500000002 0.12322222222222226
17 0.615796875 0.21927777777777777 0.06573437500000008 0.05652777777777776
12 0.66352734375 0.28045833333333337 0.11778906249999999 0.21575000000000005
19 0.27772265625 0.16447222222222221 0.08342968749999997 0.16719444444444445
19 0.5158710937500001 0.09301388888888888 0.17747656250000005 0.16988888888888887
19 0.6099140625 0.09302083333333333 0.116796875 0.18604166666666666
3 0.7350546875000001 0.08358333333333333 0.15471875000000007 0.16716666666666666
19 0.8692968749999999 0.057965277777777775 0.11073437499999983 0.11593055555555555
18 0.281515625 0.031 0.094046875 0.062