19 0.3640625 0.975 0.10703125 0.05
8 0.762109375 0.9756944444444444 0.14296875 0.04861111111111111
19 0.42762500000000003 0.9416111111111112 0.10610937499999995 0.10097222222222228
19 0.54615234375 0.9626041666666666 0.05033593750000005 0.07479166666666653
19 0.29160546875 0.9364097222222223 0.032960937500000044 0.07326388888888889
19 0.38181640625 0.8741458333333333 0.07314843749999995 0.07143055555555565
8 0.48250390625 0.8549097222222222 0.08653906249999999 0.1538472222222222
19 0.5001249999999999 0.6993055555555555 0.08756249999999995 0.26713888888888887
19 0.20427343750000002 0.660798611111111 0.043265624999999995 0.07195833333333326
3 0.26018359375 0.653201388888889 0.06592968749999999 0.1719305555555556
14 0.59030859375 0.6259374999999999 0.09953906250000007 0.32368055555555547
19 0.68931640625 0.5182222222222223 0.03705468750000005 0.2884722222222223
19 0.26109375 0.5252847222222222 0.013718749999999957 0.02437499999999994
19 0.32246484375000006 0.5153055555555556 0.019679687500000043 0.0275555555555556
19 0.5207578125000001 0.44775 0.11126562500000006 0.16633333333333333
8 0.31599999999999995 0.3798194444444445 0.11349999999999998 0.1141666666666667
15 0.42466406249999994 0.43400000000000005 0.09012499999999997 0.16030555555555553
8 0.68908203125 0.34259722222222216 0.1054765625 0.1270833333333333
19 0.5908984375 0.35534722222222226 0.09371875000000003 0.1460277777777778
14 0.6222382812499999 0.22645833333333334 0.11880468749999995 0.23319444444444443
16 0.42834765625 0.1905763888888889 0.17361718750000002 0.19801388888888888
19 0.28874609375000004 0.23653472222222224 0.09577343750000003 0.1994305555555556
12 0.53899609375 0.12213194444444445 0.10302343749999991 0.15201388888888887
19 0.207265625 0.07543055555555556 0.061812500000000006 0.1318611111111111
18 0.19129296875000001 0.00932638888888889 0.0381171875 0.01865277777777778
19 0.41536718750000007 0.05511111111111111 0.16895312499999998 0.11022222222222222
19 0.57093359375 0.017736111111111112 0.039148437499999925 0.03480555555555555
10 0.52148046875 0.021395833333333336 0.05975781250000001 0.03845833333333333
12 0.69198046875 0.06260416666666667 0.20913281250000004 0.120875