11 0.49671093749999995 0.9806666666666667 0.02564062499999995 0.035000000000000066
19 0.530859375 0.98125 0.04140625 0.0375
7 0.66259375 0.8461736111111111 0.17573437500000005 0.3076527777777778
19 0.5651914062500001 0.8882847222222223 0.07652343750000004 0.2234305555555554
19 0.4224375 0.9697777777777777 0.022640625000000015 0.030527777777777803
19 0.515296875 0.8523680555555556 0.03925000000000001 0.21254166666666663
19 0.4917890625 0.8858333333333333 0.03296875000000003 0.06044444444444442
19 0.42534374999999996 0.8311666666666667 0.13084375 0.23452777777777795
2 0.24251953125 0.8293541666666666 0.16174218749999997 0.2665138888888888
19 0.28728125000000004 0.6755069444444445 0.07634375000000002 0.24020833333333338
19 0.57405859375 0.6118402777777777 0.22400781250000001 0.3189305555555555
19 0.46060937500000004 0.6406527777777777 0.11868750000000006 0.17394444444444446
19 0.37765624999999997 0.5970833333333333 0.077140625 0.1429722222222223
19 0.4407109375 0.5272569444444445 0.08962500000000002 0.17215277777777785
19 0.48186718749999996 0.4531875 0.06706249999999994 0.1298194444444445
19 0.55507421875 0.3185555555555556 0.13494531250000003 0.28544444444444445
19 0.36993359375 0.38330555555555557 0.05047656250000001 0.056777777777777774
19 0.4374140625 0.28073611111111113 0.030906249999999958 0.08975000000000001
4 0.36627734375000004 0.2534652777777778 0.1299140625 0.23220833333333338
19 0.331765625 0.21409027777777778 0.091796875 0.09484722222222225
19 0.285453125 0.27252777777777776 0.06903125000000002 0.10616666666666666
19 0.288484375 0.1414513888888889 0.12478125000000002 0.18515277777777778
19 0.3575234375 0.08934722222222222 0.042343750000000034 0.03297222222222222
19 0.45647265625000005 0.13421527777777778 0.017507812500000063 0.03845833333333333
3 0.27268359374999995 0.023500000000000004 0.05150781250000005 0.04047222222222222
19 0.39574218750000006 0.065625 0.07325000000000004 0.12838888888888889
19 0.69662109375 0.04731249999999999 0.08550781250000003 0.09176388888888888
19 0.62187890625 0.030798611111111113 0.09282031249999996 0.05506944444444444
19 0.5950898437500001 0.06480555555555556 0.0392578125 0.03847222222222223