19 0.30419921875 0.9515625 0.07855468749999997 0.096875
14 0.49024999999999996 0.9001041666666666 0.20409375000000002 0.19979166666666653
18 0.37479687500000003 0.9090416666666666 0.08448437500000003 0.1819166666666667
19 0.5038203125 0.7274722222222222 0.14453125 0.2123888888888889
19 0.49966015624999993 0.7989097222222222 0.039148437499999925 0.07420833333333342
10 0.34347656249999997 0.6051458333333333 0.09028124999999995 0.2995416666666666
7 0.6514375 0.49296527777777777 0.054421875000000064 0.1641805555555556
19 0.27848828125 0.5931041666666667 0.08227343749999996 0.18926388888888887
19 0.4658125 0.5288680555555556 0.06614062500000006 0.1407638888888889
19 0.5700390625 0.5381944444444444 0.14210937500000007 0.23444444444444437
19 0.5811718750000001 0.6112500000000001 0.08682812500000008 0.053388888888888965
19 0.25 0.5605972222222222 0.01974999999999998 0.08394444444444452
19 0.31543750000000004 0.45115277777777774 0.05240625000000003 0.15141666666666664
19 0.51845703125 0.4320833333333334 0.05322656250000009 0.12058333333333325
19 0.62148046875 0.40918750000000004 0.03605468750000007 0.056458333333333305
12 0.47887890624999996 0.3698402777777777 0.059242187499999946 0.13895833333333332
12 0.5504296875 0.2981388888888889 0.112296875 0.1410277777777778
19 0.32480859375 0.2889791666666667 0.02369531250000003 0.07509722222222222
19 0.3912109375 0.1699513888888889 0.24117187500000004 0.21065277777777777
19 0.6735468750000001 0.1604861111111111 0.14834375000000008 0.3209722222222222
12 0.4731640625 0.22464583333333335 0.06284375000000005 0.16345833333333332
19 0.43267578125000006 0.28043055555555557 0.01847656250000007 0.025444444444444436
3 0.59946875 0.10912500000000001 0.112296875 0.13736111111111113
14 0.55310546875 0.06700694444444442 0.0710859375 0.12270833333333332
19 0.412203125 0.763875 0.10715625000000002 0.22172222222222213