8 0.51328125 0.9791666666666666 0.10859375 0.041666666666666664
19 0.5881093749999999 0.8598402777777777 0.09184374999999996 0.28031944444444434
19 0.65175390625 0.9765277777777778 0.06321093750000006 0.04694444444444438
17 0.1814921875 0.9786805555555556 0.06062500000000002 0.042638888888888955
19 0.647359375 0.882076388888889 0.057656249999999964 0.12768055555555563
9 0.7371796875000001 0.8164236111111112 0.1033125 0.19406944444444446
19 0.39389843750000003 0.9239722222222222 0.13851562499999998 0.15205555555555558
17 0.4658203125 0.9067430555555555 0.05764062499999998 0.12581944444444432
12 0.53159765625 0.9099166666666666 0.05975781250000001 0.11863888888888899
16 0.210875 0.8517013888888889 0.08217187499999998 0.1335972222222223
11 0.27659765625 0.8748125 0.0955078125 0.25037499999999996
19 0.3383515625 0.8594722222222223 0.05979687499999997 0.1300555555555557
19 0.41807421875 0.7957013888888889 0.08530468750000005 0.1528749999999999
11 0.4962734374999999 0.7785972222222222 0.06335937499999993 0.2076388888888889
10 0.35329687499999995 0.7231875000000001 0.06778124999999999 0.13665277777777785
19 0.6865546875 0.6175416666666667 0.24820312500000002 0.3635555555555555
19 0.4289921875 0.5735486111111111 0.18107812499999998 0.3122916666666667
17 0.22494140625 0.5599930555555557 0.08353906249999998 0.18812500000000007
19 0.41112109375 0.5451875 0.05864843749999995 0.11684722222222221
10 0.333265625 0.5454513888888889 0.060921875000000014 0.29151388888888885
19 0.5416562500000001 0.5235555555555556 0.06484375 0.07041666666666672
19 0.24871484375000003 0.38893749999999994 0.07010156250000002 0.1731805555555556
19 0.1831875 0.34679166666666666 0.10153125000000003 0.2635
19 0.4301328125 0.4071597222222222 0.05093750000000004 0.11273611111111109
17 0.22560546874999998 0.20154861111111114 0.07582031249999999 0.14059722222222223
12 0.57075390625 0.22375 0.09146093749999995 0.19583333333333333
19 0.4998046875 0.15125 0.06101562499999993 0.13166666666666668
19 0.41670703124999997 0.14590277777777777 0.03314843750000005 0.06541666666666666
19 0.442484375 0.15143055555555557 0.011531249999999993 0.026583333333333313
19 0.3742109375 0.028923611111111112 0.06740624999999997 0.057847222222222223
17 0.4441171875 0.02829861111111111 0.039953125000000075 0.05659722222222222
19 0.5835546875000001 0.08888888888888889 0.16539062500000004 0.1575
19 0.5392578125 0.016875 0.13992187499999992 0.03375