19 0.391859375 0.9768263888888888 0.05971875000000004 0.04634722222222207
19 0.54624609375 0.8711736111111111 0.24622656250000005 0.2576527777777778
15 0.70225390625 0.9203472222222222 0.08971093749999995 0.15319444444444438
10 0.3212890625 0.9293333333333333 0.07867187500000003 0.1413333333333333
19 0.27975390624999996 0.9348958333333334 0.04327343749999999 0.0847361111111111
17 0.40805468749999996 0.887451388888889 0.09684375000000003 0.1538472222222222
17 0.21248828125000002 0.9146527777777779 0.09066406249999999 0.13180555555555568
19 0.46591015624999993 0.885625 0.06180468749999992 0.14469444444444454
19 0.25959765625000003 0.7836944444444445 0.08846093750000002 0.1618333333333333
10 0.653828125 0.7952013888888888 0.09382812499999993 0.10770833333333327
19 0.74335546875 0.7163333333333333 0.09610156249999999 0.1712222222222222
19 0.75091015625 0.8380208333333333 0.01639843750000001 0.02384722222222232
19 0.50236328125 0.7504583333333333 0.0447265625 0.12211111111111113
19 0.6351367187499999 0.6498263888888889 0.17527343749999993 0.19059722222222225
19 0.83287109375 0.741451388888889 0.05246093750000007 0.09004166666666664
19 0.38848046875 0.5545833333333333 0.08663281250000003 0.2550833333333333
19 0.3579140625 0.5270902777777777 0.04034374999999999 0.06426388888888887
19 0.52745703125 0.3866458333333333 0.0996171875 0.17409722222222226
15 0.4133046875 0.37884027777777773 0.08417187500000001 0.128875
17 0.28020703124999996 0.4276319444444445 0.07036718749999996 0.10740277777777783
19 0.22535937499999997 0.3047916666666666 0.04893749999999999 0.09463888888888887
19 0.2695703125 0.1378888888888889 0.091015625 0.17505555555555558
19 0.4069375 0.2719791666666667 0.051515625000000044 0.09920833333333334
19 0.63530078125 0.251375 0.08413281250000004 0.12211111111111113
19 0.7962695312499999 0.37347222222222226 0.02317968749999997 0.024416666666666722
19 0.7636484374999999 0.3444722222222222 0.018031249999999943 0.04883333333333329
19 0.50997265625 0.201 0.029164062499999942 0.03966666666666667
16 0.20338281250000004 0.06784027777777778 0.08842187500000002 0.13568055555555555
19 0.4969960937500001 0.06173611111111112 0.09014843750000008 0.12347222222222223
19 0.6266289062499999 0.0670763888888889 0.13307031249999995 0.1341527777777778
19 0.43303515625000005 0.029534722222222223 0.05150781250000005 0.05356944444444443
19 0.3759453125 0.019 0.018031250000000033 0.038
17 0.54335546875 0.022055555555555557 0.04892968750000008 0.044111111111111115
17 0.757125 0.07837499999999999 0.08499999999999996 0.12683333333333333
18 0.3296875 0.95625 0.06015625 0.0875