19 0.42379296875000005 0.9154930555555555 0.09850781249999999 0.16901388888888896
12 0.6003632812499999 0.8621180555555555 0.20224218749999992 0.2757638888888888
7 0.3144765625 0.9566388888888888 0.12620312499999997 0.0867222222222223
10 0.2113203125 0.965486111111111 0.05545312500000001 0.06902777777777784
11 0.4865351562500001 0.9008958333333333 0.07724218749999992 0.19820833333333338
8 0.36675781250000006 0.7732777777777777 0.07428125 0.1698888888888888
19 0.32375390625 0.810423611111111 0.028585937500000026 0.04506944444444451
14 0.45982421875 0.7939444444444445 0.08252343750000009 0.1451388888888889
19 0.32451953125 0.9131527777777778 0.1051796875 0.08608333333333336
19 0.1739921875 0.6797013888888889 0.011921874999999993 0.023319444444444393
2 0.39593359375 0.7185277777777779 0.05666406249999998 0.0879166666666666
19 0.48019140625 0.6951180555555556 0.020601562499999913 0.03845833333333341
19 0.3832109375 0.5595625 0.10137499999999999 0.23387499999999997
19 0.45111328124999994 0.6360138888888889 0.06527343749999996 0.09230555555555561
17 0.32029296875 0.5822152777777778 0.0483359375 0.12398611111111109
16 0.8291171875 0.5439861111111112 0.09353124999999993 0.18608333333333335
17 0.36356640625000003 0.4211458333333334 0.09416406249999998 0.1526805555555556
17 0.7543632812500001 0.3499652777777778 0.10386718749999994 0.21770833333333336
12 0.49128906249999993 0.408125 0.17431249999999993 0.40013888888888893
2 0.64683984375 0.4443611111111111 0.12632031250000003 0.2384444444444444
19 0.6901171875 0.4865347222222222 0.10260937499999993 0.1737638888888889
19 0.7617539062500001 0.5176111111111111 0.05563281250000003 0.09230555555555561
16 0.823328125 0.3992986111111111 0.10384375000000005 0.1782083333333333
19 0.21857031249999997 0.18121527777777777 0.078328125 0.14756944444444445
9 0.4965859374999999 0.2631875 0.1813593749999999 0.261375
10 0.3804453125 0.3143472222222222 0.07870312500000001 0.27591666666666664
1 0.5062343749999999 0.016652777777777777 0.03503124999999994 0.033305555555555554
19 0.35955859375 0.0747638888888889 0.12697656249999997 0.14519444444444446
8 0.6149218750000001 0.04886805555555556 0.12465624999999995 0.09340277777777778
18 0.3296875 0.95625 0.06015625 0.0875