10 0.6191796875 0.9269444444444445 0.07367187499999997 0.14611111111111116
10 0.7091406250000001 0.934298611111111 0.14471875 0.13140277777777765
19 0.2015625 0.9798611111111111 0.028125 0.04027777777777778
14 0.3165234375 0.9383333333333334 0.09554687499999996 0.12333333333333327
14 0.39848437500000006 0.8809027777777778 0.12579687500000003 0.23819444444444443
10 0.47496484375000003 0.8837430555555555 0.14367968750000007 0.17998611111111099
16 0.57002734375 0.8727638888888889 0.05321093749999992 0.25447222222222227
14 0.596328125 0.7617777777777778 0.10101562499999997 0.16611111111111107
2 0.17371875 0.7889166666666666 0.09757812499999999 0.16977777777777778
19 0.26291796875 0.7402083333333334 0.0415078125 0.09072222222222213
19 0.4631796875 0.7032152777777778 0.17307812499999997 0.18387499999999998
16 0.21257421875000002 0.6369375 0.09428906250000002 0.2008194444444444
17 0.28726562499999997 0.5236388888888889 0.0734375 0.17769444444444452
14 0.50299609375 0.9878819444444444 0.08021093750000005 0.024236111111111173
14 0.71103515625 0.5496805555555556 0.07103906250000006 0.11419444444444449
19 0.5495859375000001 0.6289444444444444 0.030984375000000064 0.07124999999999994
19 0.32012890625 0.7463194444444444 0.026351562500000016 0.03430555555555562
2 0.411796875 0.4840347222222222 0.19453125 0.3525416666666667
19 0.52521875 0.5467847222222222 0.04284374999999994 0.11637499999999995
14 0.57432421875 0.44271527777777775 0.13867968749999998 0.09351388888888895
19 0.66942578125 0.43845833333333334 0.06411718749999995 0.1419444444444445
19 0.78251171875 0.49343055555555554 0.08607031250000005 0.28077777777777774
18 0.26448046875 0.40576388888888887 0.09991406249999998 0.16761111111111116
16 0.2289453125 0.28693749999999996 0.04854687499999999 0.09006944444444448
2 0.3456796875 0.26203472222222224 0.08504687500000001 0.22629166666666664
2 0.44905078125 0.2717152777777778 0.060789062499999956 0.10987500000000001
10 0.6009023437500001 0.2268680555555555 0.07725781250000008 0.30123611111111104
0 0.5387109375 0.2615347222222222 0.07507812499999993 0.1469861111111111
19 0.39770312500000005 0.2149652777777778 0.048640625000000035 0.21479166666666671
18 0.6799140625 0.22140277777777778 0.018765624999999987 0.06005555555555557
19 0.72426171875 0.32725 0.0847578125 0.13005555555555554
17 0.6292890625 0.06035416666666667 0.07668750000000006 0.12070833333333333
19 0.6866328125 0.12070138888888889 0.05628124999999997 0.12006944444444442
19 0.47980468750000005 0.08722222222222221 0.09289062500000007 0.17444444444444443
3 0.5593007812499999 0.08474305555555556 0.06328906249999999 0.16948611111111112
16 0.42383984375 0.10256944444444444 0.054179687499999976 0.13383333333333336
19 0.34046484374999997 0.05909722222222222 0.08021093749999997 0.11819444444444444
19 0.7429179687499999 0.01970138888888889 0.03658593749999994 0.03940277777777778