12 0.463671875 0.9694444444444444 0.0734375 0.06111111111111111
19 0.24094140625000002 0.9559097222222223 0.05438281250000001 0.08818055555555557
17 0.6311718749999999 0.9491527777777777 0.06999999999999992 0.10169444444444448
18 0.5907890625000001 0.8910555555555555 0.08329687499999991 0.09238888888888887
19 0.224359375 0.8550902777777779 0.11865624999999999 0.20231944444444455
19 0.23811328124999998 0.7540555555555555 0.10580468750000002 0.16661111111111115
12 0.39333203125000005 0.7565069444444443 0.09692968749999994 0.19023611111111116
19 0.50065234375 0.8326041666666666 0.1042890625 0.17131944444444433
19 0.46753906250000005 0.9025000000000001 0.12068750000000002 0.11558333333333337
19 0.6127734375 0.6431666666666668 0.19026562499999997 0.3384722222222223
18 0.49083203124999997 0.5942638888888889 0.08938281250000006 0.18738888888888883
12 0.4298554687499999 0.5282083333333334 0.05825781249999995 0.13486111111111115
12 0.81863671875 0.31575 0.12916406249999995 0.22555555555555554
19 0.5207382812500001 0.4012847222222222 0.04055468750000006 0.07095833333333337
8 0.31380078125 0.4491111111111111 0.2692578125 0.3438888888888889
19 0.19363671875000002 0.3997916666666667 0.2214609375 0.39152777777777775
14 0.371984375 0.22354166666666664 0.012593750000000004 0.020222222222222225
2 0.2984375 0.14756944444444445 0.08718750000000001 0.29486111111111113
17 0.71074609375 0.28266666666666673 0.07960156250000008 0.2088333333333334
12 0.47379296875000004 0.3201805555555555 0.12225781250000001 0.1664722222222222
3 0.34485937499999997 0.09470833333333332 0.09057812500000004 0.18941666666666665
3 0.4094609375 0.05788194444444444 0.08776562499999999 0.11576388888888887
19 0.22373828125 0.0179375 0.060382812499999994 0.035875
19 0.47616796875 0.034791666666666665 0.06811718750000004 0.06958333333333333
7 0.8106796875000001 0.01798611111111111 0.08257812499999995 0.03597222222222222
18 0.11199218749999999 0.13903472222222224 0.10217187500000002 0.2780694444444445