0 0.46320703124999996 0.9786805555555556 0.03438281249999999 0.042638888888888955
14 0.53398828125 0.9485416666666666 0.08500781249999996 0.10291666666666655
8 0.61819140625 0.9513888888888888 0.07291406249999995 0.09722222222222222
0 0.697625 0.9636805555555555 0.07814062499999999 0.07263888888888882
2 0.4970703125 0.8868055555555555 0.146484375 0.16361111111111104
16 0.36823046875000004 0.8174652777777779 0.06286718750000002 0.16451388888888896
8 0.34719140625 0.6532291666666667 0.10061718749999997 0.22951388888888896
18 0.27549609375 0.7068125 0.04924218749999998 0.10729166666666666
19 0.5783046875 0.5893402777777778 0.13432812500000005 0.2172083333333333
18 0.29285546875 0.5586319444444445 0.14242968749999996 0.23412499999999992
17 0.3454453125 0.4182986111111111 0.07489062500000002 0.12923611111111108
17 0.36145312500000004 0.3357361111111111 0.09148437500000002 0.15586111111111114
10 0.42598046875 0.07141666666666667 0.11778906249999999 0.1411666666666667
19 0.2062734375 0.40868055555555555 0.038078125000000004 0.09902777777777771
19 0.12076171875 0.2946736111111111 0.1258203125 0.5893472222222222