19 0.99477734375 0.01670138888888889 0.010445312499999915 0.03340277777777778
3 0.566015625 0.9604166666666667 0.0734375 0.07916666666666666
19 0.4082890625 0.9873402777777778 0.068296875 0.02531944444444447
19 0.33203125 0.9166666666666666 0.09375 0.16666666666666666
18 0.38805468750000005 0.9332430555555556 0.10124999999999998 0.12318055555555563
19 0.5132578125 0.8682986111111112 0.07198437500000007 0.2607083333333334
19 0.3645625 0.7356041666666666 0.29070312500000006 0.2717638888888889
11 0.4433828125 0.379625 0.06714062500000004 0.2088055555555556
16 0.5301484375 0.38492361111111106 0.08971874999999993 0.17937499999999998
10 0.59758203125 0.34027083333333336 0.07438281250000003 0.22190277777777775
19 0.6540273437499999 0.44638888888888884 0.08772656249999997 0.2361666666666666
17 0.7964140624999999 0.4564027777777778 0.08045312499999993 0.1238611111111112
18 0.21310937500000002 0.2924305555555556 0.05704687499999998 0.10055555555555552
19 0.20577734374999998 0.17048611111111112 0.06872656250000002 0.1485277777777778
19 0.31644140624999995 0.18963888888888888 0.05189843750000005 0.1421111111111111
17 0.415328125 0.2211527777777778 0.08543749999999997 0.12591666666666665
19 0.4612421875 0.18215277777777775 0.06876562499999998 0.12236111111111113
19 0.8282031250000002 0.22252777777777777 0.04953125000000007 0.11811111111111114
19 0.25311328125 0.14190972222222223 0.016929687499999967 0.036625000000000005
17 0.26251953125000005 0.036458333333333336 0.06199218750000002 0.07291666666666667
19 0.29978125 0.024229166666666666 0.014562499999999989 0.04845833333333333
19 0.42617578125 0.010805555555555556 0.03414843750000003 0.021611111111111112
19 0.56737890625 0.09577083333333333 0.15377343749999994 0.19154166666666667
8 0.6863984375000001 0.09452083333333335 0.19239062499999998 0.1890416666666667
18 0.11199218749999999 0.13903472222222224 0.10217187500000002 0.2780694444444445