3 0.4028593750000001 0.14284027777777777 0.05146875000000004 0.08487500000000002
2 0.68742578125 0.15714583333333335 0.02907031250000003 0.05168055555555555
7 0.47234765625 0.01965972222222222 0.058304687500000084 0.03931944444444444
18 0.3483359375 0.042694444444444445 0.06570312500000001 0.08538888888888889
2 0.27013671875 0.04597916666666666 0.09994531250000005 0.09195833333333332
18 0.1321328125 0.20819444444444446 0.12464062499999998 0.4163888888888889
14 0.25863281250000003 0.9519722222222223 0.10871874999999998 0.09533333333333348
18 0.36873437499999995 0.9459305555555555 0.06087499999999997 0.10813888888888876
2 0.467234375 0.9136805555555556 0.08209374999999994 0.17263888888888881
10 0.707421875 0.8333888888888888 0.05718750000000004 0.15455555555555553
14 0.52580859375 0.6497430555555556 0.055726562499999945 0.11856944444444445
2 0.7028984375 0.3445347222222222 0.08923437500000002 0.12101388888888888
14 0.3260546875 0.8890416666666667 0.04679687499999998 0.07808333333333337
19 0.176125 0.6738055555555555 0.06714062499999998 0.11577777777777772
18 0.42847265625000003 0.5691875000000001 0.21086718750000005 0.3403194444444445
3 0.751671875 0.41366666666666674 0.10993750000000002 0.19183333333333333
19 0.28734375 0.33118055555555553 0.09078125000000004 0.24402777777777773
12 0.4058046875 0.8837499999999999 0.044624999999999956 0.2199444444444446
3 0.3792578125 0.7251180555555556 0.15679687500000003 0.23170833333333332
3 0.39097265625 0.4843125 0.08722656249999998 0.1505694444444444
14 0.5642578125 0.3138194444444445 0.02117187499999993 0.04347222222222224
16 0.33575390625 0.39769444444444446 0.1455078125 0.24333333333333335
18 0.66068359375 0.7704097222222223 0.04011718749999993 0.04918055555555567
14 0.57238671875 0.36578472222222225 0.019273437500000056 0.032902777777777815