2 0.3073359375 0.9659097222222222 0.10154687500000001 0.06818055555555544
19 0.48846484375 0.9663125 0.25416406249999995 0.06737499999999999
19 0.632328125 0.9470694444444444 0.10815625000000004 0.10586111111111116
19 0.36993359375 0.9107708333333333 0.0412109375 0.14654166666666665
19 0.48521484375 0.8983194444444444 0.2214921875 0.1684999999999999
19 0.23095703125 0.8336458333333334 0.04224218750000004 0.057569444444444506
17 0.8341523437500001 0.9098611111111111 0.08653906249999999 0.17399999999999996
19 0.36482421875000004 0.7285972222222222 0.11864843750000005 0.20663888888888884
19 0.55459375 0.7990416666666665 0.07293749999999992 0.08752777777777775
7 0.6753359375000001 0.7340555555555556 0.16400000000000006 0.2834722222222222
19 0.448140625 0.7513263888888888 0.09645312500000003 0.13123611111111114
19 0.5313203125 0.6974027777777778 0.08664062500000007 0.13369444444444442
19 0.45142578125000005 0.5877013888888889 0.13186718749999998 0.22051388888888887
19 0.25695703124999997 0.5696458333333333 0.08811718749999997 0.17154166666666665
15 0.56073828125 0.5590347222222222 0.09046093749999998 0.15176388888888886
0 0.24025 0.4187847222222222 0.07170312499999998 0.13412499999999994
8 0.42733984375 0.45209027777777777 0.14711718749999997 0.1340694444444444
8 0.7217734375 0.38559027777777777 0.09271875000000004 0.14040277777777782
19 0.532359375 0.4619861111111111 0.10396874999999994 0.12966666666666668
19 0.45626171875 0.30197222222222225 0.15033593750000004 0.2958888888888888
19 0.5888515625 0.351125 0.22992187499999997 0.35791666666666655
19 0.376375 0.36786111111111114 0.10523437500000003 0.12305555555555558
16 0.48165234375 0.11430555555555555 0.1670546875 0.2286111111111111
10 0.6656640625 0.13555555555555554 0.117578125 0.2711111111111111
8 0.73504296875 0.07214583333333334 0.15041406250000006 0.14429166666666668
19 0.38991796875 0.04742361111111112 0.05563281250000003 0.09484722222222224
2 0.28947656250000003 0.06481944444444444 0.17204687500000002 0.1296388888888889