17 0.31342187499999996 0.9390486111111112 0.05999999999999996 0.12190277777777775
2 0.46195312499999996 0.9141666666666666 0.13187499999999996 0.17166666666666655
2 0.8673828125 0.7254791666666667 0.23603124999999991 0.4677361111111111
19 0.2666796875 0.9554097222222222 0.05228124999999997 0.07565277777777782
12 0.61501171875 0.8961527777777778 0.10385156250000005 0.16661111111111115
7 0.51620703125 0.8416944444444444 0.09411718750000002 0.20286111111111105
17 0.6378671875 0.7678888888888888 0.081046875 0.13024999999999995
19 0.6921875 0.9173611111111111 0.078125 0.16527777777777777
2 0.77119140625 0.9137222222222222 0.09827343749999998 0.17255555555555557
17 0.5435937500000001 0.6744166666666668 0.06281250000000008 0.1909166666666667
19 0.46633593749999996 0.6439444444444444 0.09118750000000002 0.16211111111111115
19 0.3998515625 0.7312222222222222 0.04106249999999996 0.06788888888888896
18 0.45148046875 0.7759305555555557 0.036476562500000045 0.08286111111111122
14 0.29323046875 0.6205486111111111 0.06380468749999997 0.13890277777777776
3 0.37359765625 0.5840833333333334 0.09155468750000004 0.179
19 0.19651953125000002 0.8699027777777778 0.03546093750000001 0.08286111111111122
18 0.7189257812500001 0.5288611111111111 0.09878906250000004 0.15616666666666673
19 0.8161484375000001 0.48032638888888884 0.07598437500000008 0.10506944444444441
3 0.48365624999999995 0.3656736111111111 0.26737500000000003 0.4361527777777777
2 0.22044140625000003 0.37722222222222224 0.14114843749999997 0.3516666666666667
19 0.38699218750000003 0.43722916666666667 0.05914062500000004 0.09948611111111111
18 0.63463671875 0.30670138888888887 0.07880468749999991 0.12006944444444446
19 0.6716289062499999 0.2049513888888889 0.08282031249999999 0.167375
11 0.5575937499999999 0.2452847222222222 0.06824999999999992 0.11781944444444442
7 0.5920703125 0.2008958333333333 0.09639062500000009 0.08901388888888892
14 0.318015625 0.2133611111111111 0.11115624999999998 0.2691111111111111
12 0.4567421875 0.1233888888888889 0.13271874999999994 0.15669444444444444
19 0.6558320312499999 0.05134027777777778 0.09321093749999995 0.10268055555555557
19 0.5600859375 0.08015972222222223 0.15096875 0.16031944444444446
19 0.41621484375 0.057645833333333334 0.13880468750000002 0.11529166666666667
19 0.21712499999999996 0.056743055555555554 0.23303124999999997 0.11348611111111111