8 0.28898046875 0.9919930555555556 0.04188281250000001 0.016013888888888852
19 0.5129296875 0.952236111111111 0.173828125 0.09113888888888874
17 0.55701171875 0.852201388888889 0.0767578125 0.12706944444444446
2 0.4941445312500001 0.8961250000000001 0.1098515625000001 0.1270555555555556
2 0.6804296875 0.948763888888889 0.08748437500000002 0.10247222222222219
18 0.61440625 0.6852430555555555 0.09310937500000005 0.3673472222222222
19 0.8111289062500001 0.8430833333333333 0.08814843749999994 0.2350277777777778
10 0.8232109375000001 0.6318194444444445 0.07781249999999992 0.20294444444444446
19 0.51174609375 0.7295347222222222 0.07014843749999997 0.1388194444444445
16 0.34961328125 0.6088611111111111 0.0877890625 0.16374999999999998
2 0.5046992187500001 0.5135694444444444 0.1323359374999999 0.2820277777777777
16 0.26579296875 0.5260069444444445 0.08338281250000001 0.174125
19 0.5170390625000001 0.5021041666666667 0.10853125000000005 0.18112499999999995
19 0.6170078125 0.28507638888888887 0.10376562499999994 0.4296249999999999
19 0.5671875 0.33382638888888894 0.046875 0.07843055555555559
19 0.54834375 0.2622569444444444 0.040437499999999994 0.06209722222222219
19 0.5098359374999999 0.3010069444444445 0.09282812499999996 0.14340277777777782
18 0.3461953125 0.26577083333333335 0.12684374999999998 0.264875
18 0.42396874999999995 0.2795 0.07496875000000003 0.2295555555555555
19 0.2662265625 0.3796041666666667 0.06839062499999997 0.1117083333333333
19 0.34840234375 0.44525694444444447 0.07169531249999998 0.09804166666666671
12 0.72517578125 0.19287500000000002 0.16480468750000005 0.2720277777777778
17 0.22357421875 0.1363263888888889 0.0939453125 0.17068055555555553
16 0.48163671875 0.12800694444444444 0.12683593749999994 0.21176388888888883
15 0.620609375 0.3543958333333333 0.076171875 0.1708194444444444
19 0.6282695312500001 0.21564583333333334 0.03860156250000006 0.05815277777777778
19 0.6229218750000001 0.0720625 0.088671875 0.144125
12 0.29396093749999996 0.029888888888888892 0.11131250000000001 0.05905555555555555
12 0.68777734375 0.016770833333333332 0.06485156249999999 0.033541666666666664