13 0.6566328125 0.9601597222222223 0.157984375 0.0766250000000001
19 0.3336953125 0.9103819444444444 0.152796875 0.17923611111111104
14 0.462796875 0.88525 0.15539062500000003 0.2295
12 0.20943359374999998 0.9585138888888889 0.08919531249999998 0.08297222222222224
12 0.37000781250000003 0.8008472222222223 0.07134374999999996 0.12988888888888886
8 0.1967265625 0.7708333333333334 0.15546875 0.32250000000000006
19 0.5721015625 0.8308125000000001 0.13904687500000001 0.1909305555555556
19 0.774453125 0.7854444444444444 0.12096875000000003 0.16522222222222227
14 0.2869140625 0.7264166666666666 0.0944375 0.18483333333333332
19 0.8451601562500001 0.5960763888888888 0.1315546874999999 0.21656944444444454
19 0.7587773437499999 0.6145277777777778 0.039148437499999925 0.05147222222222215
19 0.512875 0.6565416666666667 0.1295 0.16647222222222224
19 0.48596093749999997 0.4945486111111111 0.12535937500000002 0.283375
12 0.35003906249999994 0.4971666666666667 0.13892187499999994 0.22388888888888894
19 0.40359765625 0.5673888888888888 0.06025781250000004 0.09569444444444442
17 0.61815234375 0.6303194444444445 0.07005468750000006 0.13030555555555548
7 0.7234023437499999 0.52525 0.05941406249999996 0.2165555555555555
19 0.5382734375 0.3773958333333334 0.08032812499999994 0.15620833333333337
19 0.70960546875 0.31321527777777775 0.02796093749999997 0.08051388888888893
19 0.4677734375 0.3324513888888889 0.04635937499999994 0.06959722222222224
19 0.40846093749999995 0.229375 0.127546875 0.21041666666666667
19 0.5603203125 0.17708333333333334 0.157625 0.25027777777777777
19 0.69809765625 0.19144444444444444 0.021773437499999916 0.04711111111111113
19 0.25471093749999996 0.26380555555555557 0.012421874999999982 0.022083333333333302
19 0.73553515625 0.18269444444444444 0.04214843750000004 0.0595277777777778
19 0.68449609375 0.11248611111111112 0.03949218749999996 0.11141666666666666
19 0.5189765625 0.18007638888888888 0.04642187500000006 0.11290277777777781
17 0.43607421874999996 0.11388888888888889 0.04944531249999997 0.07325000000000001
19 0.35932421875 0.09190972222222221 0.0916953125 0.07326388888888889
19 0.3778671875 0.09723611111111112 0.10404687500000005 0.19447222222222224
8 0.77501953125 0.08175 0.15041406249999997 0.15952777777777777
19 0.43813281249999997 0.014895833333333332 0.061812499999999916 0.029486111111111112
19 0.559703125 0.02672222222222222 0.04532812499999998 0.05344444444444444