19 0.546640625 0.9456736111111111 0.05350000000000001 0.06787499999999985
12 0.6106953125 0.9849305555555555 0.06548437499999996 0.03013888888888895
19 0.25666015625 0.9230416666666665 0.12911718749999998 0.1539166666666666
18 0.5472929687500001 0.7794583333333334 0.061820312500000085 0.1647222222222222
19 0.3125 0.7645416666666666 0.08023437500000004 0.08522222222222209
12 0.27775390624999996 0.6956180555555556 0.10900781249999998 0.16618055555555553
19 0.386625 0.6439027777777778 0.10893750000000005 0.1532777777777777
19 0.28578125 0.5458055555555555 0.13296875000000002 0.23599999999999993
19 0.3596875 0.49934722222222216 0.11515625000000003 0.21061111111111108
18 0.50607421875 0.6662708333333334 0.050429687499999966 0.0666527777777778
19 0.5809375 0.6076388888888888 0.12046875000000004 0.12472222222222216
19 0.49379296874999995 0.5880416666666667 0.05649218749999996 0.09747222222222231
18 0.5554296875 0.5392916666666666 0.07853124999999998 0.13272222222222216
11 0.78406640625 0.6009513888888889 0.13564843750000008 0.1953472222222222
11 0.3616328125 0.3977291666666667 0.13165624999999997 0.17876388888888894
19 0.44936328124999997 0.48465972222222226 0.17564843749999998 0.1093194444444445
19 0.44863671875 0.4068402777777777 0.04007031249999997 0.05423611111111105
19 0.6686640625 0.5068541666666667 0.03049999999999997 0.057763888888888934
19 0.42164843750000003 0.2937222222222222 0.07095312499999995 0.14161111111111108
19 0.2420390625 0.2952083333333333 0.01931250000000002 0.03952777777777775
19 0.31621875 0.16292361111111112 0.07756249999999998 0.1683472222222222
19 0.54440625 0.28217361111111117 0.05850000000000009 0.11898611111111114
19 0.5231484375 0.17813194444444444 0.1110468749999999 0.1715138888888889
2 0.48412499999999997 0.1639861111111111 0.08987499999999997 0.2056388888888889
19 0.63558984375 0.23949305555555556 0.05363281250000007 0.0920138888888889
14 0.6720703125 0.37985416666666666 0.04632812499999996 0.057791666666666686
19 0.662109375 0.975 0.04765625 0.05
19 0.41093359375 0.19478472222222223 0.03532031250000003 0.04570833333333331
19 0.285796875 0.12225 0.065421875 0.08091666666666665
19 0.357109375 0.050374999999999996 0.13571875000000003 0.10041666666666664
18 0.25694140625 0.05831944444444444 0.09792968750000001 0.11341666666666667
7 0.48924609375 0.01840277777777778 0.050789062499999996 0.03680555555555556
19 0.7720703125 0.0806388888888889 0.07273437499999993 0.07586111111111112
17 0.73021875 0.043027777777777776 0.06379687500000006 0.08605555555555555
19 0.8436406250000001 0.12846527777777778 0.023703125000000113 0.03612499999999999
12 0.67748046875 0.007854166666666667 0.031492187499999956 0.015708333333333335
19 0.39774609375000003 0.11906944444444445 0.027226562499999975 0.03827777777777778
18 0.11199218749999999 0.13903472222222224 0.10217187500000002 0.2780694444444445