10 0.700890625 0.893888888888889 0.08306249999999996 0.21222222222222215
14 0.50292578125 0.8588124999999999 0.08336718750000002 0.20634722222222213
12 0.606828125 0.8343402777777779 0.087109375 0.21770833333333334
12 0.7859921875 0.7836180555555554 0.1381718750000001 0.24220833333333325
3 0.5621562499999999 0.4821319444444444 0.1032343749999999 0.15215277777777772
6 0.23819531249999998 0.39638888888888885 0.08278125 0.10038888888888885
14 0.43436328125 0.40900000000000003 0.09419531249999995 0.1566111111111111
2 0.3532578125 0.49372222222222223 0.09000000000000004 0.08000000000000003
19 0.331640625 0.9305555555555556 0.19296875 0.1388888888888889
10 0.5601171875000001 0.31571527777777775 0.15757812500000004 0.2389305555555555
15 0.61175 0.15427777777777776 0.16024999999999992 0.2981111111111111
18 0.2423828125 0.17905555555555558 0.087109375 0.13855555555555554
5 0.2097578125 0.3460694444444444 0.044828124999999996 0.11180555555555552
10 0.69276953125 0.1925486111111111 0.09586718750000003 0.24684722222222225
16 0.38004296875 0.03361111111111111 0.08194531249999999 0.06722222222222222
19 0.42108203125 0.6530625000000001 0.03732031249999999 0.04470833333333341
19 0.83171484375 0.8508125000000001 0.036507812500000014 0.06973611111111117
16 0.46571484375 0.4981458333333333 0.061945312499999974 0.10165277777777786
10 0.4980703125 0.08192361111111111 0.075 0.14118055555555556
0 0.43851171874999995 0.06253472222222221 0.07058593749999993 0.12506944444444443
19 0.1202421875 0.2946736111111111 0.12478124999999998 0.5893472222222222