19 0.27076171875 0.9091875 0.11882031250000002 0.18162499999999998
19 0.33134375 0.8615902777777779 0.09137500000000003 0.2768194444444444
19 0.47389843750000005 0.8989027777777777 0.17703124999999997 0.20219444444444434
17 0.744921875 0.9736111111111111 0.0453125 0.05277777777777778
17 0.4813203125 0.8887361111111113 0.07046875000000004 0.10988888888888873
10 0.6826679687499999 0.8478125000000001 0.06057031249999998 0.2009583333333334
19 0.32385546875 0.8156736111111113 0.09749218749999997 0.15295833333333347
19 0.74666796875 0.85975 0.05810156249999991 0.11669444444444442
19 0.48477343750000007 0.8138263888888889 0.03623437500000008 0.030763888888889014
2 0.47344921875 0.7135763888888889 0.1889296875 0.1975972222222222
12 0.81690234375 0.7464444444444445 0.1102421875000001 0.1810833333333334
17 0.2739296875 0.6535902777777778 0.101453125 0.21670833333333336
10 0.6368984375 0.6251736111111111 0.05975000000000001 0.2912361111111112
19 0.52938671875 0.6836458333333334 0.15824218749999996 0.14726388888888892
19 0.56404296875 0.573861111111111 0.09778906250000005 0.2065000000000001
19 0.74089453125 0.4136805555555556 0.12486718750000003 0.22513888888888892
17 0.4559414062499999 0.4373194444444444 0.07664843749999992 0.12288888888888891
17 0.5625 0.19365972222222222 0.0921875 0.12009722222222224
19 0.39353515625 0.20431250000000004 0.0462890625 0.05776388888888891
12 0.3376328125 0.1297986111111111 0.105578125 0.21123611111111112
19 0.18224999999999997 0.06853472222222222 0.05451562499999998 0.13706944444444444
19 0.5457109375 0.06773611111111111 0.07182812500000005 0.12988888888888891
19 0.41714062500000004 0.011694444444444445 0.02237500000000008 0.022194444444444444
17 0.7596484374999999 0.042458333333333334 0.06923437499999992 0.07933333333333333
15 0.26508203125 0.07732638888888889 0.14847656250000002 0.15465277777777778