19 0.305859375 0.9493055555555555 0.11015625 0.10138888888888889
19 0.533984375 0.9625 0.14921875 0.075
17 0.7777499999999999 0.9763194444444443 0.05387500000000003 0.047361111111110986
19 0.99477734375 0.01670138888888889 0.010445312499999915 0.03340277777777778
17 0.25124609374999995 0.8257013888888889 0.11003906250000002 0.1857638888888889
19 0.36678515625 0.7810902777777777 0.11189843750000002 0.20218055555555547
19 0.43433984375 0.8697361111111112 0.12044531250000001 0.2582500000000001
19 0.52550390625 0.7845277777777778 0.08289843749999992 0.2373888888888889
3 0.57016796875 0.7916597222222223 0.18872656249999994 0.39901388888888883
19 0.259234375 0.9126597222222222 0.062015625 0.10226388888888904
19 0.801015625 0.8730138888888888 0.13003125000000004 0.2539722222222224
19 0.82722265625 0.7921041666666667 0.07821093750000001 0.14948611111111126
12 0.27456250000000004 0.6057569444444445 0.10287500000000005 0.17687500000000003
12 0.3833125 0.6569583333333333 0.13800000000000004 0.1725
19 0.46166796874999994 0.5993263888888889 0.053132812499999994 0.14745833333333327
19 0.60653515625 0.5885833333333333 0.10396093749999995 0.16494444444444442
19 0.5111874999999999 0.4547013888888889 0.049249999999999974 0.22245833333333329
19 0.5420039062500001 0.5363680555555556 0.06572656250000009 0.08965277777777772
19 0.38889453124999995 0.4422222222222222 0.0370546875 0.0632777777777777
19 0.3918125 0.34003472222222225 0.08720312499999996 0.17368055555555556
17 0.5708359375000001 0.23077083333333334 0.08195312500000007 0.1560972222222222
19 0.718109375 0.1829861111111111 0.24690625000000005 0.3659722222222222
18 0.46460156249999995 0.2060416666666667 0.10782812499999998 0.20402777777777775
19 0.32606250000000003 0.30559722222222224 0.07029687500000001 0.13797222222222227
19 0.3644140625 0.17805555555555555 0.09654687499999999 0.20833333333333334
19 0.2710390625 0.1996388888888889 0.04910937500000001 0.2937222222222223
0 0.20262890625000002 0.08777777777777779 0.08599218749999997 0.17555555555555558
12 0.28721874999999997 0.05173611111111111 0.078015625 0.10347222222222222
19 0.41839453125 0.07166666666666667 0.16627343749999998 0.14333333333333334
19 0.40352343749999997 0.05302777777777778 0.044859375000000014 0.10605555555555556
19 0.5329843750000001 0.07875 0.06485937499999998 0.11355555555555558
19 0.48519921875000005 0.013583333333333333 0.09313281250000002 0.027166666666666665
19 0.66023046875 0.012430555555555554 0.031257812499999996 0.024861111111111108
19 0.7796679687499999 0.025222222222222222 0.0430703125 0.050444444444444445
18 0.11199218749999999 0.13903472222222224 0.10217187500000002 0.2780694444444445