19 0.99477734375 0.01670138888888889 0.010445312499999915 0.03340277777777778
19 0.70175 0.9049375000000001 0.09820312500000003 0.19012499999999982
19 0.6051367187500001 0.9545555555555555 0.1375078125 0.09088888888888896
19 0.353515625 0.9909722222222223 0.02109375 0.018055555555555554
19 0.345328125 0.8956180555555554 0.088 0.17684722222222213
17 0.4907734375 0.928048611111111 0.08375000000000003 0.14390277777777763
19 0.82973828125 0.9645555555555556 0.03777343749999993 0.07088888888888883
19 0.5880859375 0.7688263888888888 0.16695312500000004 0.33012500000000006
19 0.74578515625 0.7888194444444443 0.13244531250000008 0.2819166666666667
11 0.4179453125 0.8042083333333333 0.07942187500000002 0.17822222222222214
18 0.32903515624999996 0.8080069444444444 0.03283593749999998 0.05668055555555548
19 0.20728515625 0.984798611111111 0.013789062499999982 0.02404166666666659
19 0.23976953124999997 0.7554930555555556 0.16047656249999998 0.2642916666666666
19 0.2712734375 0.8129097222222224 0.016984375000000006 0.036402777777777826
0 0.36684375 0.8329513888888889 0.06882812500000002 0.13806944444444455
18 0.391703125 0.6300138888888889 0.07050000000000001 0.20419444444444443
17 0.1787890625 0.5512916666666666 0.07148437500000002 0.17924999999999994
19 0.8330937500000001 0.7441944444444445 0.05025000000000013 0.08113888888888891
18 0.6482187500000001 0.6161875 0.09689062499999998 0.17459722222222226
19 0.67871484375 0.7210138888888888 0.04335156250000001 0.07258333333333332
19 0.5061484375 0.6117708333333333 0.021515624999999972 0.09381944444444439
19 0.488859375 0.6741805555555556 0.029593750000000085 0.02933333333333334
19 0.3699921875 0.4725069444444444 0.12895312499999995 0.22970833333333332
19 0.30196875 0.3839027777777778 0.10956250000000001 0.2095833333333333
18 0.40924218749999997 0.4464375 0.04109374999999997 0.06465277777777771
19 0.19461328125000002 0.3073263888888889 0.04063281250000002 0.07801388888888891
19 0.6523359375 0.3155486111111111 0.10804687499999996 0.20012500000000005
17 0.25837890625000004 0.2037638888888889 0.0990234375 0.14747222222222223
19 0.3215234375 0.20636111111111108 0.08195312499999999 0.17866666666666664
19 0.41567187499999997 0.13947222222222222 0.15615625000000005 0.27894444444444444
19 0.57221875 0.14364583333333336 0.07756249999999998 0.1429861111111111
17 0.6441640625 0.10466666666666664 0.07996874999999992 0.18983333333333335
18 0.24392968750000002 0.11228472222222222 0.11957812499999998 0.1726527777777778
19 0.18566796874999997 0.18685416666666665 0.012132812499999979 0.027597222222222228
18 0.11199218749999999 0.13903472222222224 0.10217187500000002 0.2780694444444445