8 0.24921875 0.9701388888888889 0.0734375 0.059722222222222225
19 0.38760546875 0.9781180555555555 0.07021093749999996 0.04376388888888887
19 0.6549296875 0.9175208333333333 0.049203125000000014 0.16495833333333332
19 0.54140625 0.9409722222222222 0.13671875 0.11805555555555555
19 0.77816015625 0.9709722222222222 0.05303906249999999 0.05805555555555549
19 0.8140625 0.9861111111111112 0.05703125 0.027777777777777776
19 0.50346875 0.763986111111111 0.04803125000000001 0.08513888888888882
17 0.5659296875000001 0.7675416666666667 0.07414062500000007 0.17494444444444449
17 0.7335078125000001 0.7343194444444445 0.08273437500000007 0.12075000000000008
19 0.8146015625 0.6366944444444443 0.06370312499999997 0.10786111111111106
9 0.762921875 0.5495625 0.12101562499999999 0.2244027777777777
19 0.5461015625 0.6770902777777777 0.07920312500000008 0.1483194444444444
8 0.586640625 0.59225 0.11410937499999996 0.1820555555555556
19 0.4249296875 0.6811180555555555 0.08393750000000004 0.21565277777777775
17 0.4471796875 0.6380416666666666 0.07279687500000005 0.13702777777777772
19 0.34971874999999997 0.6871805555555556 0.04954687499999997 0.07369444444444437
19 0.261234375 0.7834652777777779 0.03895312500000001 0.04729166666666661
19 0.44259765624999997 0.5390138888888889 0.11830468750000005 0.13661111111111113
19 0.5009179687499999 0.4643333333333333 0.10010156250000009 0.16002777777777782
19 0.6591367187499999 0.3998333333333333 0.20396093749999994 0.25077777777777777
16 0.29446093749999996 0.49899999999999994 0.13753124999999997 0.21494444444444444
19 0.37387890625000003 0.37447916666666664 0.09710156250000002 0.17795833333333333
19 0.435515625 0.37226388888888884 0.09357812499999998 0.1595277777777778
8 0.26625 0.37645833333333334 0.11312499999999996 0.13208333333333336
16 0.41136718749999995 0.2360138888888889 0.10618750000000002 0.12516666666666668
12 0.49874999999999997 0.17720833333333333 0.08984375 0.1991388888888889
19 0.57271484375 0.22209722222222222 0.0830078125 0.1233611111111111
19 0.633828125 0.21873611111111113 0.06582812499999999 0.0998611111111111
19 0.40569921875 0.13181944444444443 0.0859296875 0.14558333333333331
19 0.5801015625 0.12011111111111111 0.07682812499999994 0.08272222222222222
3 0.715109375 0.08882638888888889 0.13849999999999998 0.17765277777777777
19 0.49567187500000004 0.05197916666666666 0.24571874999999999 0.10395833333333332
19 0.20630078125 0.14044444444444443 0.02932031249999998 0.0701111111111111
17 0.461421875 0.11751388888888889 0.04564062500000006 0.11130555555555557