19 0.46655859375000003 0.9859166666666667 0.019695312500000027 0.028166666666666628
14 0.19924609374999996 0.9326527777777778 0.1601484375 0.13469444444444448
2 0.2826171875 0.8724999999999999 0.12770312500000003 0.2549999999999999
17 0.41551953125 0.8173402777777778 0.08686718750000004 0.2735694444444445
17 0.5760625 0.6532847222222222 0.105078125 0.1427916666666666
2 0.20909765624999999 0.637875 0.20316406249999996 0.42441666666666655
19 0.4518671875 0.6017986111111111 0.05190625000000004 0.06590277777777784
19 0.44730468749999996 0.5343541666666666 0.2046875 0.20301388888888883
19 0.3439453125 0.46923611111111113 0.15728124999999996 0.3224444444444444
3 0.8064726562500001 0.6274375 0.18099218750000007 0.25479166666666675
19 0.48821484374999996 0.42238888888888887 0.13675781249999996 0.15847222222222226
15 0.6136015625 0.4647083333333334 0.08687500000000004 0.24166666666666667
19 0.440875 0.20911805555555554 0.11653125000000002 0.3368472222222222
12 0.6119687500000001 0.12125 0.21425 0.2425
7 0.33490625000000007 0.2509722222222222 0.14337500000000003 0.24499999999999997
10 0.24134765625000001 0.29185416666666664 0.09925781249999999 0.30315277777777777
11 0.49720703125000004 0.15897916666666667 0.08667968750000003 0.2975972222222223
8 0.38358593750000003 0.04009722222222222 0.05779687500000001 0.08019444444444444
19 0.328984375 0.03980555555555556 0.026890624999999967 0.04047222222222223
14 0.470125 0.05565972222222223 0.08251562499999991 0.11131944444444446
19 0.44230468749999996 0.4134305555555556 0.03925000000000001 0.0404722222222222
19 0.33464843749999995 0.13934722222222223 0.10518749999999999 0.08608333333333332
18 0.3296875 0.95625 0.06015625 0.0875