2 0.793203125 0.9738888888888888 0.061562500000000055 0.052222222222222094
2 0.5914257812500001 0.7950694444444445 0.21824218749999993 0.40986111111111106
8 0.6157656250000001 0.96375 0.09721875000000005 0.07250000000000006
19 0.6166953125 0.9638263888888888 0.06642187499999999 0.0723472222222221
10 0.55515234375 0.8127569444444446 0.13782031250000007 0.2151527777777778
19 0.44429687500000004 0.9139097222222222 0.13062500000000005 0.1721805555555556
19 0.32003906249999997 0.8400833333333334 0.17289062499999996 0.3198333333333333
19 0.28301953125 0.8793263888888889 0.10358593750000003 0.24134722222222219
2 0.79442578125 0.7507499999999999 0.13552343749999993 0.21816666666666665
10 0.4511796875 0.7749722222222223 0.05660937500000003 0.12713888888888883
19 0.2224609375 0.8935625 0.06398437499999998 0.18759722222222214
19 0.20890625 0.8213055555555554 0.10309375000000003 0.1765555555555554
19 0.30226171875 0.7247847222222222 0.12233593750000002 0.16762500000000008
19 0.28139453125 0.5640069444444445 0.0928671875 0.19506944444444452
19 0.15509375 0.8192152777777778 0.063671875 0.107513888888889
19 0.19510546875 0.6653263888888888 0.1395234375 0.16687500000000005
2 0.5601093749999999 0.41132638888888895 0.16507812499999996 0.47765277777777776
19 0.73204296875 0.6402569444444444 0.04458593749999995 0.09987499999999995
14 0.19132421875 0.5768125000000001 0.0837421875 0.1597361111111111
14 0.20970312500000002 0.44056249999999997 0.074328125 0.13698611111111111
19 0.41632421875 0.33447916666666666 0.14514843749999998 0.33812499999999995
14 0.7576210937500001 0.45111111111111113 0.12097656250000002 0.22022222222222226
19 0.42376171874999996 0.3995069444444444 0.09267968750000004 0.1632916666666666
19 0.8055234375 0.34752083333333333 0.09909375000000002 0.12043055555555553
12 0.6717578125 0.25501388888888893 0.13001562500000005 0.23441666666666663
19 0.74044921875 0.23604861111111108 0.0595703125 0.2562638888888889
19 0.22794140624999998 0.3260972222222222 0.0793046875 0.11780555555555555
19 0.44867187499999994 0.5037291666666666 0.057296874999999935 0.21570833333333325
19 0.255625 0.2092986111111111 0.10656249999999998 0.1685972222222222
19 0.58340625 0.12429861111111112 0.10225000000000009 0.11498611111111114
19 0.59052734375 0.04236111111111111 0.1203203125 0.08472222222222223
19 0.4681796875 0.07381944444444444 0.1284062500000001 0.14763888888888888
19 0.30235546874999997 0.11875694444444444 0.1203203125 0.23751388888888889
19 0.3331953125 0.036069444444444446 0.09504687499999998 0.07213888888888889
19 0.812359375 0.13798611111111111 0.06403125000000003 0.17675