18 0.49367968749999996 0.8640972222222222 0.19451562500000003 0.27180555555555563
0 0.8238125000000001 0.9587777777777777 0.06906250000000007 0.0824444444444443
19 0.65933984375 0.8559027777777778 0.10325781250000006 0.15530555555555547
17 0.34444921875 0.5689513888888889 0.06797656249999999 0.136625
17 0.37757421874999997 0.8049444444444444 0.07888281249999998 0.13802777777777792
10 0.71100390625 0.39769444444444446 0.14577343749999994 0.2361111111111111
3 0.8474335937500002 0.38098611111111114 0.11624218749999997 0.26497222222222216
19 0.45665234374999997 0.4339861111111111 0.034398437499999976 0.08508333333333332
19 0.6627343750000001 0.23819444444444443 0.16515625000000006 0.3038888888888889
19 0.27941796875 0.5347638888888888 0.0749921875 0.1303888888888889
19 0.39042187500000003 0.3144444444444444 0.10212500000000002 0.10247222222222219
19 0.30301953125000003 0.24404166666666663 0.07572656250000005 0.11061111111111109
19 0.44632812499999996 0.1676388888888889 0.2878125 0.3352777777777778
19 0.6231992187500001 0.08524305555555556 0.11964843750000007 0.17048611111111112
19 0.8400546875 0.1304861111111111 0.0735468749999999 0.10402777777777779
8 0.26551953125 0.09802083333333332 0.08478906249999998 0.1887361111111111
16 0.742296875 0.03979166666666666 0.08399999999999999 0.07958333333333333
17 0.6839999999999999 0.06434027777777779 0.051203124999999974 0.12868055555555558
16 0.20954687500000002 0.611173611111111 0.10553125000000003 0.16604166666666662
19 0.31961328125 0.6955277777777779 0.07686718749999999 0.1539444444444445
14 0.41564453125 0.7145069444444444 0.10557031249999996 0.22570833333333332
17 0.481265625 0.6799513888888888 0.05317187499999996 0.09437499999999999
3 0.525640625 0.5275 0.09207812499999993 0.22352777777777785
19 0.6532773437499999 0.6746944444444444 0.10010156250000009 0.2228611111111111
19 0.7477070312499999 0.7329722222222222 0.04963281249999998 0.11227777777777774