11 0.67811328125 0.5080277777777777 0.04764843750000001 0.11858333333333333
3 0.54443359375 0.3890763888888889 0.11858593749999997 0.3094305555555555
12 0.7139492187500001 0.5856736111111112 0.049226562499999994 0.08187500000000006
18 0.2877890625 0.1912152777777778 0.12073437499999998 0.16784722222222223
19 0.42187890625 0.1240347222222222 0.17152343749999996 0.2202361111111111
19 0.26170312500000004 0.04365972222222222 0.06051562500000003 0.08731944444444444
19 0.31459374999999995 0.0802638888888889 0.06528124999999996 0.10447222222222222
2 0.6974375 0.04073611111111111 0.06193749999999998 0.07622222222222222
12 0.6526484375 0.6156666666666668 0.08417187500000001 0.1920000000000001
17 0.34332421874999997 0.5514513888888888 0.05558593749999998 0.13270833333333326
7 0.6189765625 0.3891805555555556 0.05876562500000002 0.23099999999999996
18 0.28209375 0.40702777777777777 0.05157812499999999 0.15538888888888888
19 0.79558984375 0.42264583333333333 0.040023437500000016 0.07793055555555557
17 0.8542890625 0.30643055555555554 0.0743281249999999 0.12197222222222218
17 0.7178125000000001 0.18305555555555558 0.13609375000000004 0.175
18 0.5623007812499999 0.18811111111111112 0.1460078124999999 0.26238888888888884
18 0.558625 0.036041666666666666 0.13023437500000004 0.07208333333333333
4 0.6467734375 0.04652777777777778 0.07146875000000001 0.09063888888888888
2 0.24978125 0.9579861111111111 0.09418749999999995 0.08402777777777778
19 0.5421875 0.9604166666666667 0.1453125 0.07916666666666666
18 0.24533203124999997 0.9815277777777777 0.04764843750000001 0.03694444444444432
19 0.38093359374999997 0.8984305555555555 0.05422656249999998 0.09966666666666665
0 0.35437890625 0.6945416666666666 0.0841796875 0.11858333333333333
17 0.43672656249999997 0.9404722222222222 0.05845312499999995 0.1190555555555556
19 0.54568359375 0.6514513888888889 0.1335703125 0.21456944444444437
19 0.3925390625 0.4694722222222222 0.18117187499999998 0.46458333333333335
19 0.33709765625 0.8290625000000001 0.0841796875 0.16656944444444452
19 0.46529687499999994 0.7923680555555556 0.13817187500000006 0.1946527777777778
8 0.78289453125 0.5960833333333333 0.1889765624999999 0.2513333333333333