19 0.356640625 0.9784722222222222 0.11875 0.043055555555555555
17 0.5381328125 0.9270277777777777 0.08121875000000003 0.14594444444444435
12 0.7433867187500001 0.9298611111111111 0.09775781250000008 0.14027777777777778
17 0.45415234374999996 0.9043819444444444 0.09069531249999993 0.15801388888888887
18 0.63796484375 0.9665138888888889 0.13386718749999993 0.06697222222222227
18 0.66955078125 0.9104513888888889 0.08119531250000005 0.14304166666666668
12 0.19628515625 0.9514166666666667 0.08792968749999999 0.09716666666666672
19 0.30658203125 0.8883402777777778 0.03839843749999998 0.07726388888888903
19 0.23055859375 0.7849791666666666 0.07196093750000002 0.13695833333333318
18 0.24137890625000002 0.8727152777777777 0.05741406250000001 0.04595833333333322
19 0.2543125 0.9804722222222222 0.024124999999999997 0.039055555555555406
12 0.42273828125 0.7300972222222223 0.11247656250000002 0.2307499999999999
2 0.5482578124999999 0.7180277777777778 0.152546875 0.21861111111111114
7 0.718703125 0.5950694444444445 0.19635937499999995 0.4960555555555557
19 0.2804921875 0.6635416666666667 0.05998437499999998 0.10794444444444448
19 0.3441484375 0.589388888888889 0.069328125 0.14036111111111105
10 0.203390625 0.6317986111111111 0.08240625000000001 0.26734722222222224
2 0.27438671875000004 0.49597222222222226 0.1927890625 0.21000000000000008
19 0.42129296875 0.4521944444444444 0.06144531250000003 0.09519444444444439
17 0.423484375 0.5523333333333332 0.07198437500000003 0.07802777777777771
3 0.53496875 0.48059027777777785 0.08778124999999992 0.2345138888888889
11 0.5978749999999999 0.43922222222222224 0.051796874999999964 0.22933333333333333
17 0.4743984375 0.37202083333333336 0.06085937500000007 0.14009722222222223
19 0.50058203125 0.5252777777777777 0.07110156249999999 0.16386111111111112
18 0.1848984375 0.37322222222222223 0.079234375 0.12736111111111115
8 0.4197265625 0.3344513888888889 0.09362499999999999 0.14045833333333332
18 0.2804453125 0.26240972222222225 0.06876562499999998 0.09362499999999996
17 0.530546875 0.2715069444444444 0.08265624999999996 0.1248472222222222
17 0.61401171875 0.31572916666666667 0.07022656250000008 0.1508472222222222
17 0.7259765625 0.2430763888888889 0.08851562499999996 0.1489305555555556
18 0.42205078125 0.21783333333333335 0.10944531249999997 0.14541666666666664
17 0.5105351562499999 0.12671527777777777 0.08427343749999991 0.15918055555555555
17 0.5768085937499999 0.17181944444444444 0.07461718749999999 0.09674999999999999
19 0.65448046875 0.10263888888888889 0.1685390625 0.20527777777777778
19 0.4043046875 0.12381250000000002 0.08110937499999996 0.11423611111111111
14 0.2370703125 0.035986111111111115 0.078875 0.07197222222222223
17 0.30836328125 0.0198125 0.08191406250000002 0.039625
16 0.47218359374999996 0.06160416666666666 0.18505468749999995 0.12320833333333332