14 0.19210937499999997 0.6667638888888889 0.12031249999999998 0.23563888888888884
19 0.2191796875 0.9683333333333333 0.055859375 0.06333333333333321
16 0.38930468749999997 0.7001597222222222 0.22184375000000003 0.37379166666666674
12 0.7465546875 0.8225694444444445 0.169703125 0.2590277777777778
12 0.5557421874999999 0.7055902777777777 0.1229375000000001 0.17323611111111106
12 0.392734375 0.5079097222222222 0.08673437500000003 0.13129166666666664
19 0.557421875 0.9104166666666667 0.109375 0.17916666666666667
11 0.43348437500000003 0.4274861111111111 0.085875 0.11024999999999999
19 0.46715625000000005 0.8735833333333334 0.10431249999999999 0.1683888888888889
16 0.28651953125 0.5466875 0.0775390625 0.0715138888888889
19 0.25279296875 0.6390208333333334 0.049742187499999965 0.18206944444444442
18 0.8168984374999999 0.58225 0.03245312499999997 0.05216666666666659
16 0.7677343750000001 0.19347222222222224 0.228125 0.3869444444444445
14 0.4753359375 0.2773611111111111 0.07901562500000008 0.18111111111111108
19 0.2150390625 0.3441597222222222 0.07570312499999998 0.15168055555555554
8 0.3211328125 0.2171111111111111 0.23960937500000004 0.3113333333333333
16 0.594328125 0.10395138888888888 0.10112500000000005 0.20790277777777777
14 0.41441015625000005 0.09041666666666666 0.10258593749999996 0.18083333333333332
2 0.52480859375 0.057895833333333334 0.038976562500000075 0.11234722222222221
19 0.18286328125 0.19168055555555555 0.08107031249999999 0.14197222222222225
18 0.209125 0.06676388888888889 0.04681249999999999 0.13352777777777777
19 0.6364492187499999 0.6626388888888889 0.10007031249999994 0.1498055555555555
7 0.51306640625 0.5513750000000001 0.08558593749999996 0.14174999999999993
18 0.522515625 0.2692777777777778 0.04268750000000008 0.12466666666666665
12 0.5945625000000001 0.8265555555555556 0.05559375000000007 0.09233333333333336
7 0.6172421874999999 0.7628611111111111 0.047734374999999926 0.07402777777777772
18 0.5961953125 0.5505277777777777 0.08784375000000004 0.13352777777777775
3 0.5693164062499999 0.3746180555555556 0.09480468749999993 0.15034722222222222
19 0.18398828125 0.4663263888888889 0.09575781249999997 0.18726388888888895
17 0.4883828125 0.013215277777777779 0.03229687499999993 0.024958333333333332