12 0.324609375 0.9861111111111112 0.11484375 0.027777777777777776
19 0.47058203125000003 0.8519166666666667 0.17196093750000005 0.22561111111111118
19 0.25500781250000004 0.8167986111111112 0.0703125 0.10893055555555564
8 0.58568359375 0.8233750000000001 0.05733593750000008 0.2991666666666667
14 0.64962890625 0.8538611111111112 0.08252343750000009 0.17000000000000012
17 0.72418359375 0.8327152777777778 0.06235156249999996 0.12151388888888891
10 0.391765625 0.7687152777777778 0.08004687500000003 0.2232083333333334
17 0.426546875 0.6877847222222223 0.08148437499999997 0.16601388888888893
3 0.68853515625 0.5848194444444446 0.15725781249999998 0.4104722222222222
8 0.5802968749999999 0.5965486111111111 0.10342187500000008 0.1265416666666667
14 0.49168749999999994 0.6646736111111112 0.07723437499999992 0.1323194444444445
14 0.50188671875 0.5269236111111111 0.09107031249999994 0.16893055555555556
19 0.35573437500000005 0.5105555555555555 0.24976562500000005 0.18155555555555558
19 0.526578125 0.40058333333333335 0.06409374999999998 0.10672222222222226
14 0.6104296875 0.3697777777777778 0.10410937499999999 0.16544444444444445
19 0.25859765625 0.39458333333333334 0.08157031249999998 0.1033333333333333
17 0.8034804687499999 0.209375 0.10852343749999997 0.15986111111111112
17 0.56808203125 0.29484722222222226 0.09302343749999994 0.1006666666666667
11 0.44711328125000005 0.23518055555555553 0.1312421875 0.1778611111111111
12 0.275390625 0.27245138888888887 0.07859375000000002 0.21484722222222222
12 0.7031835937500001 0.11991666666666667 0.0669921875 0.23983333333333334
19 0.18933203125000003 0.11938194444444446 0.06530468750000003 0.13106944444444446
17 0.23393359375 0.06959027777777778 0.08478906249999998 0.13918055555555556
2 0.43011718749999994 0.11173611111111112 0.14242187499999998 0.22347222222222224
19 0.54559765625 0.19505555555555557 0.08005468750000003 0.1617777777777778
19 0.65290625 0.16383333333333333 0.040671874999999955 0.07394444444444445
3 0.41518359374999997 0.4651875000000001 0.07116406249999999 0.19226388888888898