19 0.710765625 0.9574930555555555 0.13445312499999992 0.08501388888888894
17 0.8069062499999999 0.9344999999999999 0.07974999999999995 0.13099999999999992
17 0.39001562500000003 0.9258888888888889 0.07835937500000001 0.1378055555555556
19 0.291515625 0.8826666666666666 0.13646875000000006 0.23466666666666672
19 0.4092421875 0.8389583333333335 0.07729687500000004 0.15958333333333347
15 0.5372265625 0.8734722222222223 0.18335937500000005 0.23250000000000012
19 0.44867187499999994 0.7158958333333334 0.11078124999999997 0.19484722222222217
18 0.6580078125 0.6128819444444444 0.09578124999999993 0.21729166666666672
18 0.4666796875 0.49934027777777784 0.12023437500000007 0.2484027777777778
18 0.5621679687500001 0.6329097222222223 0.12707031250000006 0.16501388888888882
15 0.39187500000000003 0.4346527777777778 0.08734375000000001 0.2690277777777777
19 0.6533203125 0.18209722222222224 0.32507812499999994 0.3641944444444445
19 0.548921875 0.29393749999999996 0.11995312499999997 0.20740277777777782
17 0.47976171875 0.3349652777777778 0.04739843750000006 0.09673611111111108
17 0.454640625 0.2840555555555555 0.07785937500000006 0.12799999999999995
19 0.42540625 0.15833333333333333 0.08051562499999995 0.17861111111111114
12 0.5244531250000001 0.1681597222222222 0.08531250000000004 0.1565972222222222
19 0.32341406250000004 0.3797222222222222 0.04664062500000003 0.09250000000000003
8 0.329453125 0.12257638888888889 0.10434374999999996 0.14668055555555556
18 0.4721875000000001 0.045826388888888896 0.05265625000000007 0.08970833333333333
8 0.416015625 0.03857638888888889 0.07256250000000004 0.07715277777777778