19 0.55657421875 0.9716944444444444 0.09122656249999998 0.0566111111111111
4 0.373828125 0.9486111111111111 0.08671875 0.10277777777777777
19 0.3440625 0.9740694444444443 0.0546875 0.051861111111111
19 0.2814140625 0.9056388888888888 0.12478125000000002 0.18872222222222237
19 0.344609375 0.8549722222222222 0.042343750000000034 0.032972222222222236
19 0.4478671875 0.8883263888888888 0.017515625000000055 0.0292638888888888
3 0.24967578124999998 0.7088125000000001 0.14010156250000003 0.21081944444444448
19 0.36245312499999993 0.7185625 0.12164062500000003 0.364625
19 0.67244140625 0.7807569444444444 0.08550781250000003 0.17965277777777772
19 0.51750390625 0.6307916666666666 0.26488281249999995 0.454
19 0.5820390625 0.8236249999999999 0.03925000000000001 0.07502777777777775
18 0.7105273437499999 0.6695833333333334 0.12060156249999991 0.2361111111111111
19 0.40748828125000003 0.40747916666666667 0.09789843749999996 0.17873611111111115
12 0.50059375 0.3968611111111111 0.12770312500000003 0.2113888888888889
19 0.381359375 0.31594444444444447 0.08868749999999999 0.1282777777777778
19 0.31034765625 0.28544444444444445 0.07633593750000003 0.11538888888888886
19 0.358359375 0.18451388888888892 0.08046875 0.14013888888888887
14 0.20953125 0.12563194444444445 0.06593749999999998 0.23568055555555556
19 0.7362968750000001 0.2165763888888889 0.09806249999999998 0.1635138888888889
7 0.59375390625 0.13752777777777778 0.08953906249999992 0.1555
19 0.549859375 0.35589583333333336 0.010734375000000008 0.034347222222222244
19 0.43641015625 0.15722222222222224 0.0937578125 0.16416666666666668
19 0.36230859375 0.06179861111111111 0.08757031249999998 0.12359722222222222
19 0.44004296875 0.041652777777777775 0.09488281250000004 0.08330555555555555
19 0.51265234375 0.08617361111111112 0.10391406249999999 0.08265277777777777
19 0.534359375 0.05996527777777778 0.12878124999999993 0.11993055555555555
8 0.3066796875 0.041652777777777775 0.056656249999999984 0.08330555555555555
12 0.7373125 0.07919444444444444 0.12671874999999994 0.15838888888888888
19 0.8192539062499999 0.17980555555555558 0.014304687499999958 0.02438888888888889
19 0.26625390625 0.1502638888888889 0.03708593750000002 0.06813888888888889