18 0.639453125 0.8395833333333333 0.2765625 0.32083333333333336
2 0.28046875 0.9347222222222222 0.084375 0.13055555555555556
19 0.403671875 0.9509027777777778 0.1578125 0.0981944444444445
19 0.49567578124999995 0.8345277777777778 0.09597656249999993 0.1511388888888888
17 0.44314453125000003 0.6633888888888889 0.07824218750000007 0.13447222222222213
19 0.51369140625 0.7015 0.06752343750000005 0.08613888888888895
17 0.7228320312500001 0.6536805555555556 0.07222656250000004 0.09994444444444449
19 0.63808984375 0.7057638888888889 0.06163281250000008 0.11930555555555561
19 0.5556796875000001 0.555 0.11535937500000007 0.23125
18 0.42098828125 0.8000555555555555 0.07097656249999998 0.1372499999999999
16 0.39484375 0.5902222222222223 0.07578125 0.14961111111111114
17 0.74100390625 0.5524861111111111 0.08949218749999996 0.12686111111111115
15 0.21182421875 0.49871527777777774 0.10447656250000001 0.18095833333333328
18 0.43955859375 0.42525694444444445 0.03335156250000004 0.08754166666666663
2 0.552921875 0.4229236111111111 0.13165624999999997 0.12284722222222229
19 0.7592226562500001 0.25575 0.1721796874999999 0.45905555555555555
16 0.47871484375 0.2630972222222222 0.1013671875 0.15675000000000003
14 0.5140781249999999 0.3305138888888889 0.09762500000000003 0.11186111111111113
16 0.18778125 0.33447916666666666 0.09143749999999999 0.1755694444444444
19 0.2788515625 0.30269444444444443 0.074609375 0.2197777777777778
9 0.323671875 0.21791666666666668 0.07234375000000001 0.29833333333333334
17 0.61189453125 0.3184097222222222 0.08046093750000001 0.11920833333333335
17 0.47846874999999994 0.9388055555555557 0.07384374999999999 0.07152777777777777
17 0.6550039062499999 0.22914583333333333 0.056882812499999956 0.1024583333333333
10 0.6025390625 0.13493055555555555 0.09632812499999996 0.1995833333333333
18 0.44565234375000007 0.18489583333333334 0.06849218750000005 0.12645833333333334
17 0.43003515624999994 0.025986111111111113 0.07549218750000004 0.051972222222222225
19 0.25421875000000005 0.4082916666666666 0.06678125000000001 0.07969444444444444