19 0.44847656249999995 0.947388888888889 0.11117187499999996 0.1052222222222222
17 0.322765625 0.9497430555555556 0.076953125 0.10051388888888874
19 0.732390625 0.9480208333333332 0.016453124999999957 0.03306944444444437
19 0.39144921875 0.917513888888889 0.08527343749999998 0.14972222222222215
19 0.43525 0.8455069444444446 0.10681250000000002 0.1397916666666668
19 0.75266796875 0.8844097222222221 0.08307031249999994 0.11076388888888888
10 0.5683046875 0.8833055555555556 0.12168749999999999 0.23338888888888884
10 0.6792890625 0.7276041666666667 0.07284375000000001 0.2822638888888889
2 0.5675234375 0.7730486111111111 0.15131250000000004 0.22604166666666667
19 0.27267578124999997 0.9614583333333333 0.044570312499999966 0.07708333333333334
19 0.80423828125 0.8652152777777778 0.03464843749999993 0.04065277777777775
4 0.30808203125 0.6619166666666666 0.28372656250000006 0.455
19 0.4425078125 0.7113055555555555 0.11274999999999995 0.23736111111111116
14 0.49534374999999997 0.6044375000000001 0.1452031250000001 0.31809722222222225
10 0.51476171875 0.6086944444444444 0.10185156249999991 0.14327777777777773
12 0.74704296875 0.6980833333333334 0.09494531249999998 0.11866666666666674
19 0.25367578125 0.41003472222222226 0.05764843749999997 0.2453472222222222
19 0.3811640625 0.4176458333333333 0.057687500000000023 0.057097222222222244
2 0.45438671875000003 0.30895833333333333 0.08325781249999994 0.22891666666666668
19 0.5211953125 0.3934097222222222 0.08800000000000008 0.11612500000000002
19 0.32103515625 0.2856736111111111 0.09147656250000002 0.16923611111111114
19 0.6062070312500001 0.3965972222222222 0.018664062500000078 0.032972222222222236
19 0.50180078125 0.2188125 0.07592968750000004 0.10237499999999997
17 0.6064296875 0.22747916666666665 0.05448437500000001 0.10698611111111113
17 0.4498398437500001 0.03273611111111111 0.06378906250000008 0.06547222222222222
19 0.39717578124999997 0.1696527777777778 0.04450781250000002 0.05011111111111109
19 0.38148828125000006 0.019319444444444445 0.042804687500000015 0.034277777777777775
19 0.6093164062499999 0.035145833333333334 0.03857031249999991 0.06593055555555555