18 0.6034375 0.8447291666666668 0.12231249999999996 0.2741805555555556
19 0.6056171874999999 0.9542708333333333 0.106453125 0.09145833333333321
18 0.506640625 0.9069444444444444 0.0734375 0.18611111111111112
19 0.57951171875 0.8547569444444444 0.05257031249999997 0.129875
7 0.43759765625 0.9566041666666667 0.06828906250000007 0.08679166666666668
18 0.4221875 0.7517430555555555 0.0890625 0.10023611111111114
0 0.48977343749999996 0.6751805555555556 0.06368749999999998 0.15811111111111106
12 0.5636289062500001 0.6873263888888889 0.08116406250000008 0.14965277777777777
19 0.7422734375000001 0.9433333333333332 0.1921875000000001 0.1133333333333332
18 0.45736328125000003 0.5987638888888889 0.09542968750000007 0.11444444444444442
10 0.328375 0.5593333333333332 0.049093750000000026 0.13947222222222216
12 0.38059374999999995 0.4002986111111111 0.10953125000000004 0.17029166666666667
19 0.45862890624999997 0.4589027777777778 0.05571093749999996 0.1694166666666667
17 0.40049999999999997 0.5439444444444445 0.09148437499999998 0.09486111111111105
17 0.6816171875 0.2881319444444444 0.06670312500000009 0.10504166666666666
19 0.662546875 0.2932361111111111 0.15059375 0.1355555555555556
19 0.4512578125 0.29541666666666666 0.07146875000000001 0.15530555555555559
4 0.48459765624999995 0.19431944444444443 0.10955468750000001 0.20608333333333334
12 0.23771875000000003 0.1904861111111111 0.06971875000000001 0.1165277777777778
10 0.42337499999999995 0.056819444444444436 0.08004687500000003 0.11363888888888887
19 0.19985546875 0.036347222222222225 0.06289843749999999 0.07269444444444445
2 0.513671875 0.07593055555555556 0.10015625000000003 0.09575
19 0.5083359375000001 0.4687916666666666 0.04523437500000007 0.16863888888888884
18 0.35336328125 0.9885416666666667 0.022054687500000014 0.022916666666666665
19 0.43464843750000004 0.21310416666666668 0.045218750000000085 0.06273611111111113
0 0.48792578124999997 0.013354166666666667 0.04764843750000001 0.026708333333333334