7 0.6693046875 0.9784999999999999 0.04154687500000005 0.04300000000000005
19 0.259375 0.9354166666666667 0.0984375 0.12916666666666668
19 0.48695312500000004 0.8950416666666666 0.13156250000000008 0.14594444444444435
19 0.2058671875 0.9158472222222221 0.11395312500000002 0.12527777777777785
19 0.34033984375 0.886173611111111 0.11757031250000001 0.1890138888888888
17 0.6544765625 0.8329930555555557 0.08271875000000009 0.13662499999999986
19 0.67280859375 0.8988402777777778 0.04114843750000006 0.06890277777777763
19 0.5441835937499999 0.7770138888888888 0.13086718749999998 0.11713888888888878
19 0.74321875 0.775875 0.10660937500000003 0.1996388888888889
19 0.8217578124999999 0.7538611111111111 0.05618750000000006 0.30786111111111114
2 0.38516796875 0.6339166666666666 0.1912109375 0.3648333333333334
19 0.6430234375 0.7023819444444445 0.07046875000000004 0.2461527777777778
3 0.53610546875 0.6010694444444444 0.13103906250000003 0.2496944444444444
19 0.6269843749999999 0.5205138888888888 0.06912500000000002 0.10622222222222225
19 0.5710546875 0.4735555555555555 0.09271875000000004 0.14008333333333337
19 0.49535156250000006 0.39127777777777784 0.07829687500000002 0.20497222222222228
19 0.3975859375 0.44315277777777784 0.07107812499999996 0.10375000000000006
19 0.41379296875 0.37049305555555556 0.0907578125 0.14406944444444447
19 0.30390625 0.2854305555555555 0.12921875 0.2755833333333333
17 0.23107031249999999 0.4004375 0.05779687500000001 0.12834722222222217
17 0.41899218750000006 0.2590555555555556 0.08295312500000004 0.12088888888888892
17 0.224609375 0.1676875 0.06578125000000001 0.15593055555555552
3 0.59183984375 0.21688888888888885 0.3149140624999999 0.4285
19 0.29376953125000005 0.12375694444444443 0.06824218750000002 0.15295833333333334
12 0.37610546875 0.13958333333333334 0.09049218750000003 0.15825
18 0.198828125 0.04463194444444444 0.08901562500000001 0.079125
19 0.3583046875 0.03144444444444444 0.028187500000000032 0.05275
0 0.30416015625 0.020999999999999998 0.06527343749999996 0.041999999999999996