17 0.10978125000000001 0.9146875000000001 0.08629687499999998 0.14959722222222227
17 0.43396484375 0.9252847222222221 0.09567968750000003 0.12612499999999993
19 0.201953125 0.9659722222222222 0.08359375 0.06805555555555555
19 0.527546875 0.9297708333333332 0.07660937499999995 0.1404583333333335
19 0.45215625 0.7355486111111111 0.08584375000000008 0.20034722222222223
19 0.3205859375 0.7813611111111112 0.03265624999999996 0.027083333333333334
19 0.5402109375 0.715013888888889 0.12890625 0.26861111111111113
12 0.6360078124999999 0.8082986111111111 0.10220312499999995 0.22031944444444435
19 0.66399609375 0.9248194444444444 0.04921093750000001 0.08633333333333344
19 0.70148046875 0.8034097222222223 0.04875781250000007 0.1269861111111112
7 0.7567031249999999 0.7648750000000001 0.126828125 0.36552777777777784
14 0.23001171875 0.5862916666666667 0.07174218750000001 0.11980555555555554
19 0.272515625 0.6495555555555554 0.04146875000000003 0.2176111111111112
18 0.44674218750000005 0.52975 0.11421875000000004 0.29375
16 0.51178125 0.5938333333333333 0.1192499999999999 0.22183333333333338
2 0.6773125 0.5590972222222221 0.16109375000000004 0.2691666666666666
19 0.6517929687499999 0.5033680555555555 0.09808593749999997 0.11684722222222221
17 0.8341015624999999 0.5035486111111112 0.07887500000000003 0.18334722222222222
14 0.36256640625000003 0.5159444444444444 0.07592968750000004 0.1294444444444445
19 0.3050859375 0.4381041666666667 0.07562499999999997 0.20601388888888894
5 0.5643906249999999 0.3534583333333333 0.09421874999999993 0.16861111111111107
19 0.51023046875 0.40715972222222224 0.025789062499999994 0.06329166666666673
12 0.41155859375 0.35042361111111114 0.11121093749999997 0.1922916666666666
19 0.36556640625000003 0.40431944444444445 0.07175781250000002 0.13122222222222224
19 0.48081640624999994 0.29919444444444443 0.08189843749999995 0.10061111111111111
12 0.565609375 0.1646527777777778 0.12690625000000005 0.22152777777777777
19 0.6812812500000001 0.25800694444444444 0.023171875000000064 0.06740277777777774
7 0.39445312499999996 0.13652777777777778 0.209375 0.27305555555555555
19 0.7664609375 0.0680625 0.07785937500000006 0.136125
17 0.8660546874999999 0.07255555555555555 0.07078124999999993 0.1451111111111111
10 0.5973984375 0.03732638888888889 0.059656249999999925 0.07465277777777778
19 0.41792578125 0.06608333333333333 0.09302343749999994 0.13216666666666665
19 0.4958984375 0.023868055555555552 0.05687499999999997 0.047736111111111104