19 0.42499609375 0.8813749999999999 0.1390546875 0.1681944444444443
19 0.538453125 0.9595277777777778 0.11364062500000002 0.0809444444444444
3 0.6455390625 0.8162013888888888 0.23704687500000005 0.3675972222222223
19 0.3833046875 0.962 0.07582812499999995 0.07600000000000004
19 0.24581640624999998 0.9050277777777778 0.13052343749999998 0.1736111111111111
17 0.42178125 0.8191736111111111 0.09268750000000003 0.14551388888888886
10 0.636703125 0.6916666666666667 0.09145312499999995 0.26936111111111116
17 0.8255625 0.6208611111111112 0.08073437500000002 0.10513888888888895
19 0.5067265625 0.8959722222222221 0.05876562500000002 0.08277777777777764
19 0.5334101562500001 0.6409097222222222 0.17902343750000008 0.23904166666666668
17 0.31115625 0.7592152777777778 0.06492187500000002 0.1880972222222223
19 0.37036718750000003 0.7486944444444443 0.06664062500000001 0.11241666666666675
8 0.377671875 0.6608333333333334 0.11710937499999999 0.1033333333333333
19 0.22949609375 0.7220000000000001 0.14053906249999998 0.20319444444444437
19 0.28753515625 0.6024722222222223 0.05757031250000004 0.07097222222222226
14 0.23084375000000001 0.5649027777777778 0.06974999999999998 0.10847222222222225
12 0.269796875 0.46849999999999997 0.1055625 0.1617777777777778
19 0.365921875 0.4922916666666666 0.164640625 0.2824166666666667
18 0.5573671875 0.5507916666666667 0.13864062500000002 0.15463888888888894
19 0.4870859375 0.4425833333333333 0.07482812499999998 0.12661111111111106
19 0.6277734374999999 0.4037222222222222 0.054390624999999915 0.1122222222222222
18 0.34953124999999996 0.32718055555555553 0.08635937499999997 0.15100000000000005
19 0.41309765625 0.4008194444444445 0.11797656249999999 0.29508333333333336
18 0.39665234375 0.22364583333333335 0.048304687499999985 0.09090277777777776
19 0.46428906250000007 0.2631041666666667 0.030421875000000043 0.05720833333333333
19 0.5257226562499999 0.3247569444444444 0.12230468749999997 0.17034722222222218
12 0.5938320312500001 0.23729166666666665 0.0890703125 0.15458333333333335
18 0.6884765625 0.17076388888888888 0.17632812500000003 0.34152777777777776
10 0.8348125 0.3193263888888889 0.13065624999999992 0.19968055555555553
18 0.81166015625 0.17506249999999998 0.0873046875 0.23404166666666665
17 0.26277734374999995 0.18964583333333335 0.09866406249999997 0.19654166666666664
19 0.5848203125 0.4671111111111111 0.12314062499999992 0.21561111111111111
19 0.2993359375 0.13045138888888888 0.07757812499999997 0.12201388888888888
19 0.3170703125 0.05324999999999999 0.05476562500000002 0.089
17 0.21481640624999998 0.04159027777777778 0.08724218749999998 0.08318055555555556
17 0.48866015625000003 0.07852083333333333 0.07788281250000004 0.15704166666666666
19 0.28161328124999996 0.029881944444444444 0.035757812499999986 0.05976388888888889