19 0.21305859374999997 0.9494722222222223 0.08060156249999999 0.10105555555555554
9 0.485546875 0.9479166666666666 0.18125 0.10416666666666667
10 0.36796875 0.9770833333333333 0.05 0.04583333333333333
1 0.49233593750000004 0.7624166666666667 0.039640625000000006 0.08808333333333343
19 0.34850000000000003 0.7615277777777777 0.14085937499999995 0.3123333333333334
8 0.58659765625 0.7683611111111112 0.1241328124999999 0.21661111111111117
2 0.3274375 0.6213611111111111 0.09399999999999994 0.2491666666666667
18 0.45443359375 0.5746527777777778 0.15844531249999996 0.25658333333333333
17 0.5274687499999999 0.5550763888888889 0.08699999999999992 0.15876388888888882
19 0.6251484374999999 0.5146736111111112 0.36431249999999993 0.255986111111111
18 0.459640625 0.5443194444444444 0.13920312500000004 0.27036111111111105
17 0.71012109375 0.35535416666666664 0.06350781249999997 0.15320833333333334
12 0.5028359375 0.2618958333333333 0.05392187499999999 0.08101388888888887
18 0.59648046875 0.29943055555555553 0.039148437499999925 0.08672222222222221
19 0.45604296874999994 0.25390972222222224 0.025679687499999916 0.044958333333333336
18 0.4806796875 0.10701388888888888 0.15864062499999995 0.21402777777777776
17 0.40226562499999996 0.17299305555555555 0.06390624999999997 0.11595833333333334
19 0.26883203125 0.5220069444444445 0.0701171875 0.09990277777777787
3 0.52105078125 0.09978472222222222 0.1556640625 0.19956944444444444
12 0.20992187499999998 0.05990277777777779 0.081640625 0.11775000000000001