3 0.6645703125000001 0.9624791666666667 0.13117187500000008 0.07504166666666663
8 0.26753515625 0.8684027777777777 0.1743046875 0.26319444444444445
10 0.494140625 0.8951388888888889 0.0859375 0.20972222222222223
19 0.58911328125 0.9289722222222222 0.07780468749999994 0.1388333333333334
11 0.7002890625 0.744548611111111 0.036765624999999955 0.15031944444444448
0 0.45134375000000004 0.6243194444444445 0.09824999999999999 0.17511111111111116
2 0.8216171875 0.6732013888888889 0.08979687500000004 0.19943055555555553
18 0.31934765625 0.6800833333333333 0.05525781250000002 0.09263888888888887
12 0.2967109375 0.5943263888888889 0.05846875000000003 0.09601388888888888
3 0.60608984375 0.5182430555555555 0.06838281249999997 0.18040277777777775
7 0.6847421875 0.4217222222222222 0.21765624999999994 0.3802777777777777
5 0.41528515625000006 0.48615972222222226 0.05735156250000002 0.09804166666666671
3 0.2641171875 0.49209722222222213 0.191296875 0.2582500000000001
19 0.39182812499999997 0.8584722222222223 0.04921874999999996 0.07052777777777774
12 0.77177734375 0.6167152777777777 0.07621093750000005 0.13790277777777774
18 0.7725625 0.30586111111111114 0.08417187500000001 0.10447222222222226
18 0.3048125 0.26915972222222223 0.15884374999999995 0.1891805555555556
3 0.43347265625000003 0.38209722222222225 0.14928906249999999 0.20047222222222227
9 0.47081249999999997 0.2242013888888889 0.10954687500000002 0.2394583333333333
19 0.574109375 0.24329861111111112 0.11775000000000002 0.3059027777777778
19 0.3886953125 0.10056944444444443 0.08129687499999996 0.13886111111111113
19 0.59928515625 0.0791388888888889 0.07941406250000008 0.07341666666666666
0 0.497640625 0.06360416666666667 0.08576562499999998 0.11576388888888887
4 0.5746679687499999 0.04088194444444445 0.10005468749999995 0.0765138888888889
19 0.538375 0.5138611111111111 0.026218749999999957 0.08500000000000006
19 0.12076171875 0.2946736111111111 0.1258203125 0.5893472222222222