10 0.635546875 0.9236111111111112 0.128125 0.1527777777777778
8 0.72823828125 0.9485694444444445 0.11130468750000003 0.10286111111111104
19 0.38634765625 0.9033263888888888 0.24608593750000002 0.19334722222222228
19 0.22214062499999998 0.9389305555555555 0.06818749999999998 0.12213888888888896
19 0.60133984375 0.8354930555555556 0.06027343750000007 0.11545833333333348
19 0.5377890625 0.9240833333333333 0.08071874999999995 0.15183333333333324
8 0.6834374999999999 0.7682916666666666 0.12859374999999992 0.1793055555555555
12 0.8314648437500001 0.8203125 0.1197265625 0.23284722222222226
19 0.5026835937499999 0.7614375 0.14596093749999994 0.18681944444444443
19 0.32980859375000005 0.7415208333333333 0.21130468750000006 0.34745833333333337
19 0.639828125 0.7073402777777779 0.12323437500000001 0.17198611111111117
17 0.49092578124999997 0.5910555555555556 0.060632812499999925 0.14027777777777778
19 0.42944921875000003 0.5871388888888889 0.06674218750000005 0.18333333333333332
19 0.33021874999999995 0.5717222222222222 0.19546875000000002 0.19188888888888883
0 0.23357421875 0.43674999999999997 0.10774218749999998 0.15822222222222215
18 0.716734375 0.5288680555555556 0.35278125000000005 0.23884722222222227
19 0.5097890625000001 0.4010694444444444 0.13684375000000007 0.19461111111111112
3 0.62461328125 0.4319930555555556 0.1071171875000001 0.2431805555555556
19 0.43533203125000003 0.4690208333333334 0.2762109375 0.14993055555555562
19 0.76778125 0.42353472222222227 0.12939062499999993 0.12768055555555563
10 0.74762109375 0.24040972222222226 0.10638281249999997 0.2871527777777778
19 0.35392578124999996 0.30118750000000005 0.1658203125 0.30765277777777783
19 0.3903203125 0.261625 0.10517187500000005 0.30408333333333337
2 0.23546484374999999 0.1627986111111111 0.10749218750000003 0.26087499999999997
19 0.5025390625 0.16881944444444447 0.10242187499999993 0.1729166666666667
8 0.6491640625 0.12463194444444445 0.13432812500000005 0.17259722222222224
0 0.83914453125 0.052361111111111115 0.054367187500000115 0.07730555555555556
8 0.7569062499999999 0.02251388888888889 0.04243749999999995 0.04502777777777778
19 0.6411445312499999 0.04045138888888889 0.05974218750000002 0.08090277777777778
19 0.27828515625000005 0.06152083333333334 0.08422656249999996 0.12304166666666667
19 0.30827343749999997 0.15596527777777777 0.037203125000000004 0.10359722222222223
19 0.41003515625000003 0.06531944444444444 0.18539843749999996 0.1306388888888889
19 0.5305546875 0.04836111111111111 0.039390625000000054 0.06241666666666666
19 0.5751484375 0.018395833333333333 0.09954687500000006 0.03679166666666667