19 0.69965234375 0.8081944444444444 0.19850781249999994 0.3836111111111112
18 0.52588671875 0.8367152777777777 0.19936718750000004 0.3265694444444445
8 0.39557421875000004 0.8939166666666667 0.08014843749999997 0.21216666666666664
17 0.4611484375 0.6150694444444444 0.07959375000000009 0.1621388888888889
19 0.5560546875 0.4965555555555556 0.13671875 0.23625000000000004
19 0.4176875 0.47750000000000004 0.15840625 0.14316666666666672
18 0.20475000000000004 0.32663194444444443 0.087890625 0.21609722222222227
17 0.32957421875 0.28334027777777776 0.07024218749999997 0.16256944444444443
19 0.3943671875 0.24482638888888889 0.08493749999999997 0.14451388888888891
19 0.38101171875 0.36061805555555554 0.05125781250000001 0.0699027777777778
19 0.50484375 0.3196319444444445 0.15939062499999998 0.22923611111111114
19 0.6321640625 0.18119444444444446 0.154890625 0.18983333333333335
19 0.5301640625 0.1881666666666667 0.06204687500000006 0.08988888888888891
19 0.41248828125000003 0.05826388888888889 0.07435156250000001 0.11652777777777779
19 0.5051171875 0.10535416666666667 0.12648437500000007 0.13626388888888888
19 0.51058984375 0.050791666666666666 0.07002343750000009 0.10158333333333333
14 0.59021484375 0.03131944444444445 0.07928906250000001 0.0626388888888889
19 0.7613007812499999 0.021583333333333333 0.06235156249999996 0.043166666666666666
16 0.344640625 0.03206944444444444 0.09184374999999996 0.06413888888888888