19 0.39561328125000006 0.974923611111111 0.04361718750000003 0.050152777777777637
19 0.49609375 0.9701388888888889 0.0671875 0.059722222222222225
14 0.5789765625000001 0.9060486111111111 0.12281250000000003 0.18790277777777772
19 0.7248203125 0.8868055555555555 0.10384375000000005 0.20858333333333343
16 0.333984375 0.9305555555555556 0.0984375 0.1388888888888889
18 0.49325 0.7273819444444445 0.200390625 0.4058194444444445
0 0.8217890625000001 0.7860694444444445 0.06906250000000007 0.13250000000000012
19 0.6694531250000001 0.6671666666666667 0.10325000000000006 0.15530555555555547
17 0.34242578125 0.3694236111111111 0.06797656249999999 0.136625
17 0.38060546874999995 0.6125972222222222 0.07888281249999998 0.13802777777777778
10 0.7134296874999999 0.19708333333333333 0.14576562499999995 0.2361111111111111
3 0.85107421875 0.1739027777777778 0.11624218749999997 0.2649722222222223
19 0.45328125 0.2482361111111111 0.03439062499999999 0.08508333333333332
19 0.653046875 0.09907638888888888 0.14578124999999992 0.19815277777777776
19 0.27436328125 0.34602083333333333 0.0749921875 0.13037500000000002
19 0.387390625 0.12390972222222223 0.10212500000000002 0.1024583333333333
19 0.30301953125000003 0.05529861111111111 0.07572656250000005 0.11059722222222222
19 0.45906249999999993 0.0673263888888889 0.20656250000000004 0.1346527777777778
16 0.21358984374999998 0.4170347222222222 0.10553906250000003 0.16604166666666664
19 0.320625 0.496 0.07687499999999999 0.1539444444444445
14 0.43020703125 0.5281319444444444 0.10557031250000004 0.22570833333333332
17 0.48530859374999996 0.4947986111111111 0.05316406249999996 0.09437500000000007
3 0.51957421875 0.34234722222222225 0.09207031249999993 0.22352777777777783
19 0.6492304687500001 0.4805625 0.10010156250000009 0.22284722222222228
19 0.75478515625 0.5388333333333334 0.04963281249999998 0.11227777777777782