19 0.3480078125 0.8889166666666667 0.274109375 0.2221666666666667
13 0.17208984375 0.9857916666666666 0.0271484375 0.02841666666666672
19 0.7928242187500001 0.9754930555555555 0.08263281250000007 0.049013888888888836
14 0.16549609375 0.9015625 0.0849296875 0.14318055555555545
5 0.8164765624999999 0.8697708333333334 0.05956249999999992 0.12156944444444441
14 0.1620703125 0.7327152777777777 0.03757812500000002 0.21487500000000004
18 0.2615390625 0.742923611111111 0.16637500000000002 0.2802916666666666
12 0.44410937500000003 0.7155972222222222 0.13846875 0.2850000000000001
15 0.54951171875 0.8100138888888889 0.06236718749999994 0.21411111111111114
3 0.6529453125 0.6579722222222222 0.153515625 0.3018055555555555
19 0.45033593750000006 0.8813194444444444 0.030437500000000027 0.05597222222222216
19 0.5564140625 0.6599722222222222 0.08417187500000001 0.10294444444444445
19 0.20023828125 0.742611111111111 0.047429687500000005 0.04724999999999997
2 0.48041406249999996 0.40910416666666677 0.19723437500000002 0.8134861111111111
19 0.31310546875 0.5090486111111111 0.03528906249999997 0.07451388888888885
17 0.27450390625 0.49173611111111104 0.05183593750000002 0.09608333333333342
17 0.41578515625 0.4108541666666667 0.05735156250000002 0.07112500000000005
19 0.5331953125 0.29918750000000005 0.09385937500000008 0.14509722222222227
19 0.5204609375 0.1913541666666667 0.12904687500000006 0.1474305555555556
19 0.6941171875000001 0.21641666666666665 0.061875000000000034 0.102
2 0.3413984375 0.1354861111111111 0.08217187500000005 0.2709722222222222
19 0.29415625 0.15799999999999997 0.03970312500000004 0.08000000000000002
19 0.5244492187500001 0.06723611111111111 0.08469531250000006 0.13447222222222222
19 0.51187890625 0.03788888888888889 0.062210937500000084 0.07552777777777778