19 0.26209765625000003 0.983826388888889 0.06403906250000002 0.03234722222222217
16 0.35871484374999996 0.9272222222222223 0.10850781249999994 0.1455555555555555
12 0.53631640625 0.8933680555555555 0.12289843749999996 0.21326388888888884
14 0.2968828125 0.8487361111111111 0.06110937500000002 0.1898333333333334
18 0.6063632812499999 0.7405694444444444 0.058992187499999994 0.14147222222222217
3 0.369375 0.9818125 0.02546875000000002 0.036375000000000074
18 0.29398828125 0.5077777777777778 0.15032031249999997 0.2833333333333333
8 0.40715625 0.46779166666666666 0.16789062500000002 0.41877777777777775
2 0.8082421875 0.5628194444444444 0.12368750000000003 0.36191666666666655
3 0.51211328125 0.4419652777777777 0.052773437499999964 0.14984722222222221
16 0.5695234375 0.41951388888888885 0.08101562500000004 0.10494444444444437
5 0.6305859375 0.3236388888888889 0.11460937500000004 0.1865277777777778
14 0.8196406250000001 0.3304166666666667 0.057062499999999974 0.12874999999999998
2 0.2732734375 0.146875 0.2707343750000001 0.29375
7 0.44562109375 0.3624652777777778 0.09436718749999998 0.11834722222222223
19 0.43390234375 0.43929166666666664 0.08046093750000001 0.13655555555555546
15 0.40495703125000004 0.18877083333333336 0.11727343750000005 0.3288472222222222
19 0.49141796875 0.09216666666666666 0.049507812499999915 0.06741666666666665
3 0.6099296875 0.10904861111111111 0.10110937500000006 0.14976388888888892
17 0.43348437500000003 0.015208333333333332 0.04740625000000005 0.030416666666666665