17 0.4984375 0.9701388888888889 0.096875 0.059722222222222225
8 0.41875390625 0.8846944444444444 0.11139843749999997 0.2243888888888888
18 0.1675546875 0.9687083333333334 0.022796875000000005 0.06258333333333325
14 0.3370234375 0.7935833333333333 0.10260937500000003 0.3041388888888889
2 0.54908203125 0.8838055555555554 0.12805468750000007 0.20605555555555574
12 0.8020234374999999 0.8443819444444444 0.06510937500000002 0.18445833333333325
19 0.5529804687500001 0.6773611111111111 0.2175703125 0.3193055555555555
8 0.26094921875 0.6445138888888888 0.045242187499999975 0.05683333333333328
19 0.4166718749999999 0.6539236111111112 0.05625 0.17920833333333339
19 0.29943359375 0.6156597222222223 0.14810156249999995 0.14823611111111112
3 0.25876171875 0.465875 0.18527343749999997 0.27447222222222223
12 0.43112109375 0.49879166666666663 0.06603906249999998 0.12236111111111114
19 0.75046875 0.5752638888888889 0.03970312499999995 0.0635277777777778
19 0.5007578125000001 0.4494236111111112 0.09926562499999995 0.15443055555555563
2 0.64112109375 0.4639305555555555 0.1880703125 0.2579166666666667
3 0.66097265625 0.43484027777777784 0.12132031249999997 0.1254305555555555
19 0.4746015625 0.25486805555555553 0.04499999999999993 0.11293055555555556
18 0.28413671875 0.1809513888888889 0.07827343750000004 0.20504166666666665
2 0.36353125 0.15347916666666667 0.08581250000000003 0.16970833333333332
18 0.20089843749999997 0.25761805555555556 0.029921874999999987 0.07529166666666663
10 0.68049609375 0.08496527777777778 0.09705468750000001 0.1649027777777778
19 0.8575156249999999 0.07427777777777776 0.09375 0.12352777777777778
19 0.7747421875 0.5028958333333334 0.05614062499999992 0.09940277777777769
2 0.6224609375 0.16527777777777777 0.20382812500000008 0.33055555555555555
15 0.49906640625000004 0.0792638888888889 0.1075078125000001 0.14491666666666667
18 0.37967968750000003 0.03892361111111111 0.06854687500000001 0.07784722222222222
2 0.23717968749999999 0.9117222222222223 0.11648437500000001 0.1765555555555554
19 0.12076171875 0.2946736111111111 0.1258203125 0.5893472222222222