19 0.99477734375 0.01670138888888889 0.010445312499999915 0.03340277777777778
19 0.5521328125 0.9466388888888888 0.11957812499999995 0.10672222222222211
19 0.75591015625 0.9676319444444443 0.14150781250000008 0.06473611111111097
19 0.19392578124999998 0.9044513888888888 0.1846171875 0.1910972222222221
10 0.28479296875 0.9321180555555556 0.13302343749999998 0.13576388888888888
19 0.374734375 0.9552222222222222 0.080765625 0.08955555555555558
19 0.41162890625 0.8961458333333334 0.06144531250000003 0.20770833333333327
17 0.46136718750000005 0.9282569444444443 0.08157812500000006 0.10848611111111098
19 0.36758203125 0.7915069444444445 0.06655468750000004 0.19240277777777773
19 0.50418359375 0.8855972222222223 0.04828906249999996 0.07780555555555553
19 0.59803515625 0.8892152777777778 0.0369140625 0.07404166666666659
19 0.53384375 0.7184097222222222 0.08699999999999992 0.15734722222222217
18 0.46061328125 0.7098402777777778 0.029648437500000034 0.06020833333333329
10 0.5932265624999999 0.6205902777777778 0.17620312499999996 0.12381944444444441
19 0.43778515625000003 0.5353611111111112 0.05557031250000009 0.10233333333333341
19 0.49265234375 0.483875 0.08625781250000006 0.24263888888888896
19 0.4066640625 0.4171527777777778 0.10635937499999995 0.1654166666666667
19 0.44766015625 0.44828472222222226 0.026242187499999937 0.05184722222222228
19 0.5542187500000001 0.5615694444444445 0.03821875000000006 0.05686111111111119
3 0.730421875 0.44709722222222226 0.07462499999999998 0.18527777777777774
10 0.31575000000000003 0.5103402777777778 0.16920312500000004 0.11098611111111106
19 0.27757812499999995 0.41736805555555556 0.11031250000000004 0.11084722222222215
19 0.5496874999999999 0.465 0.12703124999999993 0.20694444444444443
3 0.5968242187499999 0.28539583333333335 0.11878906249999996 0.26218055555555553
19 0.42744140625 0.2770902777777778 0.11121093749999997 0.1060972222222222
19 0.32940234375 0.2139375 0.11057031249999998 0.2906527777777778
18 0.3981796875 0.17548611111111112 0.10067187500000001 0.11791666666666667
19 0.5160703125 0.12345833333333334 0.07198437500000007 0.24691666666666667
19 0.44485156249999996 0.052263888888888894 0.11726562499999997 0.10452777777777779
18 0.11199218749999999 0.13903472222222224 0.10217187500000002 0.2780694444444445