3 0.41234374999999995 0.9497986111111112 0.09312500000000004 0.10040277777777773
10 0.532421875 0.9631944444444445 0.06015625 0.07361111111111111
17 0.69044140625 0.9459374999999999 0.08614843749999998 0.10812499999999987
3 0.420140625 0.8785277777777779 0.047218750000000045 0.08322222222222232
19 0.757578125 0.8235277777777777 0.17421875 0.30183333333333323
19 0.31180859375000003 0.7612777777777778 0.05705468749999998 0.09227777777777785
19 0.307953125 0.5882847222222223 0.11712499999999997 0.18270833333333328
19 0.50055859375 0.7155694444444445 0.04486718750000005 0.07975000000000002
0 0.5684921875 0.6790902777777778 0.06095312499999998 0.09881944444444442
3 0.3910546875 0.5017152777777778 0.057515625 0.17095833333333338
15 0.5527148437499999 0.5374027777777778 0.04830468749999994 0.1385833333333333
19 0.458515625 0.7313472222222223 0.0265625 0.041027777777777726
17 0.4711875 0.3850208333333333 0.10299999999999994 0.20976388888888886
19 0.6219257812500001 0.4546875 0.09255468750000002 0.1722916666666666
19 0.22829687499999998 0.3655694444444444 0.10046875000000002 0.1768888888888889
19 0.5408515625 0.508875 0.08454687500000002 0.24888888888888897
12 0.29812109374999995 0.2365486111111111 0.12891406249999998 0.23337499999999997
12 0.62969921875 0.19984027777777777 0.10783593749999998 0.2139305555555555
18 0.39332812500000003 0.19232638888888892 0.06990625000000002 0.11201388888888887
0 0.44180078125 0.17137499999999997 0.07249218749999997 0.17197222222222222
0 0.19851953125000002 0.03373611111111111 0.06553906250000001 0.06747222222222223
11 0.413265625 0.06747916666666667 0.046812500000000014 0.1331527777777778
14 0.511765625 0.08273611111111111 0.05160937499999996 0.10330555555555555
2 0.47478515625 0.03974305555555555 0.08980468750000004 0.0794861111111111
19 0.5804375 0.048409722222222215 0.07598437499999999 0.09681944444444443
19 0.28892578125 0.11449999999999999 0.09830468750000003 0.1737222222222222
18 0.11199218749999999 0.13903472222222224 0.10217187500000002 0.2780694444444445