11 0.6749375 0.6972083333333333 0.04764062500000001 0.1185833333333334
3 0.5349062499999999 0.5951944444444444 0.11857812499999998 0.30944444444444436
12 0.71236328125 0.7720208333333334 0.049226562499999994 0.08187500000000006
18 0.289375 0.39734027777777775 0.12073437499999998 0.16784722222222226
19 0.42028906250000003 0.3273263888888889 0.17153124999999997 0.2202361111111111
19 0.246296875 0.16363194444444445 0.08115625 0.2707916666666667
19 0.31459374999999995 0.27226388888888886 0.06528124999999996 0.10447222222222226
2 0.7164921875 0.13256944444444446 0.10642187500000003 0.2651388888888889
12 0.64603125 0.80625 0.08417187500000001 0.192
17 0.34067578125 0.7185138888888889 0.05558593749999998 0.1326944444444444
7 0.61103515625 0.5840069444444445 0.05875781250000003 0.23101388888888894
18 0.2805078125 0.5877361111111111 0.05157812499999999 0.15538888888888888
19 0.79029296875 0.6132361111111112 0.040023437500000016 0.0779166666666667
17 0.8569374999999999 0.5017222222222222 0.0743281249999999 0.12197222222222213
17 0.710046875 0.38221527777777775 0.1285 0.18137500000000004
18 0.5543476562499999 0.3614930555555555 0.13967968749999998 0.1810416666666667
18 0.58245703125 0.13131944444444443 0.17789843750000003 0.26263888888888887
4 0.651390625 0.23709027777777775 0.05159374999999997 0.10470833333333332
18 0.70134375 0.08695138888888888 0.04248437500000009 0.11765277777777777
0 0.3711875 0.0692986111111111 0.07279687500000005 0.134125
19 0.42113281250000006 0.12271527777777777 0.06945312500000003 0.15623611111111113
19 0.4741289062500001 0.13843055555555556 0.042882812500000075 0.09883333333333333
18 0.45758203125 0.02479861111111111 0.05736718750000005 0.04959722222222222
0 0.355171875 0.8780694444444445 0.08893750000000003 0.11858333333333348
19 0.5504492187500001 0.8462708333333334 0.1335703125 0.21456944444444445
19 0.398109375 0.667111111111111 0.1954375 0.46458333333333324
19 0.34439453124999997 0.9669444444444444 0.06964843749999998 0.06611111111111098
19 0.45868359375 0.9534027777777777 0.11700781249999999 0.09319444444444432
8 0.7806054687499999 0.8156388888888889 0.1889765624999999 0.2513333333333334