17 0.25674609375 0.9762569444444444 0.07172656249999995 0.04748611111111119
14 0.453125 0.98125 0.0546875 0.0375
7 0.5569804687500001 0.9725486111111111 0.04697656250000008 0.05490277777777774
19 0.35852734374999995 0.9637291666666666 0.1337265625 0.0725416666666667
12 0.477453125 0.920611111111111 0.08210937499999993 0.15877777777777768
19 0.22171484375 0.8538263888888888 0.08205468749999997 0.1429583333333334
19 0.40259765625000005 0.8196111111111111 0.11514843749999995 0.21452777777777782
13 0.5480546875 0.7690347222222222 0.2137812499999999 0.22318055555555563
8 0.5111874999999999 0.7585694444444444 0.11137499999999996 0.22544444444444436
17 0.32700390625 0.694875 0.11139843750000003 0.18038888888888888
17 0.4455703125 0.6880000000000001 0.05073437500000004 0.1196111111111112
19 0.41966015624999997 0.6183958333333334 0.0341796875 0.07059722222222228
19 0.53240625 0.5945069444444445 0.14057812500000005 0.16940277777777782
19 0.8421757812499999 0.6239027777777777 0.0228515625 0.04513888888888889
19 0.51836328125 0.4717361111111111 0.07169531249999998 0.10980555555555548
16 0.3518203125 0.4540208333333333 0.12242187500000004 0.24326388888888886
19 0.4355859375000001 0.38728472222222216 0.04312500000000004 0.07462500000000002
17 0.62314453125 0.4378263888888889 0.09816406250000007 0.10309722222222224
17 0.756578125 0.3564583333333333 0.05407812500000002 0.14036111111111108
10 0.7030507812500001 0.4083819444444444 0.053054687500000065 0.1971527777777778
17 0.40476171875 0.3066319444444444 0.09596093749999998 0.09804166666666671
19 0.29226171875 0.3252638888888889 0.047429687500000026 0.07647222222222226
19 0.49586328125 0.25506944444444446 0.07278906250000006 0.12352777777777778
8 0.78190625 0.25427777777777777 0.03650000000000002 0.17922222222222217
12 0.67222265625 0.22683333333333333 0.2095546875 0.31255555555555553
12 0.2911328125 0.13215972222222222 0.12023437499999998 0.18818055555555557
19 0.40030859375 0.19291666666666663 0.1046953125 0.11750000000000001
19 0.5403593750000001 0.13665277777777776 0.10931250000000006 0.21447222222222218
19 0.37917187500000005 0.10251388888888889 0.06507812500000001 0.07255555555555557
19 0.45968749999999997 0.12212500000000001 0.08492187500000004 0.1509722222222222
19 0.72439453125 0.03682638888888889 0.029773437499999923 0.05490277777777778
19 0.48450390624999995 0.029201388888888888 0.09925781249999996 0.058402777777777776
19 0.41391796875000003 0.021354166666666667 0.04191406250000003 0.042708333333333334
10 0.2103671875 0.0546875 0.04312500000000001 0.109375
10 0.25999999999999995 0.026256944444444447 0.05415624999999995 0.052513888888888895
19 0.365328125 0.018416666666666668 0.050843750000000035 0.036833333333333336