12 0.42866796875 0.9632152777777777 0.06938281249999996 0.07356944444444448
17 0.22839453125000003 0.9691944444444444 0.07055468749999998 0.06161111111111097
17 0.5143085937499999 0.9863055555555555 0.04246093749999993 0.027388888888888928
17 0.574296875 0.9329999999999999 0.09024999999999998 0.13400000000000004
19 0.18361328125 0.9844861111111111 0.02027343749999999 0.031027777777777665
19 0.5242109375 0.8147916666666668 0.08664062500000007 0.23591666666666677
17 0.4885 0.9372152777777779 0.054703124999999984 0.11684722222222238
17 0.19151953124999999 0.7751597222222222 0.06796093749999998 0.15165277777777786
10 0.2472890625 0.6911875 0.05804687499999996 0.3170138888888889
19 0.3986953125 0.6339166666666667 0.04954687499999997 0.07691666666666666
19 0.4858007812499999 0.62475 0.060789062499999956 0.07144444444444452
19 0.65933984375 0.6525624999999999 0.05161718749999995 0.08234722222222217
19 0.19698046875 0.5295347222222222 0.04838281249999998 0.15265277777777772
19 0.56671875 0.5250277777777779 0.02062500000000007 0.032055555555555615
19 0.43441015624999996 0.4867222222222222 0.059242187499999946 0.1098888888888889
19 0.25765234375 0.47618750000000004 0.07557031250000001 0.12056944444444437
19 0.49389843750000006 0.4715347222222222 0.10715625000000006 0.22512500000000005
19 0.54430078125 0.32058333333333333 0.08905468750000001 0.24677777777777773
19 0.23779296875 0.38574305555555555 0.11902343750000002 0.18479166666666663
19 0.38682812499999997 0.4270763888888889 0.028843750000000012 0.0347916666666666
19 0.37996484374999995 0.3654166666666667 0.03605468749999998 0.06044444444444442
19 0.41876953125 0.3358055555555556 0.02266406249999999 0.0421111111111111
19 0.280890625 0.16025694444444444 0.11881250000000003 0.23198611111111112
19 0.37296875 0.19841666666666666 0.06687500000000002 0.17711111111111108
19 0.4875 0.15902083333333333 0.17703124999999997 0.2814027777777778
17 0.47680078124999997 0.32634722222222223 0.0525390625 0.13552777777777775
17 0.75479296875 0.24130555555555558 0.06902343749999992 0.13461111111111113
17 0.4965703125 0.11554166666666667 0.07046875000000004 0.1098888888888889
10 0.7017890625 0.08853472222222222 0.06057812499999997 0.17706944444444445
19 0.32101953125000005 0.04179861111111111 0.0655234375 0.08154166666666668
19 0.7673125000000001 0.0879513888888889 0.05810937500000009 0.11670833333333333
19 0.49903906249999996 0.03202083333333333 0.05068750000000009 0.04395833333333333
2 0.513875 0.02370138888888889 0.19409375000000004 0.04740277777777778
12 0.8303593749999999 0.02370138888888889 0.09271874999999996 0.04740277777777778