18 0.546875 0.9125 0.3578125 0.175
19 0.24987109375000002 0.8429583333333335 0.06088281250000005 0.3140833333333332
7 0.1931640625 0.976861111111111 0.041015625 0.04627777777777769
17 0.22644921875000001 0.8812152777777776 0.13899218749999998 0.11993055555555543
2 0.36111328125000003 0.7898124999999999 0.08474218750000002 0.4203750000000001
2 0.4879296875 0.8299652777777778 0.12440625000000001 0.13368055555555555
2 0.6864999999999999 0.7663750000000001 0.06589062499999994 0.17327777777777775
19 0.39002734375 0.8599722222222224 0.043679687499999974 0.1253055555555556
19 0.81024609375 0.7413819444444445 0.08471093749999996 0.11529166666666665
12 0.22498437500000001 0.7302638888888888 0.14029687500000004 0.21486111111111117
12 0.75825390625 0.6122152777777777 0.1916953124999999 0.35448611111111106
19 0.4348906250000001 0.7441041666666667 0.05850000000000009 0.38737500000000014
19 0.349171875 0.5405555555555556 0.13235937499999997 0.22941666666666677
19 0.35755468749999997 0.51075 0.07279687500000005 0.1941111111111111
19 0.47358593750000005 0.46704166666666674 0.07279687500000005 0.16625000000000006
17 0.568546875 0.4705555555555555 0.07168749999999999 0.16863888888888884
17 0.5056796875 0.34506944444444443 0.05845312499999995 0.08038888888888888
17 0.40178125 0.29252083333333334 0.05845312499999995 0.08823611111111107
19 0.42075781249999994 0.41468055555555555 0.05625 0.06666666666666667
19 0.6254453125 0.24540277777777778 0.17864062500000005 0.29775
19 0.48373046875 0.2946666666666667 0.046320312499999974 0.052944444444444454
19 0.533453125 0.21594444444444447 0.07409374999999993 0.13450000000000004
19 0.42346874999999995 0.15890277777777778 0.14587500000000003 0.2655277777777778
19 0.7367812499999999 0.22061805555555555 0.06565624999999997 0.12706944444444446
2 0.3546875 0.2149861111111111 0.09926562499999995 0.26524999999999993
19 0.434453125 0.021590277777777778 0.041031249999999984 0.043180555555555555
19 0.50724609375 0.1078888888888889 0.06485156249999999 0.17647222222222222
17 0.483421875 0.06277083333333333 0.07809375000000003 0.12554166666666666
19 0.5423203125 0.11335416666666666 0.11117187499999996 0.22670833333333332