17 0.34010546875 0.940763888888889 0.06797656249999999 0.11847222222222216
10 0.70234765625 0.7789861111111112 0.14577343749999994 0.2361111111111111
3 0.84048046875 0.7718402777777779 0.11624218749999997 0.26498611111111103
19 0.44886328124999997 0.8178611111111111 0.034398437499999976 0.08508333333333332
19 0.6520703125 0.6320972222222222 0.15101562499999996 0.273361111111111
19 0.27763671875 0.9168263888888889 0.0749921875 0.13037499999999985
19 0.38378125 0.6984375 0.10212500000000002 0.1024583333333333
19 0.297859375 0.6275763888888889 0.07571874999999997 0.11059722222222222
19 0.43896875 0.49998611111111113 0.286328125 0.42986111111111114
19 0.6316875000000001 0.46379166666666666 0.08565625000000007 0.1813055555555555
19 0.83096484375 0.5359930555555555 0.07474218750000006 0.10837499999999996
8 0.25561328125 0.4882083333333333 0.08478906249999998 0.18874999999999997
16 0.7350312499999999 0.38920138888888894 0.09615624999999994 0.17023611111111106
17 0.6718671875 0.43535416666666665 0.051203124999999974 0.12868055555555552
19 0.6855625000000001 0.2202638888888889 0.08840625000000006 0.16441666666666666
19 0.8778515624999998 0.1638888888888889 0.10367187499999986 0.26666666666666666
19 0.29241015625 0.3905208333333334 0.03932031250000003 0.07490277777777775
19 0.47679687499999995 0.2891666666666666 0.33203125 0.4488888888888888
16 0.7950742187500001 0.08798611111111111 0.10313281249999999 0.17597222222222222
19 0.47936328125000005 0.10466666666666667 0.11174218749999998 0.12511111111111112
19 0.5642968749999999 0.03184027777777778 0.08506250000000008 0.06368055555555556
19 0.46125390624999996 0.034 0.11921093749999993 0.068
19 0.3355390625 0.31940972222222225 0.058984375 0.13231944444444446
17 0.34562890625 0.02123611111111111 0.06875781249999999 0.04247222222222222
19 0.36003125 0.12362500000000001 0.09198437500000001 0.14480555555555558
16 0.20387109374999998 0.9588541666666667 0.09710156249999999 0.08229166666666667
3 0.51685546875 0.9023958333333334 0.09207031249999993 0.19520833333333326
19 0.64012890625 0.9707013888888889 0.10010156250000009 0.0585972222222223