19 0.44453125 0.9645138888888888 0.05437499999999993 0.07097222222222209
19 0.5744648437500001 0.9274444444444444 0.12147656250000001 0.14511111111111114
19 0.494140625 0.9729166666666667 0.05546875 0.05416666666666667
2 0.47555859375000004 0.7456805555555556 0.3215390625 0.4174166666666666
12 0.75471875 0.8232222222222223 0.13167187499999997 0.23972222222222217
16 0.23555859375 0.6993333333333334 0.10213281250000002 0.1617777777777778
19 0.28409375 0.6319999999999999 0.11829687499999997 0.26480555555555557
19 0.1923671875 0.6232708333333333 0.053593750000000016 0.08345833333333338
7 0.21966015625000002 0.38240277777777776 0.17916406250000003 0.3796388888888889
19 0.451296875 0.4881041666666667 0.07290624999999995 0.11454166666666671
14 0.5594375 0.3411458333333333 0.12864062500000006 0.2579305555555556
10 0.63609375 0.3928888888888889 0.11085937500000007 0.2180833333333333
17 0.34491796875 0.9127638888888889 0.08677343749999995 0.17447222222222208
17 0.28340234375 0.8179305555555555 0.08510156250000005 0.16991666666666655
16 0.36886718749999997 0.29151388888888885 0.10289062500000004 0.16997222222222222
19 0.5776953125 0.15006944444444445 0.040078124999999964 0.3001388888888889
19 0.3276953125 0.2788888888888889 0.06726562500000002 0.2422222222222222
19 0.3498046875 0.08401388888888889 0.09820312500000003 0.15275
16 0.6043671875000001 0.06999305555555556 0.11048437500000005 0.13998611111111112
17 0.4841796875 0.043256944444444445 0.09539062499999992 0.08651388888888889
19 0.6953515625 0.061562500000000006 0.095703125 0.12312500000000001
2 0.754984375 0.03079166666666667 0.06571874999999991 0.06158333333333334
13 0.26696875 0.22293749999999998 0.07503124999999997 0.11170833333333334