18 0.67703125 0.9822916666666667 0.028749999999999963 0.035416666666666666
8 0.20911718750000002 0.9568749999999999 0.11464062500000001 0.08624999999999987
18 0.5517578125 0.9325833333333332 0.11209375000000002 0.13483333333333322
12 0.7108125000000001 0.8073819444444446 0.12004687500000007 0.2159861111111111
19 0.41326953125 0.8634930555555554 0.15057031250000003 0.22023611111111102
12 0.4650625 0.7856388888888889 0.06995312499999998 0.12605555555555553
11 0.5587382812499999 0.6258194444444445 0.10611718749999995 0.12336111111111102
10 0.25051171875 0.5745972222222223 0.06363281250000004 0.282638888888889
9 0.3379296875 0.6343541666666667 0.23174999999999998 0.2520138888888889
18 0.46495312499999997 0.5555833333333333 0.09656249999999993 0.13111111111111107
18 0.45875000000000005 0.3312361111111111 0.31812500000000005 0.40836111111111106
18 0.31069921875 0.5181250000000001 0.0741171875 0.1150555555555556
10 0.5231796875000001 0.48682638888888885 0.054062500000000034 0.07798611111111108
17 0.5508437500000001 0.24106249999999999 0.05717187500000005 0.08498611111111111
3 0.581015625 0.16575694444444444 0.20015625000000004 0.19598611111111114
3 0.39440234375000005 0.1000277777777778 0.09371093750000004 0.18636111111111112
4 0.22128125 0.10144444444444445 0.04923437499999998 0.12705555555555553
2 0.23717968749999999 0.9117222222222223 0.11648437500000001 0.1765555555555554
19 0.12076171875 0.2946736111111111 0.1258203125 0.5893472222222222