19 0.65637890625 0.9417013888888889 0.12432031250000009 0.11659722222222228
19 0.42926562500000004 0.8474444444444444 0.286328125 0.3051111111111112
19 0.6271015625 0.8624305555555555 0.08565625000000007 0.1813055555555555
19 0.82975 0.9361180555555555 0.07473437499999998 0.1277638888888889
8 0.25317578125 0.8851041666666668 0.0751015625 0.18873611111111094
16 0.731390625 0.7710069444444444 0.09615624999999994 0.17023611111111103
17 0.672609375 0.829 0.051203124999999974 0.11216666666666665
19 0.6730234375 0.6049791666666667 0.08840625000000006 0.15356944444444437
19 0.8669296874999999 0.5715694444444444 0.10367187499999986 0.26666666666666666
19 0.289984375 0.7723125000000001 0.039328125000000026 0.07490277777777786
19 0.48026562500000003 0.674736111111111 0.33203125 0.44888888888888895
16 0.7855703125 0.4776944444444444 0.10314062499999999 0.17597222222222228
19 0.48123046875000003 0.4941180555555556 0.0982421875 0.11018055555555561
19 0.57426171875 0.36715277777777783 0.12147656250000001 0.17624999999999996
19 0.49891796875 0.3955138888888889 0.08503906249999993 0.10244444444444444
2 0.48931250000000004 0.1802777777777778 0.32153124999999994 0.35694444444444445
12 0.7702890625000001 0.23125 0.13167187499999997 0.23972222222222225
16 0.23895703125 0.11347916666666666 0.10213281250000002 0.16179166666666664
19 0.27535937499999996 0.07740972222222223 0.11829687499999997 0.15481944444444445
19 0.1892109375 0.04172916666666667 0.053593750000000016 0.08345833333333334
19 0.330078125 0.7037291666666667 0.058984375 0.1323194444444445
17 0.34952734375 0.34402777777777777 0.08677343749999995 0.18024999999999997
17 0.2851015625 0.22948611111111114 0.08509374999999997 0.1699166666666667
19 0.355953125 0.5213333333333333 0.09198437500000001 0.14480555555555555