15 0.59176953125 0.8803472222222223 0.16146093750000007 0.2393055555555555
18 0.23190625000000004 0.9353333333333335 0.08712499999999998 0.1293333333333332
10 0.682421875 0.93125 0.0796875 0.1375
16 0.37191406250000003 0.7150486111111112 0.09773437500000001 0.21545833333333342
8 0.46980859375 0.64775 0.16763281249999995 0.23369444444444443
0 0.4078046875 0.4797916666666667 0.06670312500000004 0.10841666666666659
14 0.27505078125 0.3603888888888889 0.06483593750000001 0.24458333333333337
12 0.6640039062499999 0.44485416666666666 0.08580468749999995 0.11687499999999997
18 0.395390625 0.3692222222222222 0.08190624999999999 0.1082222222222222
18 0.38971484375000004 0.2463888888888889 0.10180468749999996 0.11330555555555553
19 0.48499218749999995 0.2528611111111111 0.14814062499999991 0.2617777777777778
18 0.61185546875 0.2372708333333333 0.10003906249999997 0.3445416666666667
18 0.22303125000000001 0.09424305555555554 0.055593749999999977 0.18098611111111113
5 0.29749609374999997 0.10347222222222222 0.049070312499999956 0.08861111111111111
0 0.436609375 0.8452291666666666 0.07821875000000005 0.12509722222222214
17 0.33083984375000003 0.41961805555555554 0.05546093750000001 0.18640277777777783
19 0.5776796875 0.5969444444444445 0.16023437499999993 0.3128611111111112
19 0.8337148437499999 0.145625 0.13149218749999997 0.29125
3 0.34117968750000005 0.13250694444444444 0.08932812500000002 0.20679166666666665
3 0.61967578125 0.3399513888888889 0.0749921875 0.19648611111111114
12 0.32699609375 0.027291666666666665 0.08024218750000003 0.05458333333333333
12 0.65587109375 0.015402777777777777 0.05227343750000006 0.030805555555555555
19 0.12076171875 0.2946736111111111 0.1258203125 0.5893472222222222