19 0.47030859375 0.9786111111111111 0.0781328125 0.04277777777777771
19 0.524609375 0.9833333333333333 0.05 0.03333333333333333
12 0.3821015625 0.8783124999999999 0.1288125 0.24106944444444436
16 0.5023359375 0.8614513888888887 0.14110937499999993 0.23595833333333316
8 0.62775390625 0.7683402777777778 0.05028906249999991 0.10620833333333338
19 0.7713945312500001 0.7559374999999999 0.07569531250000008 0.1655694444444445
19 0.4623515625 0.7490972222222223 0.09792187499999994 0.12902777777777782
19 0.581828125 0.694625 0.10325000000000006 0.10355555555555548
17 0.8218710937500001 0.7073819444444445 0.07171093749999997 0.1596250000000001
8 0.65546875 0.48081944444444447 0.190234375 0.38636111111111104
14 0.7925156250000001 0.559673611111111 0.10500000000000007 0.17851388888888886
19 0.38741796875 0.6255069444444444 0.14907031249999997 0.14045833333333332
19 0.49748046874999996 0.5726041666666666 0.06039843749999996 0.06668055555555555
8 0.41328906249999997 0.5348333333333333 0.148625 0.21194444444444446
19 0.49164453124999996 0.4773055555555556 0.10311718750000001 0.15100000000000005
19 0.534828125 0.45877083333333335 0.05415624999999995 0.09623611111111106
19 0.7719414062500001 0.42256944444444444 0.08767968750000002 0.10461111111111102
12 0.43571484375 0.3282222222222222 0.05721093750000002 0.09886111111111108
19 0.3710390625 0.27278472222222216 0.11614062499999997 0.18612499999999996
9 0.5104609375 0.24816666666666667 0.16431249999999994 0.26855555555555555
19 0.7900390625 0.2861944444444445 0.06993749999999999 0.19849999999999995
10 0.60887109375 0.294875 0.13616406249999996 0.22669444444444448
8 0.732859375 0.19319444444444445 0.12446874999999995 0.32944444444444443
17 0.227734375 0.16597916666666665 0.056093749999999984 0.13112499999999996
19 0.41820312500000006 0.15374305555555554 0.08937500000000002 0.12276388888888887
9 0.7936171875 0.1104861111111111 0.10776562499999995 0.2209722222222222
17 0.3793554687499999 0.04240277777777778 0.07499218749999996 0.08480555555555556
19 0.60053515625 0.16659027777777777 0.08189843749999995 0.11845833333333336
19 0.6540234375 0.09284027777777777 0.06804687499999992 0.17568055555555556
19 0.70530078125 0.041652777777777775 0.06111718750000002 0.08330555555555555
19 0.5355703125 0.09558333333333333 0.05392187499999999 0.19116666666666665
19 0.49028906250000004 0.03215277777777777 0.038640625000000026 0.06430555555555555
19 0.430125 0.015493055555555555 0.02443749999999998 0.03098611111111111