19 0.39408203125 0.968375 0.05460156249999999 0.06324999999999995
15 0.5603046875 0.9522638888888889 0.09887499999999996 0.09547222222222224
19 0.66739453125 0.9576666666666667 0.08896093749999992 0.08466666666666672
19 0.467453125 0.8833749999999999 0.10832812500000007 0.23325000000000007
19 0.592953125 0.8389166666666666 0.191609375 0.21422222222222223
18 0.503375 0.7183541666666667 0.09268750000000008 0.20787500000000003
11 0.4001953125 0.6855555555555556 0.14923437499999997 0.15772222222222215
12 0.43919921875000006 0.605375 0.09963281249999997 0.14219444444444443
19 0.5139453125 0.5561944444444444 0.07890625 0.12880555555555556
18 0.24523437499999998 0.5878263888888889 0.09128125000000002 0.15176388888888886
14 0.75026171875 0.7607222222222221 0.051070312499999916 0.05569444444444432
19 0.6453320312499999 0.5417847222222223 0.08228906249999994 0.21884722222222214
7 0.6971328125 0.5794722222222223 0.11425 0.2657777777777779
13 0.19183203125 0.5192291666666667 0.13835156250000002 0.2148472222222223
17 0.25594140625 0.43218055555555557 0.06733593750000004 0.0970833333333333
19 0.39184765625 0.3316736111111111 0.1967734375 0.4519583333333333
3 0.5108359375 0.4190277777777778 0.12131249999999998 0.21397222222222226
17 0.59143359375 0.38652083333333337 0.06572656250000009 0.17976388888888886
19 0.7246796874999999 0.41565972222222225 0.046546874999999946 0.06659722222222228
19 0.550390625 0.27347222222222217 0.06687499999999993 0.12694444444444442
19 0.61942578125 0.17868055555555556 0.18166406249999997 0.11569444444444446
14 0.76712890625 0.1691597222222222 0.09660156249999999 0.24331944444444445
19 0.293109375 0.3710347222222222 0.04704687500000002 0.11359722222222221
19 0.18748046874999996 0.2950833333333333 0.07158593749999997 0.1835555555555555
19 0.2744609375 0.3216666666666667 0.14187500000000003 0.16602777777777777
19 0.5075546875000001 0.2066388888888889 0.04564062500000006 0.0786388888888889
10 0.46049609374999995 0.12315972222222221 0.0859453125 0.1333194444444444
19 0.52369140625 0.07297222222222222 0.0859453125 0.14080555555555554
10 0.60247265625 0.04847222222222222 0.09016406250000006 0.09694444444444444
18 0.72044140625 0.030493055555555554 0.10869531250000009 0.06098611111111111
19 0.3614921875 0.10239583333333332 0.154203125 0.20479166666666665
19 0.2452109375 0.08666666666666667 0.15251562500000002 0.17333333333333334
19 0.24858203125 0.06719444444444445 0.10700781250000002 0.1343888888888889