19 0.3475390625 0.9845486111111111 0.08960937500000003 0.03090277777777778
17 0.37113671875 0.9159236111111112 0.058242187499999966 0.1229583333333333
17 0.5025000000000001 0.6870208333333333 0.074609375 0.1308472222222222
14 0.46600390625 0.6055555555555555 0.1035234375 0.24222222222222228
3 0.2809296875 0.6323194444444444 0.18354687500000003 0.24047222222222212
12 0.26376953125 0.4722847222222222 0.07814843749999997 0.13637500000000008
11 0.44330468749999996 0.4393472222222222 0.14762500000000003 0.19849999999999995
0 0.55312109375 0.3773194444444445 0.05289843750000003 0.17105555555555552
11 0.46499609375000006 0.3832222222222222 0.12082031250000007 0.3601944444444443
14 0.29796875 0.42477777777777775 0.16578125000000005 0.34822222222222227
2 0.3695703125 0.2999236111111111 0.08567187499999998 0.15104166666666666
17 0.50165234375 0.11390972222222222 0.08189843749999995 0.15587499999999999
7 0.28567968749999995 0.12363194444444442 0.19223437499999999 0.21615277777777778
18 0.420640625 0.1191111111111111 0.08762500000000002 0.15280555555555553
10 0.6265703125 0.03274305555555555 0.06571874999999991 0.0654861111111111
14 0.8123046875 0.023125 0.07507812499999993 0.04625
8 0.603125 0.7620833333333334 0.0796875 0.14833333333333326
17 0.3903359375 0.7507499999999999 0.08874999999999997 0.09736111111111106
19 0.45928125 0.9845833333333333 0.1220625 0.030833333333333397
2 0.510296875 0.8017361111111111 0.08989062499999996 0.12099999999999984
2 0.606828125 0.6384791666666667 0.11837499999999998 0.21104166666666674
18 0.43143750000000003 0.30756944444444445 0.07085937500000003 0.22352777777777774
17 0.28740625000000003 0.3091111111111111 0.036968750000000036 0.07805555555555554
19 0.3983203125 0.6348263888888889 0.07548437500000005 0.13043055555555552