9 0.39828515625 0.9101111111111111 0.16219531250000002 0.17977777777777784
19 0.28060156249999996 0.8547499999999999 0.12856249999999997 0.29050000000000004
19 0.511765625 0.8788333333333334 0.07417187500000004 0.15605555555555542
19 0.56073046875 0.9663333333333333 0.07788281250000004 0.06733333333333336
19 0.63466796875 0.874701388888889 0.13599218749999994 0.24148611111111096
12 0.77564453125 0.805875 0.08038281249999998 0.17819444444444438
19 0.5557968750000001 0.7537222222222222 0.08157812500000006 0.05572222222222207
19 0.4753984375 0.7248402777777778 0.08282812499999999 0.10548611111111117
19 0.2584375 0.6166666666666667 0.09743750000000002 0.2135833333333333
8 0.5639921875 0.6613819444444445 0.16173437499999999 0.22281944444444454
19 0.47330078125 0.6294236111111111 0.03214843750000007 0.07629166666666659
17 0.44373046875 0.5795972222222221 0.06408593749999998 0.17213888888888895
10 0.3265625 0.6239097222222223 0.06637500000000003 0.3312083333333334
12 0.6355703125 0.5657013888888888 0.11973437499999999 0.23706944444444453
8 0.76996875 0.483125 0.13818750000000007 0.3763055555555556
12 0.5073593750000001 0.5727013888888889 0.07001562499999991 0.12087499999999997
19 0.2961796875 0.4286388888888889 0.1409375 0.20583333333333337
19 0.36920703125000004 0.5330763888888889 0.056523437500000016 0.10548611111111117
19 0.40405468750000006 0.4247777777777778 0.08407812499999996 0.13958333333333334
19 0.6101328125000001 0.49192361111111105 0.08321874999999998 0.11606944444444435
19 0.5971484374999999 0.26361111111111113 0.32039062499999993 0.5272222222222223
10 0.7057421875000001 0.34613888888888883 0.06710937500000007 0.17861111111111114
19 0.24582812499999998 0.29349305555555555 0.042906249999999965 0.12026388888888893
19 0.30339453125 0.276 0.09336718749999999 0.2566111111111111
12 0.38616406249999996 0.2672777777777778 0.09096875000000004 0.12838888888888889
19 0.38278125 0.13852777777777778 0.10681250000000002 0.13450000000000004
17 0.48069531249999997 0.13720833333333332 0.08307812499999993 0.15825
19 0.41275000000000006 0.0414375 0.06379687500000002 0.082875
19 0.31780859375000003 0.06649305555555556 0.0697265625 0.1329861111111111