19 0.99477734375 0.01670138888888889 0.010445312499999915 0.03340277777777778
19 0.5522421875 0.9304444444444444 0.053625000000000075 0.1364166666666667
19 0.39628515625 0.9614236111111112 0.06436718750000003 0.07715277777777771
19 0.34828515624999995 0.9668611111111111 0.04438281249999996 0.06627777777777781
18 0.293265625 0.9555486111111111 0.08379687499999999 0.08890277777777776
19 0.2474765625 0.9366319444444444 0.083875 0.1267361111111111
18 0.186328125 0.9729166666666667 0.04453125 0.05416666666666667
6 0.3228984375 0.8126944444444444 0.126453125 0.21586111111111114
19 0.44437890625000004 0.8723472222222222 0.05910156250000007 0.1570833333333332
19 0.50449609375 0.8147152777777776 0.06027343750000007 0.10148611111111103
19 0.61136328125 0.8197847222222221 0.06858593749999997 0.1140694444444446
18 0.70340234375 0.7282638888888889 0.13517968749999998 0.35683333333333345
19 0.80985546875 0.7466458333333333 0.11122656249999992 0.1818472222222223
12 0.28001953125 0.5736666666666667 0.11863281250000002 0.20094444444444454
19 0.52266015625 0.6660138888888889 0.1257890625 0.19227777777777785
19 0.62930078125 0.6344513888888889 0.08639843749999994 0.2394583333333333
10 0.3509765625 0.5115763888888889 0.066015625 0.2145416666666667
19 0.4749296875 0.4597569444444444 0.19810937499999998 0.2278194444444444
17 0.6252421874999999 0.45866666666666667 0.07021875000000008 0.10055555555555552
18 0.5255546875 0.3623888888888888 0.1404375 0.20077777777777775
12 0.38171875 0.14222916666666666 0.14281249999999995 0.26698611111111104
19 0.47616796875 0.24685416666666668 0.1404296875 0.1742638888888889
19 0.5006523437499999 0.023118055555555555 0.11547656249999996 0.04623611111111111
19 0.6049453125 0.06877777777777778 0.07754687499999999 0.1366111111111111
11 0.69976171875 0.07458333333333333 0.10463281250000005 0.14916666666666667
19 0.27616406250000003 0.010090277777777778 0.05242187500000002 0.020180555555555556
19 0.76382421875 0.03746527777777778 0.09460156250000003 0.07493055555555556
18 0.11199218749999999 0.13903472222222224 0.10217187500000002 0.2780694444444445