17 0.2273828125 0.9848819444444444 0.06773437500000001 0.030236111111111085
8 0.4649140625 0.9318541666666665 0.11304687500000003 0.1362916666666668
19 0.67421484375 0.7997013888888889 0.1304609375 0.23712500000000003
18 0.33063671875 0.6093402777777778 0.06403906250000002 0.07037499999999994
17 0.3732109375 0.7120208333333333 0.07610937499999997 0.16068055555555563
17 0.4318359375 0.6406041666666666 0.06740624999999997 0.1718194444444445
10 0.5039140625 0.4864722222222222 0.12982812500000004 0.19988888888888884
12 0.6108906249999999 0.46075 0.09714062499999994 0.20488888888888887
19 0.3048984375 0.4334652777777777 0.07723437500000001 0.13943055555555553
12 0.5136601562499999 0.2468611111111111 0.06824218749999993 0.11624999999999998
19 0.5367656249999999 0.3831527777777778 0.04282812499999995 0.059916666666666646
10 0.24376562499999999 0.24317361111111108 0.09784375000000001 0.2946805555555555
10 0.38488671874999997 0.2766458333333333 0.1074296875 0.2267361111111111
18 0.30223828125 0.2736527777777778 0.06319531249999999 0.18180555555555553
12 0.3590859375 0.1749513888888889 0.09801562500000002 0.20906944444444447
19 0.43260546875 0.09693055555555556 0.14830468749999998 0.19386111111111112
19 0.3188671875 0.07743055555555556 0.080859375 0.15486111111111112
19 0.5952695312499999 0.19166666666666668 0.15024218749999996 0.31861111111111107
19 0.18740234375 0.11865972222222222 0.029257812500000015 0.1425138888888889
19 0.2698984375 0.08884722222222222 0.07246875 0.12133333333333335
18 0.11199218749999999 0.13903472222222224 0.10217187500000002 0.2780694444444445