8 0.7145781250000001 0.952548611111111 0.08271875000000009 0.09490277777777768
9 0.38738671875 0.9177083333333333 0.18928906250000002 0.16458333333333333
18 0.6302148437499999 0.9216527777777777 0.0957109375 0.15669444444444436
19 0.508984375 0.9368055555555556 0.07265625 0.12638888888888888
12 0.8169570312500001 0.8370833333333334 0.14611718750000008 0.28430555555555564
10 0.45370703125 0.7185694444444445 0.09792968749999993 0.2205555555555555
18 0.5961953125 0.8099236111111111 0.134984375 0.2527083333333334
19 0.683109375 0.7604791666666666 0.07414062500000007 0.12959722222222214
19 0.8624375000000001 0.7182430555555556 0.05162499999999994 0.09412499999999997
12 0.75391015625 0.7951041666666667 0.05558593750000007 0.1082361111111112
19 0.5165546875 0.7982361111111109 0.03970312499999995 0.14352777777777767
19 0.8004609375000001 0.6697152777777777 0.027578125000000054 0.035291666666666624
19 0.205140625 0.8279513888888889 0.016781250000000015 0.030263888888888837
19 0.2124453125 0.5678402777777778 0.03746875000000001 0.10037499999999998
12 0.48408984374999997 0.5648819444444444 0.11249218750000001 0.18265277777777778
17 0.65603515625 0.5441944444444444 0.08603906250000008 0.1423611111111111
17 0.35847265625 0.7874930555555556 0.07446093749999996 0.16362499999999994
19 0.42601171875 0.49638194444444445 0.05514843749999998 0.10587500000000002
19 0.6061093750000001 0.44707638888888884 0.045609375000000084 0.13198611111111108
18 0.1939453125 0.3999375 0.058984375 0.12354166666666669
19 0.47251953125 0.41192361111111114 0.0857421875 0.15079166666666663
19 0.52799609375 0.4366388888888889 0.02536718750000002 0.05686111111111119
19 0.7286171875 0.46541666666666665 0.11073437500000001 0.1566666666666666
12 0.560375 0.3456527777777778 0.07890625 0.15294444444444444
19 0.7699492187500001 0.23291666666666666 0.2107265625000001 0.37083333333333335
18 0.62376171875 0.2594305555555556 0.1288046874999999 0.3050277777777778
19 0.34696484375000003 0.30768055555555557 0.033085937500000016 0.06536111111111112
19 0.38327343750000004 0.2831736111111111 0.05054687500000003 0.11437500000000003
19 0.44209375 0.2946111111111111 0.09467187500000004 0.2124166666666667
19 0.46640625 0.2366041666666667 0.04604687500000004 0.08659722222222226
18 0.35480468750000005 0.1496388888888889 0.10867187500000001 0.1848888888888889
17 0.2103515625 0.13922222222222225 0.065234375 0.15100000000000002
19 0.23830078124999998 0.057826388888888886 0.14957031250000002 0.11565277777777777
19 0.37462890625 0.055652777777777766 0.04897656250000004 0.11058333333333334
4 0.47455468749999996 0.11212499999999999 0.16940624999999998 0.21883333333333332
8 0.6254375 0.07665277777777778 0.05029687500000009 0.15330555555555556
18 0.6638203125000001 0.12506944444444443 0.06617187500000003 0.11294444444444442
19 0.717421875 0.050944444444444445 0.08603124999999992 0.07294444444444444