19 0.4768515625 0.7830208333333333 0.057015625000000014 0.4339583333333334
19 0.5379140625 0.8470416666666667 0.07673437500000002 0.30366666666666675
16 0.607625 0.8964305555555555 0.09396874999999998 0.2
12 0.65878515625 0.8428680555555556 0.05555468749999992 0.08204166666666658
12 0.371484375 0.8486111111111111 0.19609375 0.30277777777777776
19 0.18563671875 0.9404305555555555 0.0552734375 0.10166666666666672
15 0.23382421875 0.7029513888888889 0.06422656250000003 0.23656944444444442
0 0.63259765625 0.6294097222222222 0.07158593750000009 0.11715277777777781
0 0.3271171875 0.5059374999999999 0.06157812499999995 0.11284722222222222
19 0.34912890625 0.6423194444444444 0.08272656249999999 0.1290833333333334
10 0.7748984375000001 0.5008194444444444 0.15476562500000002 0.22072222222222215
18 0.37391406250000003 0.5777777777777777 0.02350000000000003 0.03430555555555562
14 0.6579218750000001 0.42053472222222227 0.09796875000000008 0.15801388888888887
18 0.5091718749999999 0.34486805555555555 0.051843749999999925 0.11959722222222224
3 0.45750390625000004 0.46150694444444446 0.13113281249999997 0.2602083333333334
19 0.56391796875 0.4540138888888889 0.08713281249999998 0.11016666666666658
19 0.44299609375 0.26700694444444445 0.09044531249999999 0.1287916666666667
15 0.7618125 0.20205555555555557 0.06768750000000008 0.15338888888888888
19 0.25214453125 0.2617638888888889 0.09897656250000005 0.3471388888888889
4 0.380671875 0.23560416666666664 0.06509374999999995 0.14768055555555554
4 0.65355859375 0.17588194444444444 0.07805468750000007 0.1393472222222222
18 0.47371093750000004 0.09770833333333337 0.07904687500000004 0.1862777777777778
18 0.24623046875000001 0.10425000000000001 0.05422656249999998 0.1143888888888889
2 0.34407421875 0.19902083333333337 0.16921093750000002 0.23856944444444442
19 0.66357421875 0.08072222222222222 0.050429687499999966 0.09758333333333333
2 0.23717968749999999 0.9117222222222223 0.11648437500000001 0.1765555555555554
19 0.12076171875 0.2946736111111111 0.1258203125 0.5893472222222222