3 0.6851093749999999 0.8668819444444444 0.2754062499999999 0.2662361111111112
2 0.2846171875 0.9628472222222222 0.09564062499999997 0.07430555555555556
19 0.390234375 0.9243055555555556 0.1421875 0.15138888888888888
19 0.75725 0.8354027777777778 0.06370312499999997 0.09891666666666671
19 0.496375 0.6777291666666667 0.22393750000000004 0.5004027777777778
19 0.56187890625 0.755 0.06403906250000002 0.1617777777777778
19 0.3324765625 0.7444097222222222 0.09790624999999994 0.22237499999999993
2 0.3363203125 0.556513888888889 0.10139062499999998 0.3238611111111112
18 0.6487812500000001 0.5427777777777778 0.10134375000000002 0.32138888888888884
18 0.54419921875 0.396625 0.1560546875 0.39325
19 0.25053125 0.3790972222222222 0.11643749999999997 0.12944444444444447
18 0.24957031250000003 0.24728472222222225 0.16976562499999998 0.15568055555555557
10 0.8161328125 0.15522916666666667 0.12039062499999993 0.31045833333333334
19 0.41275781249999993 0.30694444444444446 0.16260937499999994 0.23638888888888893
18 0.6266562499999999 0.10134722222222223 0.1087031249999999 0.20269444444444445
8 0.5600898437499999 0.10359722222222223 0.05982031249999995 0.20719444444444446
3 0.51795703125 0.07513194444444445 0.0749921875 0.1502638888888889
19 0.23012890625 0.06638194444444445 0.08932031250000001 0.12881944444444443
19 0.7384999999999999 0.1938611111111111 0.05496874999999992 0.09466666666666665
19 0.4001953125 0.13551388888888888 0.15867187499999996 0.2371388888888889
19 0.2894609375 0.052708333333333336 0.07864062499999998 0.10541666666666667