15 0.5480976562500001 0.9732638888888889 0.07411718749999992 0.05347222222222222
16 0.36782421874999993 0.8979166666666667 0.10278906249999994 0.19055555555555562
8 0.45789453125 0.8336250000000001 0.16763281249999995 0.23369444444444443
0 0.40251171875 0.6562638888888889 0.06671093750000004 0.10841666666666659
14 0.27505078125 0.5580416666666667 0.06483593750000001 0.24458333333333337
12 0.6547421874999999 0.6354375 0.08581249999999993 0.11687499999999997
18 0.3927421875 0.5551041666666666 0.08190624999999999 0.1082361111111112
18 0.38442578125000004 0.45109722222222226 0.10180468749999996 0.11330555555555562
19 0.4859726562500001 0.44143055555555555 0.15539843750000007 0.2671388888888889
18 0.61053125 0.4302152777777778 0.10004687499999995 0.34454166666666663
18 0.23269531250000003 0.24819444444444444 0.07335937499999998 0.25277777777777777
5 0.294671875 0.29303472222222227 0.05612500000000002 0.09893055555555558
14 0.47381640625 0.1166875 0.10958593749999998 0.14681944444444445
4 0.38796875000000003 0.07689583333333334 0.055749999999999966 0.1067638888888889
2 0.6193632812500001 0.08940277777777779 0.18060156250000006 0.17880555555555558
0 0.44898046875 0.9794375 0.04578906249999992 0.04112499999999986
17 0.33655859375 0.5924236111111111 0.05546093750000001 0.18640277777777783
19 0.5700546875 0.7783680555555557 0.16023437499999993 0.3029861111111112
19 0.82515625 0.3265972222222222 0.13343750000000004 0.36180555555555555
3 0.33796484375 0.3290208333333333 0.08933593750000002 0.20679166666666665
3 0.6184140625000001 0.5386458333333334 0.060921875000000014 0.16590277777777784
12 0.31703125 0.1260763888888889 0.09529687500000002 0.2521527777777778
12 0.6659140625 0.18021527777777777 0.058921875000000054 0.09318055555555559
3 0.49156640625000003 0.025631944444444443 0.06169531250000002 0.05126388888888889
19 0.12076171875 0.2946736111111111 0.1258203125 0.5893472222222222