7 0.388359375 0.9766666666666666 0.10359374999999997 0.04666666666666654
19 0.303453125 0.9791736111111111 0.07549999999999998 0.04165277777777779
17 0.49006250000000007 0.9559444444444444 0.07160937500000006 0.08811111111111118
19 0.68719140625 0.8950624999999999 0.14703906250000004 0.20987500000000017
19 0.2541640625 0.7462361111111111 0.16090625000000003 0.21272222222222226
19 0.4534804687499999 0.8084027777777777 0.11757031250000001 0.17819444444444438
19 0.7156484375000001 0.7231388888888889 0.18215625000000008 0.25022222222222223
19 0.5838554687499999 0.7178888888888889 0.05125781249999992 0.0953333333333334
19 0.47182031249999995 0.6990555555555557 0.092 0.10861111111111117
10 0.41373046875 0.6463472222222222 0.10014843750000005 0.23194444444444445
17 0.38284765625 0.49023611111111115 0.08660156250000002 0.12794444444444444
18 0.27848828124999997 0.4204652777777778 0.07717968749999997 0.09495833333333334
19 0.5459375000000001 0.4389375 0.12942187500000008 0.215625
16 0.41524609375 0.28901388888888885 0.19127343749999998 0.36530555555555555
18 0.32679296875 0.24627083333333333 0.09686718750000001 0.1869861111111111
19 0.23999609375 0.3622013888888889 0.14575781250000003 0.18868055555555557
15 0.62923046875 0.19219444444444445 0.1659140624999999 0.33644444444444443
17 0.25759375 0.07932638888888889 0.11628125000000003 0.15865277777777778
19 0.52848046875 0.10911805555555555 0.07724218749999992 0.18593055555555557
8 0.46749999999999997 0.05402777777777778 0.096875 0.10805555555555556
19 0.70640234375 0.528 0.16683593749999998 0.18694444444444447
18 0.11199218749999999 0.13903472222222224 0.10217187500000002 0.2780694444444445