2 0.8299960937499999 0.9447152777777776 0.12735156250000007 0.1105694444444443
19 0.308984375 0.8777777777777778 0.13828125 0.24444444444444444
19 0.467578125 0.98125 0.04296875 0.0375
19 0.38004296875000004 0.7863263888888888 0.07057031249999998 0.1362916666666668
19 0.4455742187499999 0.7972916666666666 0.028554687499999964 0.052750000000000026
19 0.6119296875 0.8005763888888888 0.10882812499999997 0.2307361111111112
17 0.19275781250000001 0.8467430555555555 0.09903125000000002 0.24834722222222214
19 0.8170703125000001 0.711576388888889 0.08418750000000008 0.11868055555555562
19 0.32942578125 0.48216666666666663 0.08777343750000002 0.5379444444444443
5 0.43141796875000005 0.5909027777777778 0.06428906249999997 0.09624999999999993
17 0.42585156249999995 0.5082847222222222 0.1125 0.10329166666666667
17 0.81712890625 0.37445833333333334 0.07169531249999998 0.11594444444444447
19 0.7082656249999999 0.39531944444444445 0.14596874999999992 0.28075
19 0.51851171875 0.4379236111111111 0.0878984375 0.2308194444444444
19 0.4684453125 0.4019305555555555 0.13117187500000008 0.12261111111111107
19 0.37887890625000004 0.43245833333333333 0.05316406250000001 0.05713888888888887
19 0.39124218749999995 0.31707638888888884 0.12485937499999995 0.1868194444444444
19 0.48266015624999997 0.2701041666666667 0.08542968749999993 0.1796527777777778
19 0.37022265625 0.3060833333333333 0.07294531249999996 0.0901111111111111
12 0.36210546875 0.11951388888888889 0.15592968749999997 0.23902777777777778
0 0.49446875000000007 0.16652777777777777 0.05192187500000003 0.09669444444444444
19 0.2688515625 0.07777083333333333 0.050687499999999996 0.15554166666666666
19 0.45608203124999996 0.114875 0.04957031250000003 0.2
19 0.49996875 0.03601388888888889 0.07553125000000005 0.07202777777777777
12 0.59275 0.11048611111111113 0.053156249999999974 0.11208333333333331
3 0.55251171875 0.020374999999999997 0.04957031250000003 0.03297222222222222
19 0.4406914062499999 0.01952777777777778 0.04574218749999996 0.03905555555555556