2 0.40679687499999995 0.9628888888888889 0.09578124999999997 0.0742222222222223
19 0.54105078125 0.8554375 0.2212890625 0.289125
19 0.78624609375 0.9569722222222222 0.10561718750000004 0.08605555555555561
18 0.47077343749999995 0.9813888888888889 0.027046874999999915 0.03722222222222216
19 0.23863281249999999 0.8267361111111111 0.113671875 0.34652777777777777
3 0.357921875 0.7854166666666667 0.06928125000000004 0.11222222222222215
19 0.3666875 0.8828472222222222 0.05053125000000005 0.08013888888888895
19 0.73187890625 0.8763888888888889 0.1668046875 0.24722222222222223
18 0.403671875 0.7824444444444445 0.08187499999999996 0.15961111111111112
19 0.611828125 0.7127499999999999 0.08089062499999997 0.1303333333333333
19 0.6901914062500001 0.6634791666666667 0.11964843750000007 0.2650138888888888
19 0.8602734375000001 0.6313194444444444 0.10492187500000014 0.14875000000000002
10 0.3845703125 0.46847222222222223 0.062890625 0.3177777777777778
19 0.8366015625 0.4908333333333333 0.04898437499999986 0.08194444444444444
8 0.6290625 0.14555555555555552 0.05453124999999996 0.20166666666666666
12 0.3288359375 0.20561805555555554 0.06295312500000003 0.13040277777777776
16 0.2341796875 0.18098611111111113 0.133984375 0.24663888888888894
19 0.7561328125 0.13061805555555556 0.06351562499999996 0.10262500000000002
19 0.5188984375000001 0.16828472222222224 0.03295312500000005 0.08231944444444446
7 0.39728515625 0.024097222222222225 0.1376953125 0.04819444444444445
7 0.51026171875 0.023194444444444445 0.07071093749999999 0.04638888888888889
2 0.29458984375 0.6409027777777778 0.07769531250000003 0.10930555555555561
19 0.4217578125 0.2824305555555556 0.09117187500000004 0.14736111111111114
18 0.11199218749999999 0.13903472222222224 0.10217187500000002 0.2780694444444445