19 0.424609375 0.9458333333333333 0.103125 0.10833333333333334
19 0.6828125 0.9486111111111111 0.10703125 0.10277777777777777
19 0.28233203125 0.8288541666666667 0.08338281250000001 0.209375
19 0.5092148437499999 0.8748472222222222 0.14646093750000003 0.17374999999999988
19 0.40487109375 0.7722361111111111 0.05192968750000002 0.12741666666666668
2 0.2178515625 0.7056875 0.25689062499999993 0.588625
2 0.6528359375 0.8199375 0.07014062499999998 0.11798611111111118
19 0.5528046875 0.8609513888888889 0.12970312499999997 0.1837638888888888
18 0.52806640625 0.6673472222222222 0.10100781249999997 0.26608333333333334
12 0.6778359375 0.5447083333333333 0.169140625 0.25961111111111107
18 0.434 0.6679375000000001 0.07814062499999999 0.23470833333333344
19 0.76959375 0.6513611111111111 0.09007812500000005 0.11758333333333329
19 0.58299609375 0.6933055555555555 0.02757031249999997 0.04313888888888881
19 0.86473828125 0.6787361111111111 0.022976562499999888 0.0271944444444445
18 0.79155859375 0.5672291666666667 0.07610156250000007 0.15490277777777775
17 0.22347265625 0.4288125 0.09478906250000001 0.12348611111111106
14 0.39792578125 0.4056666666666666 0.09485156249999997 0.2568333333333333
2 0.51755859375 0.4237222222222222 0.10207031250000007 0.16430555555555554
2 0.7725039062500001 0.28985416666666663 0.22327343750000006 0.3836249999999999
19 0.25786328125 0.33703472222222225 0.08821093749999998 0.18234722222222216
19 0.62843359375 0.37881944444444443 0.07939843750000009 0.11372222222222221
10 0.620046875 0.2742013888888889 0.08006250000000001 0.30840277777777786
19 0.5124609375 0.3136597222222222 0.13182812500000002 0.17037500000000003
17 0.5397187499999999 0.17497222222222222 0.11274999999999995 0.10994444444444444
19 0.429875 0.11488888888888889 0.15353124999999998 0.22886111111111115
19 0.37926171875000003 0.15612499999999999 0.10588281250000002 0.15294444444444444
16 0.32301171875 0.050125 0.12044531249999997 0.08730555555555557
14 0.5691875 0.06453472222222223 0.136328125 0.12906944444444446
19 0.3519296875 0.3436527777777778 0.07160937499999998 0.12941666666666662