3 0.566328125 0.8425347222222223 0.13953124999999994 0.3094305555555555
19 0.242484375 0.9088472222222223 0.08115625 0.18230555555555555
19 0.3050625 0.4450694444444444 0.06528124999999996 0.10447222222222226
2 0.710765625 0.8574583333333333 0.09878125000000004 0.2850833333333333
18 0.58720703125 0.8416666666666667 0.21292968749999996 0.31666666666666665
18 0.6870468750000001 0.8837430555555557 0.04248437500000009 0.11765277777777783
0 0.36865234375 0.8344930555555554 0.0632734375 0.13409722222222215
19 0.41354687500000004 0.911875 0.06634375 0.14208333333333328
18 0.73765234375 0.6828680555555555 0.041929687500000055 0.08131944444444437
19 0.258921875 0.7115833333333333 0.14612499999999998 0.11572222222222213
19 0.36771875 0.7257222222222222 0.06193749999999998 0.08188888888888894
19 0.3009921875 0.6360347222222222 0.11593749999999999 0.1426805555555556
2 0.6019921874999999 0.5660902777777779 0.11117187499999996 0.13587500000000005
12 0.355 0.5167222222222222 0.16671875000000003 0.2512777777777777
18 0.6155078125 0.3438333333333333 0.12231249999999996 0.4503611111111111
19 0.613875 0.4030694444444444 0.106453125 0.14555555555555552
18 0.5177265625 0.35284722222222226 0.07321875000000003 0.21200000000000002
19 0.5852304687500001 0.2640763888888889 0.05257031249999997 0.129875
7 0.43442578125000003 0.420625 0.06828906250000007 0.16683333333333333
18 0.43039062499999997 0.18850694444444446 0.0890625 0.09465277777777777
0 0.5002578125 0.09184027777777778 0.06368749999999998 0.158125
12 0.5756992187500001 0.09890277777777777 0.08116406250000008 0.14963888888888885
19 0.46936328125000004 0.9092569444444446 0.042882812500000075 0.09881944444444457
19 0.7489062499999999 0.5103680555555556 0.1921874999999999 0.44473611111111117
18 0.45737890625000005 0.04733333333333333 0.1113359375 0.09466666666666666
10 0.33155078125 0.025944444444444444 0.049101562500000015 0.05188888888888889
18 0.44136718750000004 0.7397291666666667 0.07829687500000002 0.1580416666666666
18 0.33196875000000003 0.10388888888888889 0.022062500000000006 0.060777777777777764