19 0.7002070312500001 0.9745138888888889 0.14755468749999992 0.05097222222222229
19 0.32737499999999997 0.9289930555555556 0.10696874999999997 0.14201388888888888
19 0.41026953125 0.9244583333333334 0.06727343749999996 0.1510833333333333
19 0.7551171875 0.8948888888888888 0.10289062500000004 0.13727777777777767
19 0.158703125 0.9629166666666666 0.019937499999999986 0.07255555555555557
3 0.19721484375 0.7494861111111111 0.17649218749999998 0.39636111111111105
19 0.27480078125 0.8583958333333332 0.060664062499999984 0.1274583333333333
19 0.59998046875 0.8797777777777777 0.06838281249999997 0.14313888888888882
18 0.3202890625 0.8234027777777778 0.057890625000000015 0.10791666666666673
18 0.4525546875 0.8989236111111112 0.11029687500000004 0.20195833333333343
18 0.40714843749999996 0.817763888888889 0.12573437500000004 0.13291666666666674
17 0.56772265625 0.9362916666666666 0.06510156249999995 0.12741666666666668
17 0.512296875 0.9071597222222222 0.04632812499999996 0.1784305555555556
19 0.523859375 0.7898333333333333 0.04812499999999993 0.0822777777777778
19 0.38961328125 0.6611944444444445 0.13878906249999998 0.19688888888888895
19 0.52289453125 0.6570416666666666 0.05203906249999992 0.13141666666666668
19 0.48120312499999995 0.5925347222222223 0.047890624999999964 0.14009722222222223
17 0.46553125 0.6903611111111111 0.05054687500000003 0.10783333333333331
7 0.35119140625 0.5203541666666667 0.04963281249999998 0.13137500000000005
19 0.31498046875 0.5085972222222223 0.03860156249999998 0.0941111111111111
19 0.4359375 0.523625 0.08382812499999996 0.1372499999999999
18 0.50523828125 0.5353958333333334 0.07278906250000006 0.10587500000000002
19 0.40726171874999995 0.37306944444444445 0.14007031249999996 0.17097222222222225
19 0.5436562500000001 0.3939722222222223 0.14228124999999991 0.19447222222222219
18 0.5804218750000001 0.4346944444444445 0.05073437500000004 0.14388888888888893
19 0.38998046875 0.4769652777777778 0.047789062500000014 0.07026388888888893
19 0.44398046874999997 0.34675 0.11111718750000002 0.27388888888888885
8 0.25606640625 0.2444375 0.12408593750000003 0.10065277777777781
19 0.35779296875 0.23054166666666667 0.0724609375 0.20225
19 0.458171875 0.1982013888888889 0.36509374999999994 0.3964027777777778
19 0.680140625 0.23578472222222221 0.06637500000000003 0.09509722222222226
19 0.5343554687500001 0.14996527777777777 0.04080468750000001 0.06862500000000002
19 0.52553125 0.044097222222222225 0.08934374999999992 0.08819444444444445
2 0.47038671875000004 0.1156527777777778 0.08382031249999997 0.2255
19 0.61963671875 0.7365277777777777 0.25099218749999996 0.24763888888888883