19 0.31171875 0.9888888888888889 0.0234375 0.022222222222222223
19 0.44530859375 0.9041180555555555 0.10657031250000001 0.1917638888888888
19 0.508984375 0.9583333333333334 0.04140625 0.08333333333333333
19 0.5591640625000001 0.9178194444444443 0.078328125 0.16436111111111099
13 0.7174296874999999 0.9387361111111111 0.09921875 0.12252777777777782
19 0.60294140625 0.8889027777777778 0.07560156249999998 0.1742777777777778
10 0.7563828125 0.8497986111111111 0.18806250000000002 0.29879166666666673
2 0.4843984375 0.6885972222222222 0.20285937500000006 0.3443333333333334
19 0.553671875 0.7666458333333334 0.05684374999999999 0.08712500000000002
19 0.39291015625 0.7058680555555555 0.05699218749999999 0.10329166666666675
16 0.65010546875 0.5490833333333334 0.19778906250000006 0.2498055555555556
19 0.32800390625 0.6322430555555556 0.03350781249999999 0.06593055555555559
2 0.84296875 0.519076388888889 0.23735937500000004 0.4329305555555556
13 0.21674218750000002 0.6809305555555555 0.21399999999999997 0.31130555555555545
17 0.55859765625 0.5937986111111111 0.04710156249999997 0.10776388888888894
8 0.6525859375 0.7003680555555556 0.10384375000000005 0.17143055555555564
2 0.31256640625 0.49926388888888895 0.11883593750000002 0.19558333333333325
19 0.31385937499999994 0.3531111111111111 0.13353124999999996 0.3603888888888889
19 0.473328125 0.4355347222222223 0.05687499999999997 0.08570833333333339
19 0.46961718750000003 0.5190555555555556 0.029671875000000014 0.054944444444444365
19 0.38869921875 0.20170833333333332 0.07057031250000004 0.13630555555555554
19 0.4560820312500001 0.22586805555555556 0.029789062500000085 0.05273611111111115
19 0.6205859375 0.22254861111111113 0.10882812499999997 0.23073611111111111
17 0.2026484375 0.24235416666666668 0.09903124999999999 0.2483472222222222
19 0.8269609375 0.12477083333333334 0.08418750000000008 0.11868055555555554
19 0.31951953125 0.08765972222222222 0.06549218750000003 0.17531944444444444
5 0.43698046875 0.026118055555555554 0.05810156249999991 0.05223611111111111