16 0.1984375 0.9861111111111112 0.06484375 0.027777777777777776
19 0.475515625 0.9699722222222222 0.06178124999999994 0.06005555555555557
19 0.59975 0.9600486111111112 0.08331250000000008 0.07990277777777774
19 0.42515234375000005 0.9602708333333333 0.056679687499999964 0.07945833333333338
19 0.3642109375 0.9759583333333333 0.018031250000000033 0.03799999999999986
17 0.52430859375 0.9324375 0.08669531250000002 0.13512499999999994
17 0.75984375 0.9938472222222221 0.034375 0.012305555555555417
19 0.360234375 0.8573472222222221 0.014593749999999961 0.05799999999999999
19 0.4650234375 0.7825069444444444 0.1120000000000001 0.12118055555555556
19 0.5228125 0.712125 0.07948437500000001 0.0873055555555555
17 0.52596484375 0.6189236111111112 0.0708984375 0.09156944444444454
19 0.47418750000000004 0.5549375 0.04506250000000005 0.0979583333333333
2 0.41170703125 0.6646666666666666 0.10738281250000004 0.1649166666666666
17 0.400796875 0.5792361111111112 0.06181249999999996 0.08241666666666671
19 0.47422656250000006 0.42737499999999995 0.024718750000000077 0.056777777777777774
14 0.20164062500000002 0.3866875 0.16015625 0.2444027777777778
2 0.2890390625 0.3035069444444444 0.12770312500000003 0.27118055555555554
17 0.42023828124999996 0.24664583333333331 0.08686718750000004 0.2735694444444445
17 0.58063671875 0.07139583333333334 0.10508593749999999 0.14279166666666668
2 0.21830859375 0.12122916666666667 0.20316406250000005 0.24245833333333333
19 0.4596054687500001 0.035569444444444445 0.06675781250000004 0.07113888888888889
19 0.39284765625 0.029388888888888885 0.07417968750000004 0.052749999999999984
19 0.32237890625000004 0.03707638888888889 0.05933593750000003 0.07251388888888888
3 0.80825390625 0.08522222222222223 0.18099218750000007 0.17044444444444445
18 0.3296875 0.95625 0.06015625 0.0875