12 0.37334765625000005 0.9409722222222222 0.10767968750000004 0.11805555555555555
19 0.45288671875000003 0.9796527777777778 0.03844531250000003 0.04069444444444438
17 0.6736328125 0.8687638888888889 0.06670312500000009 0.10502777777777762
19 0.6456484375 0.8704097222222221 0.15059375 0.1355694444444443
19 0.44370312500000003 0.8258263888888889 0.07146875000000001 0.15529166666666658
4 0.47883203124999996 0.7856805555555556 0.10955468750000001 0.2060833333333334
12 0.22850781250000002 0.7785416666666666 0.06834375000000001 0.10874999999999993
10 0.39671874999999995 0.5519930555555556 0.10660937499999998 0.25370833333333326
19 0.20037500000000003 0.6049444444444444 0.060968749999999995 0.12822222222222213
2 0.4964453125 0.6528541666666666 0.08004687500000003 0.11181944444444443
19 0.5119453125 0.9820833333333334 0.04157812500000002 0.03583333333333327
19 0.4819140625 0.3729027777777778 0.10210937500000003 0.2345833333333333
0 0.47215234375000004 0.5573125000000001 0.05422656250000006 0.09265277777777783
18 0.5384374999999999 0.5110208333333334 0.07014062499999998 0.1388194444444445
19 0.627421875 0.5146319444444444 0.07676562499999999 0.18823611111111108
10 0.7015312499999999 0.45111111111111113 0.09926562499999995 0.09355555555555557
19 0.7673125000000001 0.37630555555555556 0.08868750000000007 0.17930555555555558
18 0.8348906249999999 0.4060625 0.027890624999999857 0.049236111111111175
17 0.58582421875 0.3847708333333333 0.06528906249999995 0.1439861111111111
18 0.39077734374999995 0.40105555555555555 0.04764843749999996 0.046000000000000006
8 0.3058046875 0.3111875 0.09132812499999998 0.18823611111111108
3 0.39417187499999995 0.3025763888888889 0.09 0.1337638888888889
13 0.48533203125 0.15897916666666667 0.17644531249999998 0.29981944444444447
19 0.6607773437500001 0.384125 0.12044531250000005 0.2070555555555556
18 0.59274609375 0.22997916666666665 0.07278906250000006 0.21134722222222216
7 0.6460859375 0.22410416666666666 0.07676562499999999 0.12709722222222222
7 0.33769921875 0.14388888888888887 0.0741171875 0.19294444444444447
10 0.27173046875 0.14229861111111114 0.0551796875 0.2492916666666667
18 0.39472265625 0.1925277777777778 0.047429687500000026 0.09022222222222219
19 0.56237109375 0.03271527777777779 0.10919531249999999 0.06470833333333334
18 0.38124609375 0.01347222222222222 0.033085937500000016 0.02694444444444444