17 0.5620742187500001 0.463 0.09041406250000002 0.14669444444444446
18 0.5679921875 0.2286875 0.057937500000000065 0.09176388888888888
6 0.7433867187500001 0.10977777777777777 0.13692968750000006 0.0973888888888889
12 0.21649609375 0.04715972222222222 0.051382812499999986 0.0787638888888889
3 0.397828125 0.7083819444444445 0.051468749999999994 0.08487500000000002
2 0.6780625 0.7298680555555556 0.02907812500000002 0.051680555555555605
12 0.38098828124999995 0.2937638888888889 0.06400781250000005 0.15713888888888888
10 0.46170703125 0.15381944444444445 0.18200781250000003 0.3076388888888889
19 0.43726171875 0.3922430555555556 0.13389843749999994 0.17801388888888883
18 0.276484375 0.12141666666666667 0.025281250000000012 0.03819444444444445
2 0.38051171875 0.4211875 0.14422656250000002 0.171125
3 0.24062109375000001 0.4510486111111111 0.11800781249999999 0.18209722222222224
7 0.46117968750000005 0.5444375 0.09331250000000005 0.15218055555555546
18 0.35844531249999995 0.5769652777777778 0.09021874999999997 0.17551388888888889
2 0.268453125 0.5615694444444445 0.10334374999999998 0.24677777777777787
14 0.31501953125 0.5024513888888889 0.03978906249999996 0.12009722222222226
18 0.129125 0.20819444444444446 0.11862499999999998 0.4163888888888889
2 0.697265625 0.9240625 0.07207812499999999 0.1397916666666668
3 0.75859375 0.95 0.0765625 0.1
19 0.285578125 0.8936944444444443 0.09734375000000002 0.20322222222222214
14 0.55595703125 0.8813680555555554 0.018710937500000035 0.04976388888888879
16 0.348046875 0.95 0.09921875 0.1
18 0.6625351562499999 0.9612569444444444 0.04011718749999993 0.04918055555555567
14 0.5645117187500001 0.9399722222222223 0.014664062499999986 0.032888888888888974