19 0.40815624999999994 0.7459305555555554 0.1675625 0.4933888888888889
10 0.60611328125 0.580673611111111 0.07346093749999998 0.19845833333333332
19 0.525875 0.6353194444444444 0.07954687499999995 0.15016666666666667
19 0.3616328125 0.6166736111111111 0.07765625000000002 0.18981944444444446
19 0.34037890625 0.44798611111111114 0.11403906250000002 0.12666666666666673
19 0.49028125000000006 0.5532708333333334 0.17595312500000002 0.1784861111111111
17 0.37228515624999997 0.34281249999999996 0.058242187499999966 0.1229583333333333
17 0.5136796875 0.11649305555555556 0.074609375 0.1308472222222222
14 0.47930859375000007 0.0669375 0.08566406250000007 0.133875
3 0.2883984375 0.08307638888888888 0.166796875 0.16615277777777776
19 0.5010078124999999 0.8854444444444444 0.1296875 0.22911111111111115
10 0.78203125 0.9354166666666667 0.16484375 0.12916666666666668
14 0.2453125 0.9034722222222222 0.184375 0.19305555555555556
10 0.2306640625 0.9075763888888888 0.10718750000000002 0.1848472222222221
19 0.59596484375 0.8025625000000001 0.09513281249999998 0.20445833333333338
19 0.65595703125 0.837798611111111 0.14830468749999995 0.2864583333333333
12 0.75812109375 0.7659444444444444 0.09200781249999998 0.1987222222222222
8 0.612109375 0.18208333333333332 0.08062500000000003 0.1633333333333333
17 0.395390625 0.18020833333333333 0.08874999999999997 0.09736111111111112
19 0.48706640625000003 0.4467777777777778 0.17472656250000002 0.11216666666666665
2 0.5100546875 0.23744444444444446 0.08989062499999996 0.12100000000000001
19 0.6896796875 0.5297083333333333 0.030171874999999914 0.10269444444444452
2 0.6129765625 0.07840972222222221 0.13221875 0.15631944444444443
19 0.4037109375 0.06520833333333334 0.07548437499999996 0.13041666666666668