2 0.261328125 0.9701388888888889 0.0734375 0.059722222222222225
19 0.501609375 0.8968333333333334 0.16657812500000002 0.20633333333333326
19 0.6063906250000001 0.9363819444444443 0.12023437500000007 0.12723611111111097
19 0.4615078125 0.7392152777777778 0.125 0.2160972222222222
18 0.74364453125 0.9019097222222222 0.03813281249999996 0.08856944444444442
19 0.6267773437499999 0.7550069444444445 0.09038281250000005 0.2556805555555555
17 0.77150390625 0.8104027777777778 0.0412109375 0.06427777777777774
18 0.24099609375000003 0.88 0.2119921875 0.23999999999999994
19 0.29281250000000003 0.7705069444444445 0.09609375 0.1813194444444444
19 0.5215 0.6584791666666666 0.1046875 0.14259722222222215
18 0.52619921875 0.7756666666666667 0.029554687499999944 0.04502777777777788
18 0.42641406249999997 0.5971944444444445 0.06873437500000001 0.1731111111111111
15 0.32160156250000005 0.48104861111111114 0.14539062500000002 0.3382916666666666
18 0.804734375 0.6951041666666667 0.11989062500000003 0.18312499999999995
19 0.71316796875 0.6897708333333333 0.11227343750000003 0.19959722222222226
17 0.5979453125 0.4464375 0.09017187500000005 0.14198611111111115
19 0.51064453125 0.5135277777777778 0.08510156250000005 0.16211111111111115
12 0.50726953125 0.36136111111111113 0.08717968749999994 0.19494444444444448
19 0.38609765625000003 0.4058125 0.09605468750000004 0.2124305555555555
3 0.69610546875 0.34412499999999996 0.059945312500000014 0.12008333333333335
16 0.45910546874999997 0.29850000000000004 0.08442968749999995 0.1561111111111111
17 0.47099609375 0.21021527777777776 0.0720703125 0.14654166666666665
2 0.5487773437500001 0.19929166666666667 0.09119531250000001 0.11558333333333336
16 0.6720429687499999 0.1683125 0.1502890624999999 0.2225416666666667
17 0.78599609375 0.1983263888888889 0.08269531250000002 0.17748611111111115
19 0.22075781249999998 0.06238888888888889 0.07345312499999998 0.11558333333333333
3 0.48312499999999997 0.07434722222222222 0.203125 0.14869444444444443
19 0.36808984375 0.04658333333333333 0.02025781249999996 0.09316666666666666
19 0.7435937499999999 0.051875000000000004 0.06859374999999997 0.06680555555555556
19 0.26791015625 0.013243055555555557 0.036476562500000045 0.026486111111111113