14 0.15026953125 0.9149305555555556 0.08585156249999999 0.1701388888888889
19 0.271140625 0.8779166666666667 0.2265625 0.24416666666666662
19 0.42130859374999996 0.9779166666666667 0.058632812499999964 0.044166666666666604
19 0.43119531250000004 0.9122916666666667 0.10090625000000002 0.112388888888889
19 0.54033203125 0.9565138888888888 0.11185156250000006 0.08697222222222208
19 0.58144921875 0.9008402777777778 0.07366406249999997 0.11031944444444454
19 0.77198046875 0.8265347222222222 0.0708984375 0.16565277777777776
19 0.5729960937499999 0.7754930555555556 0.057632812499999984 0.23004166666666673
19 0.47111328125000007 0.7820833333333334 0.19696093750000004 0.3118888888888888
10 0.7101484375 0.7615972222222223 0.14178125000000003 0.19838888888888886
10 0.34160546875 0.7091736111111111 0.05471093749999998 0.2471250000000001
19 0.4942578125 0.6135972222222221 0.08510937500000004 0.07783333333333328
19 0.5470195312499999 0.5673680555555556 0.053023437499999916 0.08415277777777783
19 0.66413671875 0.6329583333333333 0.1324140625 0.2186111111111111
14 0.7175507812499999 0.5394166666666667 0.09321093749999995 0.22308333333333333
19 0.7880859375 0.4775694444444445 0.12142187500000005 0.3132222222222222
18 0.577515625 0.5086736111111111 0.10215624999999999 0.18762500000000004
19 0.440546875 0.5805347222222221 0.09287499999999996 0.10995833333333328
7 0.6142460937499999 0.3615138888888889 0.09792968749999993 0.14108333333333334
19 0.4996328125000001 0.36333333333333334 0.03917187500000008 0.07944444444444447
19 0.44403125 0.3723680555555556 0.09634374999999995 0.20720833333333338
19 0.31109765624999997 0.45206250000000003 0.07683593750000002 0.1652083333333334
17 0.355234375 0.5030138888888889 0.04474999999999998 0.09305555555555556
17 0.34665234375 0.3744097222222222 0.1013671875 0.14420833333333336
19 0.6031796875000001 0.3320694444444445 0.04229687500000008 0.0720555555555556
19 0.53065234375 0.2965138888888889 0.07707031250000007 0.13186111111111115
19 0.3632070312500001 0.25872222222222224 0.12499218750000005 0.17861111111111105
19 0.45330859375 0.15313888888888888 0.10744531249999997 0.23733333333333334
3 0.58025 0.13868055555555556 0.1588750000000001 0.2445833333333333
19 0.79284765625 0.13691666666666666 0.1616328124999999 0.25533333333333336
17 0.6505156249999999 0.17293055555555556 0.08087499999999999 0.1441388888888889
19 0.43414843750000004 0.16536111111111113 0.140828125 0.12608333333333333
12 0.26069140625 0.0398125 0.060789062499999956 0.079625
19 0.47898046875 0.05331944444444445 0.12472656250000007 0.1066388888888889
19 0.6385546875 0.02270138888888889 0.06292187499999997 0.04540277777777778
19 0.821484375 0.029902777777777778 0.06382812499999994 0.059805555555555556
12 0.35385546875 0.05241666666666667 0.1135703125 0.10483333333333333