19 0.359375 0.9847222222222223 0.03203125 0.030555555555555555
19 0.77508984375 0.9730902777777778 0.051539062499999934 0.05381944444444445
19 0.59184765625 0.9455 0.12067968750000002 0.10900000000000003
19 0.46256640625 0.979375 0.08236718750000005 0.041250000000000064
19 0.29272265625 0.9700624999999999 0.05455468750000003 0.05987499999999986
19 0.26182812499999997 0.9752083333333333 0.07162500000000005 0.049583333333333396
17 0.6695664062500001 0.9551944444444445 0.07569531250000008 0.08961111111111109
17 0.63698046875 0.8873194444444444 0.05000781249999999 0.09699999999999989
19 0.671265625 0.7739027777777778 0.10590624999999995 0.3944166666666667
19 0.7198085937500001 0.8590208333333333 0.02413281250000008 0.06109722222222223
19 0.7980195312499999 0.9335347222222222 0.051617187500000036 0.0917638888888888
19 0.5072617187499999 0.8601597222222223 0.09060156250000002 0.18465277777777783
19 0.41520703125 0.9290694444444445 0.04897656250000004 0.09913888888888904
19 0.5206835937500001 0.7793819444444444 0.2723046875 0.4216249999999999
19 0.2880078125 0.9305416666666667 0.019125000000000014 0.03302777777777774
18 0.17402734375 0.5832708333333332 0.16192968749999997 0.31629166666666664
18 0.3626015625 0.6139861111111112 0.10634375000000004 0.2155555555555556
17 0.26766015625 0.6466458333333334 0.08666406250000006 0.18020833333333341
19 0.36686718749999997 0.9059791666666668 0.012046874999999967 0.02495833333333337
14 0.49563281249999996 0.7502638888888888 0.08835937499999993 0.13430555555555562
17 0.22016796875 0.41511805555555553 0.08713281249999998 0.18251388888888884
15 0.281734375 0.3481111111111111 0.07281250000000003 0.17269444444444448
17 0.50012890625 0.49526388888888884 0.09044531249999999 0.14705555555555555
17 0.41710546875 0.4675625 0.08438281249999999 0.19459722222222225
17 0.6139140624999999 0.5024513888888889 0.09595312499999994 0.15881944444444449
17 0.52071484375 0.37998611111111114 0.08713281249999998 0.12663888888888894
19 0.26263671875 0.31365277777777784 0.14222656250000004 0.2704722222222223
19 0.3589609375 0.42333333333333334 0.03862500000000004 0.15105555555555555
19 0.60142578125 0.38623611111111117 0.11247656250000002 0.1983333333333333
19 0.7995000000000001 0.43247916666666664 0.09650000000000007 0.13018055555555558
19 0.8574023437500001 0.29370833333333335 0.01683593750000014 0.3725833333333333
19 0.8066289062499999 0.32075 0.05972656249999995 0.1323611111111111
10 0.50569921875 0.2736527777777778 0.13235156250000008 0.13724999999999998
19 0.6023125 0.24447916666666664 0.21853125 0.2136805555555556
19 0.658765625 0.18728472222222223 0.18653124999999998 0.36901388888888886
19 0.40487109375 0.2678125 0.1283828125 0.21979166666666666
17 0.47955078125000006 0.13317361111111115 0.06969531250000002 0.10893055555555559
10 0.60209765625 0.06318055555555556 0.06969531250000002 0.12636111111111112
19 0.20074999999999998 0.16313194444444445 0.04978125000000002 0.09804166666666667
19 0.28002734375 0.13180555555555556 0.09803906250000001 0.14977777777777776
19 0.357765625 0.16176388888888887 0.02834374999999998 0.049027777777777795
19 0.41099609375 0.04806944444444444 0.019914062500000006 0.05311111111111112
19 0.54158984375 0.0787013888888889 0.028335937499999984 0.11437499999999999
19 0.19403515625 0.0470625 0.12057031250000003 0.08965277777777778
19 0.18615625 0.03770833333333333 0.152203125 0.07541666666666666