10 0.7266171874999999 0.9318749999999999 0.09479687499999993 0.13624999999999987
3 0.839265625 0.9091944444444444 0.11625000000000005 0.1816111111111111
19 0.44522265625 0.9858055555555555 0.034398437499999976 0.028388888888888963
19 0.6441796875 0.8262083333333333 0.13523437499999993 0.26908333333333334
19 0.3862109375 0.9033541666666666 0.10212500000000002 0.1024583333333333
19 0.3002890625 0.823875 0.07571874999999997 0.11061111111111124
19 0.4280546875000001 0.6984375 0.286328125 0.429875
19 0.6304765625000001 0.6751874999999999 0.08565625000000007 0.18129166666666663
19 0.8309609374999999 0.7344444444444443 0.07473437499999998 0.10838888888888884
8 0.2653203125 0.6866597222222222 0.08479687499999997 0.18873611111111102
16 0.7301796875 0.5876597222222222 0.09615624999999994 0.17023611111111103
17 0.67429296875 0.6230208333333334 0.05119531249999998 0.12868055555555552
19 0.6770703125 0.4144027777777778 0.08840625000000006 0.16441666666666666
19 0.8729999999999999 0.3601805555555556 0.10367187499999986 0.26666666666666666
19 0.29726171875 0.5911249999999999 0.03932031250000003 0.07488888888888884
19 0.47436718750000006 0.47251388888888896 0.33203125 0.44888888888888895
16 0.7926484375000001 0.2799583333333333 0.10314062500000007 0.17597222222222225
19 0.47532031249999995 0.3113888888888889 0.11174999999999997 0.12511111111111112
19 0.5784765625 0.17388888888888887 0.121484375 0.20027777777777775
19 0.49261718749999994 0.19402777777777777 0.10101562499999997 0.12194444444444447
2 0.48931250000000004 0.08838194444444444 0.32153124999999994 0.17315277777777777
12 0.77232421875 0.07489583333333333 0.1255859375 0.14979166666666666
19 0.33250390625000004 0.5441041666666666 0.05897656250000001 0.1323194444444444
17 0.34588671875 0.1412638888888889 0.08677343749999995 0.18025000000000005
17 0.28752734375 0.06015972222222222 0.08510156250000005 0.12031944444444444
19 0.35932812499999994 0.3221111111111111 0.09198437499999997 0.14480555555555558
19 0.64012890625 0.9707013888888889 0.10010156250000009 0.0585972222222223