19 0.24128515624999997 0.9121180555555556 0.0886640625 0.17576388888888883
19 0.351171875 0.9201388888888888 0.146875 0.1597222222222222
19 0.4845664062500001 0.9389027777777778 0.1235234375000001 0.12219444444444447
17 0.6687187499999999 0.9273541666666666 0.046187499999999916 0.11429166666666661
7 0.7762656250000001 0.8623541666666666 0.18600000000000003 0.2752916666666667
19 0.18546875000000002 0.7392083333333334 0.09937499999999999 0.1947222222222223
19 0.39439062500000005 0.7444444444444445 0.17074999999999996 0.30438888888888893
19 0.5394609375 0.8199097222222222 0.14293750000000002 0.2562361111111111
17 0.6723515625 0.6735972222222222 0.08385937499999993 0.13552777777777775
19 0.2710078125 0.6474861111111111 0.05145312500000001 0.16297222222222227
19 0.30516406249999994 0.5825347222222222 0.03049999999999997 0.11937500000000006
19 0.5105976562500001 0.6356736111111111 0.1376953125 0.13681944444444444
19 0.7514453124999999 0.6332638888888888 0.10814062499999996 0.19736111111111115
19 0.37072265625 0.3899236111111111 0.08602343750000001 0.1425972222222222
19 0.4475546875 0.45245138888888886 0.06507812499999996 0.08823611111111107
12 0.56694140625 0.44747916666666665 0.0498046875 0.144625
19 0.79038671875 0.3506666666666666 0.1551484375 0.26866666666666666
19 0.45968359375 0.5031180555555556 0.12830468750000001 0.25295833333333334
17 0.4788046875 0.3821875 0.059562500000000004 0.12220833333333335
17 0.5117109375 0.5021249999999999 0.06728124999999992 0.08236111111111105
17 0.42383984375 0.53775 0.08713281249999998 0.10391666666666657
17 0.6863046875000001 0.3117638888888889 0.06342187500000004 0.10458333333333335
17 0.6230703125 0.29134027777777777 0.08179687500000003 0.11601388888888885
19 0.4461640625 0.23390277777777777 0.09532812499999999 0.09919444444444446
19 0.5618359374999999 0.25471527777777775 0.12242187500000004 0.2544305555555556
19 0.689453125 0.1401388888888889 0.21703124999999995 0.27249999999999996
19 0.54008984375 0.1727152777777778 0.07610156250000007 0.131375
17 0.43200390625 0.13938194444444446 0.08492968750000003 0.11568055555555555
19 0.404984375 0.04665277777777778 0.12573437500000004 0.09330555555555556
19 0.52409765625 0.052534722222222226 0.10588281249999998 0.10506944444444445
10 0.5764765625 0.058541666666666665 0.13804687500000004 0.11708333333333333