19 0.5881875 0.9422222222222222 0.07106250000000003 0.11555555555555562
0 0.367578125 0.9625 0.08203125 0.075
19 0.47417187499999996 0.9696527777777777 0.14084375 0.06069444444444451
19 0.7550703125 0.893861111111111 0.17562500000000006 0.21227777777777768
12 0.26907421875 0.8732430555555556 0.12288281249999997 0.15531944444444434
18 0.263859375 0.8815555555555556 0.06368749999999998 0.116888888888889
2 0.34658203125 0.7301944444444445 0.22836718749999996 0.26872222222222225
19 0.48033593750000003 0.6835208333333334 0.12125000000000004 0.24106944444444436
0 0.5685703125 0.7331805555555555 0.056968750000000054 0.1670555555555555
7 0.26119921875 0.511076388888889 0.1271484375 0.26745833333333324
17 0.371671875 0.5306666666666667 0.08493750000000003 0.15513888888888897
19 0.518515625 0.6480625 0.08517187499999998 0.15831944444444446
8 0.41711328124999997 0.4231111111111111 0.11024218750000006 0.15966666666666668
19 0.34025 0.3583680555555555 0.074328125 0.1404305555555556
19 0.5155429687499999 0.4383194444444445 0.018039062499999935 0.0338055555555556
10 0.5728984374999999 0.2503194444444445 0.05843749999999996 0.31425000000000003
19 0.40063281249999994 0.490375 0.05160937499999996 0.09547222222222224
19 0.68726953125 0.7385069444444444 0.04921093750000001 0.06359722222222217
19 0.22143359375 0.20572916666666666 0.1253828125 0.22570833333333332
19 0.34716015625 0.21637500000000004 0.11630468749999996 0.23141666666666666
7 0.423984375 0.22805555555555554 0.15265625000000002 0.3375
14 0.5003359374999999 0.33026388888888886 0.11526562499999997 0.12222222222222218
14 0.48367187500000003 0.12375 0.09406250000000008 0.20083333333333328
18 0.56038671875 0.12113194444444444 0.07899218749999992 0.18984722222222222
17 0.31215234375 0.07143055555555557 0.0784140625 0.13211111111111112
2 0.4944218749999999 0.05834027777777778 0.07431249999999992 0.11668055555555557
19 0.198 0.012833333333333335 0.018062500000000002 0.025583333333333336
18 0.11199218749999999 0.13903472222222224 0.10217187500000002 0.2780694444444445