17 0.21560937500000002 0.9589930555555556 0.07940624999999998 0.08201388888888883
12 0.562890625 0.9486111111111111 0.09140625 0.10277777777777777
19 0.489359375 0.921951388888889 0.06101562499999993 0.12418055555555567
19 0.40861328124999996 0.902861111111111 0.0331484375 0.06541666666666654
19 0.432828125 0.9103611111111112 0.011531249999999993 0.020722222222222322
19 0.35097265625 0.761875 0.05897656250000001 0.1004166666666666
17 0.42553906249999995 0.7369930555555555 0.05682812500000001 0.18037499999999992
19 0.5719296875000001 0.8556111111111111 0.16539062500000004 0.11122222222222213
19 0.5328632812499999 0.7593402777777778 0.12171093749999998 0.10565277777777769
19 0.27892968749999997 0.7059583333333332 0.07754687499999999 0.13219444444444453
17 0.37299609375 0.7215902777777777 0.07075781249999995 0.22598611111111117
19 0.47310937500000005 0.6754652777777778 0.08940625000000005 0.18426388888888884
19 0.528796875 0.6538472222222222 0.04964062499999997 0.13630555555555562
12 0.3907109375 0.4855763888888889 0.12979687500000003 0.22481944444444446
16 0.50479296875 0.4769513888888888 0.14197656250000001 0.24640277777777772
8 0.6291015625 0.3830763888888889 0.05028124999999992 0.10620833333333338
19 0.7777265625 0.35974999999999996 0.06976562500000005 0.16702777777777778
19 0.4578125 0.34152083333333333 0.11407812499999999 0.13587500000000002
19 0.58941015625 0.31024999999999997 0.10325781250000006 0.10355555555555553
17 0.83451171875 0.3059236111111111 0.07171093749999997 0.15962500000000002
8 0.66355859375 0.13965277777777776 0.1902265625 0.27930555555555553
14 0.803125 0.1645277777777778 0.10375000000000005 0.21399999999999997
19 0.38790625 0.22825 0.15409375 0.15844444444444442
19 0.523765625 0.19152083333333333 0.06039062499999996 0.06668055555555555
8 0.41884375 0.14118055555555556 0.16378125000000004 0.2048611111111111
19 0.49366796874999996 0.09113194444444443 0.10311718750000001 0.16476388888888888
19 0.5410625 0.06825694444444445 0.05415624999999995 0.09623611111111112
19 0.79014453125 0.046 0.08767968750000002 0.092