18 0.211578125 0.3395694444444445 0.03621875000000001 0.13280555555555557
2 0.22101171874999997 0.17255555555555557 0.13578906249999997 0.23433333333333337
12 0.40977734374999997 0.2718194444444444 0.031695312499999996 0.07947222222222226
19 0.41841015625000005 0.16515277777777776 0.11122656249999996 0.15519444444444447
19 0.5993984375 0.16649999999999998 0.061921874999999994 0.09855555555555552
17 0.624609375 0.05422916666666667 0.07232812499999994 0.10845833333333334
19 0.47933984374999994 0.06109027777777778 0.08655468749999998 0.12218055555555556
19 0.54071875 0.03905555555555556 0.09634374999999995 0.07811111111111112
19 0.52452734375 0.1605 0.024367187500000043 0.037055555555555564
18 0.31767578125 0.08225694444444444 0.09261718749999996 0.08756944444444445
17 0.39398046875 0.04015277777777777 0.053898437499999965 0.07747222222222222
19 0.732109375 0.02640277777777778 0.07665624999999991 0.05280555555555556
17 0.35302734375 0.9646111111111111 0.08425781250000001 0.07077777777777783
8 0.7001562499999999 0.96375 0.10062499999999996 0.07250000000000006
12 0.43579296874999995 0.9540277777777777 0.06528906249999995 0.09194444444444451
19 0.60694140625 0.9199999999999999 0.12877343749999995 0.16000000000000006
2 0.35649609375 0.8779027777777778 0.07763281250000001 0.11275000000000009
19 0.47669140625000006 0.7771319444444444 0.10385156250000005 0.1524027777777778
18 0.5367773437500001 0.8720347222222221 0.0294921875 0.045652777777777626
8 0.59381640625 0.6545486111111111 0.12142968750000005 0.3240416666666666
10 0.7221796875000001 0.6856249999999999 0.07704687499999992 0.27708333333333335
17 0.42230468749999994 0.6150833333333333 0.07132812499999996 0.16955555555555563
19 0.49604296875000004 0.6158333333333333 0.11714843750000004 0.17711111111111108
10 0.6310976562499999 0.5357708333333333 0.1375078125 0.1404305555555556
17 0.4668046875 0.45232638888888893 0.06907812500000006 0.1153194444444444
17 0.53862890625 0.47466666666666674 0.09024218749999999 0.08794444444444452
10 0.38326562500000005 0.46288888888888885 0.04762500000000003 0.23122222222222225
10 0.34794921875 0.28259027777777773 0.1142578125 0.2954583333333334
18 0.5912578125000001 0.4051597222222222 0.16048437500000007 0.18337499999999995
12 0.70930859375 0.35814583333333333 0.1737265624999999 0.2901805555555556
18 0.11199218749999999 0.13903472222222224 0.10217187500000002 0.2780694444444445
19 0.608515625 0.8519652777777778 0.08192187499999992 0.0979583333333333
19 0.4133984375 0.45389583333333333 0.020718749999999987 0.11776388888888883