19 0.53125 0.9506944444444444 0.146875 0.09861111111111111
19 0.18515625 0.9784722222222222 0.0640625 0.043055555555555555
19 0.2953125 0.9326388888888889 0.13671875 0.13472222222222222
10 0.5131015624999999 0.8648888888888889 0.1247187499999999 0.093638888888889
17 0.7528671874999999 0.9657638888888889 0.05551562499999996 0.06847222222222216
10 0.64428125 0.923048611111111 0.07143750000000004 0.1410972222222221
19 0.7580859375 0.8504861111111112 0.08020312500000007 0.11388888888888889
19 0.5244687499999999 0.8294652777777778 0.049249999999999974 0.06129166666666682
14 0.6155117187499999 0.7729999999999999 0.07350781249999994 0.16211111111111115
14 0.46211328125 0.8394861111111112 0.12661718749999995 0.20338888888888895
2 0.323671875 0.7793749999999999 0.09328124999999998 0.11402777777777764
19 0.71631640625 0.8742500000000001 0.05682031250000001 0.04986111111111124
19 0.41503515625 0.9203611111111111 0.10047656249999996 0.13658333333333322
18 0.40228906250000007 0.7414444444444445 0.09657812499999996 0.2554722222222223
19 0.265625 0.6540208333333333 0.06281249999999998 0.11706944444444439
3 0.29221484374999995 0.6186736111111111 0.10619531250000006 0.1806805555555556
17 0.48132421875000003 0.6056111111111111 0.08124218750000001 0.17483333333333334
19 0.5336953125 0.5984027777777778 0.11364062500000002 0.25652777777777785
2 0.76290625 0.6719097222222222 0.18612499999999993 0.30465277777777783
17 0.750703125 0.6176319444444445 0.08023437500000004 0.16176388888888893
18 0.5745234375000001 0.5005347222222222 0.14032812499999991 0.18940277777777778
19 0.69129296875 0.2965763888888889 0.1996015625 0.3860138888888889
19 0.393265625 0.4206944444444444 0.06920312499999999 0.10347222222222222
19 0.44839062500000004 0.38679861111111113 0.08762500000000006 0.12268055555555557
14 0.36396484375 0.3437777777777778 0.0788984375 0.13930555555555557
19 0.55796875 0.32929861111111114 0.1734375 0.26526388888888897
10 0.40189843750000004 0.18963888888888888 0.1874375 0.2623333333333333
10 0.21124218749999998 0.42361805555555554 0.08748437500000002 0.1449861111111111
19 0.27061718749999997 0.278375 0.12342187500000001 0.21452777777777782
2 0.2184375 0.17931249999999999 0.20453124999999997 0.35862499999999997
19 0.81431640625 0.3278819444444444 0.09386718750000007 0.17831944444444442
16 0.8085000000000001 0.18582638888888886 0.06804687499999992 0.10748611111111109
18 0.7628046875000001 0.06174305555555555 0.17815625000000007 0.1234861111111111
19 0.5323046874999999 0.08950694444444443 0.1426874999999999 0.17901388888888886
19 0.6209609375 0.03922222222222222 0.05150000000000006 0.07844444444444444
19 0.42128125 0.07394444444444444 0.09456249999999997 0.12008333333333335
7 0.34524999999999995 0.024215277777777777 0.05581250000000004 0.04843055555555555
16 0.43943359375 0.03322222222222222 0.05657031250000007 0.06644444444444444