8 0.2528359375 0.6662986111111111 0.08835937500000002 0.2153749999999999
19 0.47146484375000003 0.9399236111111111 0.07710156250000004 0.11237500000000011
10 0.27513671875 0.9461666666666667 0.12902343749999998 0.10766666666666665
17 0.20448828125000001 0.9359583333333333 0.09041406250000002 0.12808333333333338
19 0.45659765625000004 0.8058541666666665 0.08885156250000001 0.16365277777777767
19 0.58219921875 0.7915625 0.19172656250000006 0.38501388888888893
19 0.387109375 0.8986111111111111 0.13203125 0.20277777777777778
19 0.7687734374999999 0.7311805555555556 0.10554687499999993 0.16319444444444445
19 0.432234375 0.7195625000000001 0.04293750000000003 0.09487499999999992
19 0.41694140625000004 0.6387152777777778 0.10813281250000002 0.13273611111111103
19 0.66890234375 0.6087499999999999 0.061851562500000054 0.32419444444444445
19 0.54248828125 0.6228472222222223 0.13638281249999995 0.2254166666666666
19 0.76866015625 0.6096805555555556 0.058351562500000044 0.09486111111111105
19 0.8213125 0.623736111111111 0.07729687500000004 0.14097222222222222
19 0.507515625 0.3841111111111111 0.04803125000000001 0.08513888888888886
17 0.5753671875 0.3879583333333333 0.07414062500000007 0.17494444444444446
17 0.740921875 0.34694444444444444 0.08273437500000007 0.12074999999999995
19 0.8240390625 0.2541180555555555 0.06370312499999997 0.10784722222222219
9 0.7737109375 0.17956249999999999 0.12101562499999999 0.22440277777777776
19 0.54677734375 0.29720833333333335 0.07921093750000008 0.14833333333333332
8 0.5916953125 0.20966666666666667 0.11410937499999996 0.18205555555555553
19 0.41903125 0.30782638888888886 0.08393750000000004 0.21565277777777775
17 0.44987890625000004 0.26625 0.07280468750000005 0.13702777777777772
19 0.35331640625 0.30869444444444444 0.049539062499999974 0.07369444444444445
19 0.26862109375 0.40459027777777773 0.0389609375 0.04729166666666661
19 0.44765234375 0.14205555555555555 0.11830468750000005 0.13661111111111113
19 0.51337890625 0.08002083333333333 0.10010156250000009 0.16004166666666667
19 0.6635078125 0.08271527777777778 0.1981406249999999 0.16543055555555555
16 0.2924375 0.12681250000000002 0.13753124999999997 0.19945833333333335
19 0.34654296875 0.045861111111111116 0.07583593749999995 0.09172222222222223
19 0.41732031249999996 0.0629375 0.11829687500000001 0.125875
8 0.25958593750000003 0.024291666666666663 0.09606250000000002 0.048583333333333326