19 0.25553125000000004 0.9317152777777776 0.03793749999999996 0.13656944444444435
19 0.3690703125 0.9767569444444444 0.04779687499999996 0.04648611111111115
2 0.44971875 0.8819791666666666 0.08326562499999994 0.2289027777777777
19 0.5151171875 0.9516527777777779 0.08800000000000008 0.09669444444444429
19 0.31426953125 0.8575277777777777 0.09147656250000002 0.1692222222222221
19 0.5989335937500001 0.9609305555555555 0.018664062500000078 0.032972222222222236
19 0.49084765625000004 0.7860902777777778 0.07592968750000004 0.10237500000000005
17 0.59628125 0.8051249999999999 0.04792187499999993 0.10697222222222219
17 0.44393359375 0.5868263888888888 0.06378906250000008 0.117375
19 0.39174609374999997 0.7404027777777776 0.04450781249999998 0.05011111111111101
19 0.37966015625000005 0.5527013888888889 0.04967968749999998 0.11973611111111117
19 0.5959882812499999 0.5754305555555556 0.04461718749999992 0.14224999999999993
19 0.30054296875 0.40236111111111117 0.10983593750000002 0.2198611111111111
19 0.46286328125000004 0.4798402777777778 0.1164140625 0.1314583333333333
19 0.58663671875 0.3323055555555555 0.1086015625 0.25252777777777774
19 0.423234375 0.39198611111111115 0.09168749999999996 0.0986944444444444
12 0.7323671875 0.3688611111111111 0.262703125 0.28994444444444445
19 0.17801171875000002 0.334375 0.029664062500000022 0.04175
19 0.26911718749999997 0.25538194444444445 0.09642187499999996 0.08131944444444446
19 0.38410156250000005 0.16194444444444445 0.07976562500000002 0.21888888888888886
19 0.39236328125000003 0.3232083333333333 0.06675781250000004 0.11208333333333331
19 0.5338164062499999 0.3450625 0.13475781250000002 0.11648611111111112
19 0.51341796875 0.1799166666666667 0.10082031249999997 0.20927777777777778
17 0.46108984375000006 0.19604166666666667 0.04249218750000008 0.08069444444444446
17 0.8035625 0.19376388888888887 0.04698437499999999 0.17080555555555557
19 0.54329296875 0.22913888888888892 0.05686718749999997 0.11327777777777778
19 0.42488671875 0.2758333333333333 0.07911718749999999 0.11208333333333331
19 0.45483984375000003 0.11447222222222223 0.07297656250000006 0.08394444444444445
19 0.22257031249999998 0.08928472222222222 0.09109375000000001 0.10990277777777777
19 0.3230625 0.12591666666666665 0.015453124999999979 0.030527777777777765
19 0.2526171875 0.024041666666666666 0.03785937500000003 0.04808333333333333
19 0.34408984375 0.04876388888888889 0.054085937500000014 0.09630555555555556
13 0.290390625 0.044645833333333336 0.06876562499999998 0.08929166666666667
19 0.42646484375 0.044951388888888895 0.09194531250000004 0.08868055555555557
19 0.5376484375 0.04570833333333333 0.1305781249999999 0.09019444444444444
19 0.7368203125 0.012131944444444443 0.04129687499999992 0.023041666666666672
19 0.6235 0.02052777777777778 0.07220312500000006 0.036777777777777784
2 0.8008359374999999 0.011805555555555555 0.052390624999999955 0.02361111111111111
2 0.6686484375 0.016909722222222222 0.022765625000000077 0.02581944444444444
19 0.6400976562499999 0.13179861111111113 0.14711718749999997 0.17362499999999997
19 0.74883203125 0.12740972222222222 0.06811718750000004 0.16923611111111111