19 0.99477734375 0.01670138888888889 0.010445312499999915 0.03340277777777778
19 0.24002734375 0.9886805555555556 0.08942968750000002 0.022638888888888827
19 0.288296875 0.9750069444444445 0.050437499999999955 0.04998611111111113
0 0.46599218750000004 0.9513055555555556 0.084953125 0.09738888888888873
19 0.53691015625 0.9756458333333332 0.06789843750000006 0.04870833333333324
19 0.5594453125000001 0.8345069444444445 0.14942187499999998 0.26734722222222224
19 0.73203125 0.8611111111111112 0.2046875 0.2777777777777778
19 0.19089453125 0.7374166666666667 0.1846171875 0.25538888888888894
10 0.259625 0.8364999999999999 0.18335937499999996 0.30402777777777784
19 0.37414843750000004 0.7995069444444446 0.080765625 0.14429166666666682
19 0.41045703125 0.7175555555555555 0.06144531250000003 0.23125
17 0.46019531250000006 0.7410138888888889 0.08157812500000006 0.10847222222222218
19 0.37109375 0.6011388888888889 0.06656250000000004 0.19238888888888886
19 0.50651953125 0.6962708333333334 0.04828906249999996 0.07779166666666673
19 0.5997265625 0.7019930555555555 0.03690625000000001 0.07404166666666659
19 0.53384375 0.5311319444444444 0.08796874999999993 0.16595833333333335
18 0.46353906250000004 0.518263888888889 0.029640625000000042 0.06022222222222224
10 0.59101953125 0.4281597222222222 0.1776484374999999 0.11690277777777772
19 0.43637500000000007 0.34105555555555556 0.061640625000000074 0.11680555555555559
19 0.493640625 0.29229166666666667 0.07945312500000004 0.24263888888888882
19 0.41519140625000006 0.22470138888888888 0.09805468749999999 0.1602361111111111
19 0.44766015625 0.25410416666666663 0.026242187499999937 0.0518472222222222
19 0.55909375 0.37259027777777776 0.03821875000000006 0.056847222222222195
3 0.73639453125 0.25736111111111115 0.07955468749999994 0.18527777777777774
10 0.3172109375 0.31875 0.16920312500000004 0.10402777777777775
19 0.27873046874999996 0.20722916666666663 0.11496093749999999 0.11084722222222222
19 0.5515703125 0.26956250000000004 0.12298437500000006 0.19551388888888893
3 0.59975 0.1116875 0.11878124999999998 0.21429166666666669
19 0.42684375 0.08620138888888888 0.11468749999999997 0.11545833333333333
19 0.31272265625 0.08029166666666666 0.07486718750000003 0.16058333333333333
18 0.39875 0.017354166666666667 0.10298437499999995 0.034708333333333334
19 0.54094140625 0.022555555555555554 0.028085937500000036 0.04511111111111111
18 0.11199218749999999 0.13903472222222224 0.10217187500000002 0.2780694444444445