19 0.401171875 0.95625 0.12734375 0.0875
19 0.5443515624999999 0.914861111111111 0.157625 0.17027777777777764
19 0.6856796875000001 0.9622361111111112 0.021781250000000085 0.047111111111111215
19 0.7163320312500001 0.9526597222222222 0.033914062500000064 0.051902777777777624
19 0.67108984375 0.8875138888888888 0.04250781250000006 0.1114166666666667
19 0.5076484375000001 0.9508541666666667 0.04642187500000006 0.09829166666666664
17 0.42940625 0.8809305555555556 0.049453124999999966 0.07325000000000001
19 0.354171875 0.8663819444444444 0.09168749999999996 0.07326388888888889
19 0.369140625 0.8680555555555556 0.10703125 0.2638888888888889
8 0.76762890625 0.8360416666666666 0.17410156250000003 0.19244444444444436
19 0.4288671875 0.756986111111111 0.10610937499999995 0.10097222222222228
19 0.54615234375 0.7770277777777779 0.05033593750000005 0.09925000000000005
19 0.30025781250000005 0.7342152777777777 0.03296875000000003 0.07326388888888889
19 0.38181640625 0.6829375 0.07314843749999995 0.07143055555555548
8 0.48621484375 0.6637013888888889 0.08653906249999999 0.1538472222222222
19 0.5063046874999999 0.5080972222222223 0.08756249999999995 0.2671388888888889
19 0.20921875 0.4629930555555556 0.043265624999999995 0.07195833333333326
3 0.26141796875 0.45979861111111114 0.06592968749999999 0.1719305555555555
14 0.59400390625 0.42261111111111105 0.10197656249999998 0.29944444444444446
19 0.68931640625 0.3292222222222222 0.03705468750000005 0.2884722222222222
19 0.26192187499999997 0.33171527777777776 0.013718749999999957 0.024375000000000015
19 0.32329296875 0.3217222222222222 0.019679687500000043 0.02755555555555552
19 0.525703125 0.25216666666666665 0.11126562500000006 0.13552777777777775
8 0.31682812499999996 0.19138888888888891 0.11349999999999998 0.11416666666666665
15 0.43084375 0.24498611111111113 0.09012499999999997 0.1603055555555556
8 0.69031640625 0.14479861111111111 0.1054765625 0.12706944444444446
19 0.585953125 0.17731944444444442 0.09371875000000003 0.14602777777777776
14 0.6271796875 0.07150694444444444 0.12128125000000001 0.14301388888888888
16 0.44070312500000003 0.04403472222222222 0.17359375000000005 0.08806944444444444
19 0.28665234375000004 0.07022222222222223 0.09519531250000002 0.13177777777777777