12 0.59430859375 0.9145555555555556 0.19308593750000008 0.17088888888888884
18 0.40238281249999996 0.9495138888888889 0.068359375 0.09319444444444432
18 0.7653867187500001 0.8874027777777779 0.04621093750000007 0.08188888888888894
14 0.69376171875 0.8053194444444445 0.1101484375 0.1948888888888888
0 0.2628359375 0.8841875 0.05876562500000002 0.10729166666666666
8 0.3743828125 0.8260347222222222 0.10304687499999998 0.218263888888889
10 0.307140625 0.8358194444444444 0.05892187499999997 0.17275000000000015
18 0.3554765625 0.5637152777777777 0.1286875 0.3643472222222221
8 0.6203359374999999 0.5491527777777777 0.11115624999999998 0.14961111111111114
14 0.49934765625 0.4774444444444445 0.06610156249999992 0.1731944444444445
9 0.501953125 0.36859027777777775 0.19059375000000003 0.20470833333333333
19 0.7084921874999999 0.29753472222222227 0.30851562500000007 0.2329305555555556
2 0.46450781250000006 0.2020625 0.21995312499999997 0.404125
2 0.17101562500000003 0.1963125 0.08115625000000001 0.15812499999999996
12 0.256859375 0.16525 0.09053125 0.15811111111111112
12 0.19650781250000002 0.07066666666666666 0.036531250000000015 0.0818888888888889
3 0.33994921875 0.10139583333333332 0.05822656249999998 0.11337499999999999
4 0.5487421875 0.16947222222222225 0.11982812500000009 0.18922222222222224
12 0.6467734375 0.2038888888888889 0.07306249999999999 0.13944444444444443
19 0.12076171875 0.2946736111111111 0.1258203125 0.5893472222222222