17 0.4561875000000001 0.9561180555555555 0.07043750000000007 0.08776388888888896
19 0.5862812500000001 0.9032916666666667 0.13671875 0.1822777777777778
19 0.4168046875 0.9129652777777777 0.13776562499999997 0.10604166666666653
18 0.2016484375 0.9121874999999999 0.087890625 0.17076388888888897
17 0.3203515625 0.8203194444444445 0.07023437499999999 0.10450000000000001
19 0.39046875000000003 0.7940069444444445 0.07857812500000003 0.10654166666666672
19 0.40525390625 0.7786875 0.051257812499999965 0.06990277777777767
19 0.3780546875 0.746736111111111 0.16850000000000004 0.2399722222222222
19 0.6157851562500001 0.7429444444444444 0.1548828125 0.1736666666666666
19 0.52515625 0.7569097222222223 0.06204687500000006 0.08987500000000005
19 0.42241015624999995 0.6310902777777778 0.09039843750000003 0.11398611111111102
19 0.49675 0.6913958333333333 0.12648437500000007 0.1362638888888889
19 0.5003203125 0.6215972222222222 0.06701562499999998 0.11961111111111111
14 0.5832265624999999 0.5356666666666666 0.12281250000000003 0.2423611111111111
19 0.7293515625 0.5247083333333333 0.10384375000000005 0.20858333333333343
16 0.34285546875 0.5664444444444444 0.07477343750000003 0.14294444444444437
18 0.49749999999999994 0.3689583333333333 0.200390625 0.39499999999999996
0 0.8276171874999999 0.39852777777777776 0.06906250000000007 0.13249999999999998
19 0.6728945312500001 0.2796111111111111 0.10325781250000006 0.15530555555555559
17 0.38138281249999995 0.21647916666666667 0.07073437499999997 0.12926388888888887
16 0.2106953125 0.0547361111111111 0.09935937499999999 0.1094722222222222
19 0.32160546874999996 0.1416458333333333 0.06700781249999999 0.21223611111111113
14 0.4248125 0.16356250000000003 0.08087499999999999 0.28618055555555555
17 0.48373437500000005 0.10878472222222221 0.04467187500000005 0.09173611111111113
3 0.517625 0.025979166666666664 0.07701562499999995 0.05195833333333333
19 0.6581875 0.10540277777777778 0.09165624999999995 0.21080555555555555
19 0.7629414062500001 0.1402847222222222 0.04544531250000006 0.09995833333333336