19 0.37609375 0.9669444444444444 0.04875000000000003 0.06611111111111098
2 0.25096484374999994 0.9419444444444444 0.05442968749999997 0.11611111111111098
18 0.568359375 0.9402777777777778 0.1421875 0.11944444444444445
19 0.29421875000000003 0.8855694444444444 0.10843749999999996 0.22052777777777774
19 0.65786328125 0.9692777777777778 0.051742187500000016 0.061444444444444454
10 0.57488671875 0.8060972222222222 0.09124218749999997 0.28125
17 0.38848046875 0.875 0.058085937499999976 0.09930555555555555
19 0.32028124999999996 0.3945763888888889 0.07540624999999998 0.09248611111111116
2 0.7162265624999999 0.8702777777777778 0.201171875 0.25944444444444437
14 0.809484375 0.8942222222222223 0.05784374999999997 0.12172222222222236
19 0.47342968750000003 0.8110763888888889 0.07143750000000004 0.13376388888888882
19 0.41020312500000006 0.7662152777777779 0.05500000000000003 0.09126388888888894
19 0.532453125 0.8185694444444445 0.03540624999999995 0.09925000000000005
19 0.709875 0.9290069444444444 0.16696875000000003 0.14198611111111115
11 0.79918359375 0.5831041666666668 0.062101562500000006 0.311013888888889
10 0.71356640625 0.7251111111111112 0.15666406249999998 0.17338888888888884
19 0.26264062499999996 0.6998194444444444 0.06468749999999997 0.1544444444444445
19 0.536265625 0.5080833333333333 0.06893750000000001 0.1893888888888889
19 0.5823984375 0.5630416666666667 0.1094843749999999 0.1835
19 0.6691015625000001 0.5875555555555556 0.09132812500000007 0.09672222222222221
2 0.41813671875 0.6399583333333333 0.10122656249999995 0.16591666666666663
19 0.4846953125000001 0.5284722222222222 0.08745312500000005 0.1680277777777778
18 0.49148437500000003 0.6490763888888889 0.049125000000000085 0.0377083333333333
19 0.30728125 0.5930069444444445 0.11331249999999997 0.30851388888888887
19 0.596375 0.4021111111111111 0.08678124999999995 0.14911111111111114
19 0.7013203125 0.4370625 0.12689062500000006 0.23106944444444444
17 0.64925 0.5212708333333333 0.06209375000000002 0.13929166666666662
12 0.4190625 0.4586527777777778 0.042671874999999956 0.1925277777777778
12 0.3146484375 0.2256111111111111 0.051484374999999985 0.12350000000000003
14 0.37341015624999996 0.24852777777777776 0.07177343750000001 0.1537777777777778
16 0.20788671875000003 0.3497291666666667 0.05736718750000003 0.1570416666666667
19 0.48809375 0.36752083333333335 0.1022343750000001 0.1481805555555556
17 0.7737421875 0.37613888888888886 0.06078124999999997 0.12811111111111112
19 0.8142304687500002 0.3541111111111111 0.025820312500000143 0.10611111111111107
18 0.518890625 0.1819097222222222 0.11850000000000005 0.26381944444444444
2 0.6488125 0.1801736111111111 0.13343749999999996 0.3603472222222222
19 0.6669296874999999 0.30712500000000004 0.05607812499999998 0.0910277777777778
14 0.37359765624999997 0.39897916666666666 0.04202343749999997 0.16537499999999994
16 0.43455078125 0.22390277777777778 0.07849218750000002 0.14816666666666667
19 0.548015625 0.3224097222222222 0.06934375 0.22940277777777773
16 0.8007382812500001 0.18659722222222222 0.10821093750000008 0.24263888888888888
16 0.4695390625 0.07475 0.11850000000000005 0.1495
18 0.56785546875 0.052750000000000005 0.09919531250000002 0.103
16 0.2154140625 0.1362361111111111 0.04564062499999999 0.06397222222222222
19 0.25712109375000003 0.12063888888888889 0.10267968750000005 0.1607222222222222
16 0.3205390625 0.077 0.057515625 0.11822222222222223
19 0.25913671875 0.02313888888888889 0.04422656250000001 0.04627777777777778