17 0.5528125 0.98125 0.06234374999999996 0.0375
18 0.56126953125 0.7905694444444443 0.05792968750000007 0.09174999999999993
6 0.73254296875 0.6903819444444445 0.13382031249999998 0.0935416666666667
18 0.59265234375 0.21408333333333332 0.08311718750000008 0.11983333333333332
16 0.33239453124999996 0.26663194444444444 0.05666406249999998 0.09481944444444441
13 0.286703125 0.05095138888888889 0.07393749999999999 0.10004166666666667
10 0.5375429687500001 0.39099999999999996 0.14428906250000004 0.23549999999999996
17 0.50503515625 0.04631944444444445 0.1014765624999999 0.0926388888888889
12 0.43001171875 0.020972222222222222 0.051382812499999986 0.041944444444444444
12 0.21795703125000002 0.11175694444444445 0.0669921875 0.12134722222222223
12 0.21709375 0.6215277777777778 0.05324999999999998 0.11186111111111106
17 0.43388671875 0.26483333333333337 0.08166406249999998 0.1341666666666667
18 0.26763671875 0.21430555555555558 0.11502343750000002 0.1185
19 0.7376406249999999 0.14569444444444446 0.16190625 0.2913888888888889
19 0.6491953125000001 0.3295416666666666 0.06457812500000007 0.09536111111111106
12 0.37394531249999996 0.8777777777777778 0.059609374999999964 0.15713888888888902
10 0.45086328125 0.65625 0.1830234375 0.43463888888888896
19 0.45414453125 0.9267222222222222 0.11500781250000003 0.12461111111111114
18 0.274 0.6995972222222223 0.025281250000000012 0.038194444444444524
18 0.30253515625 0.45224305555555555 0.030726562500000033 0.07334722222222215
18 0.44401171875 0.14572222222222223 0.028445312500000063 0.03558333333333334
19 0.390984375 0.04814583333333333 0.043062500000000004 0.09629166666666666
2 0.3478046875 0.9772916666666667 0.099515625 0.04541666666666673
3 0.23623046875 0.9703472222222221 0.11105468749999999 0.05930555555555562
19 0.39121875 0.40970833333333334 0.07493750000000002 0.12327777777777776
17 0.42189062499999996 0.36984027777777784 0.08339062500000001 0.11981944444444442
2 0.431703125 0.07422222222222222 0.04253125000000004 0.07738888888888888
19 0.582015625 0.2923263888888889 0.04990625000000008 0.052569444444444474
19 0.6065078125000001 0.08282638888888888 0.036046875000000075 0.090375
18 0.1319765625 0.21081249999999999 0.12432812499999998 0.42162499999999997