18 0.6091640625 0.9571597222222222 0.09942187499999999 0.08568055555555563
18 0.419140625 0.9541666666666667 0.0890625 0.09166666666666666
0 0.48693359375 0.8767916666666666 0.0580078125 0.13441666666666663
12 0.56172265625 0.8635138888888889 0.08116406250000008 0.1496388888888889
18 0.45545703125000003 0.822388888888889 0.09542968750000007 0.11444444444444457
10 0.32646875 0.7456875 0.049093750000000026 0.13945833333333338
12 0.3786875 0.5968194444444445 0.10953125000000004 0.1702777777777778
19 0.46045703125 0.6778541666666666 0.051742187500000016 0.17876388888888886
17 0.39478125 0.7370763888888889 0.09148437500000002 0.09487499999999992
17 0.6829414062500001 0.49048611111111107 0.06671093750000008 0.10502777777777779
19 0.6559296875 0.4814652777777778 0.15059375 0.13556944444444446
19 0.44554296875 0.4614375 0.07147656250000001 0.15529166666666658
4 0.48269140625 0.4111666666666666 0.10955468750000001 0.20608333333333334
12 0.23512500000000003 0.38311111111111107 0.06834375000000001 0.10874999999999997
10 0.40908203125 0.1669513888888889 0.09339843749999996 0.24581944444444445
19 0.20037500000000003 0.19825 0.060968749999999995 0.15933333333333335
2 0.503421875 0.2745833333333333 0.08004687500000003 0.11180555555555556
19 0.5030390625000001 0.6758541666666666 0.04523437500000007 0.16862500000000002
19 0.49984375 0.06309027777777777 0.08953124999999992 0.11340277777777778
0 0.48326953125000005 0.18045138888888887 0.05422656250000006 0.09265277777777775
18 0.54284765625 0.12906250000000002 0.07014843749999997 0.13881944444444444
19 0.6321875 0.11611805555555556 0.07676562499999999 0.1882361111111111
10 0.707234375 0.050888888888888886 0.09926562499999995 0.10177777777777777
19 0.77341015625 0.04735416666666666 0.046320312499999974 0.09470833333333332
18 0.8409062500000001 0.01929861111111111 0.02250000000000014 0.037875000000000006
17 0.58546484375 0.02382638888888889 0.033085937499999926 0.04765277777777778
18 0.38984765625 0.01182638888888889 0.04367968750000002 0.02365277777777778