18 0.51647265625 0.9540277777777777 0.14642968750000004 0.08333333333333333
17 0.34080859375 0.7501458333333334 0.06797656249999999 0.13662499999999994
17 0.3455390625 0.9624444444444443 0.07889062500000002 0.075111111111111
10 0.7124609375 0.5866527777777778 0.14576562499999995 0.2361111111111111
3 0.8445234375 0.5777083333333333 0.11625000000000005 0.26497222222222216
19 0.44816015625 0.6281111111111112 0.034398437499999976 0.08508333333333332
19 0.6510859375000001 0.44786111111111115 0.16515625000000006 0.3038888888888889
19 0.28184765624999997 0.7245902777777776 0.0749921875 0.13037499999999994
19 0.388 0.49995138888888885 0.10212500000000002 0.1024583333333333
19 0.30544531249999995 0.44033333333333335 0.07571874999999997 0.11061111111111109
19 0.44503906249999997 0.29938194444444444 0.286328125 0.429875
19 0.63896875 0.27829166666666666 0.08565625000000007 0.1813055555555555
19 0.8376249999999998 0.33540277777777777 0.0735468749999999 0.10402777777777775
8 0.26066796875 0.2964722222222222 0.08478906249999998 0.18874999999999997
16 0.7423124999999999 0.18428472222222222 0.09615624999999994 0.1702361111111111
17 0.6791484375 0.2584791666666667 0.051203124999999974 0.12868055555555552
19 0.685546875 0.052013888888888894 0.08109374999999996 0.10402777777777779
19 0.8692500000000001 0.044375 0.08040625000000005 0.08875
19 0.29409765625 0.1942847222222222 0.03932031250000003 0.07490277777777779
19 0.47921874999999997 0.15865972222222222 0.34171874999999996 0.31731944444444443
19 0.33755859374999997 0.11988194444444444 0.05897656250000001 0.1323194444444444
16 0.20808984375 0.8001319444444445 0.10553906250000003 0.16604166666666662
19 0.302140625 0.8793055555555555 0.07687499999999999 0.15394444444444433
14 0.41599609375 0.9006944444444445 0.08011718749999996 0.1986111111111111
17 0.46961718750000003 0.8792569444444445 0.05317187499999996 0.09437500000000007
3 0.5154492187499999 0.7268055555555555 0.09207031249999993 0.22352777777777785
19 0.6532773437499999 0.8532986111111112 0.10010156250000009 0.22284722222222228
19 0.75062109375 0.9296944444444445 0.04963281249999998 0.11227777777777767