0 0.3813359375 0.9495416666666667 0.06670312499999995 0.08736111111111124
14 0.26101953125 0.9171527777777778 0.06483593750000001 0.1656944444444444
12 0.655546875 0.9760416666666667 0.06203125000000007 0.04791666666666667
18 0.37607421875 0.8287291666666667 0.08191406249999997 0.11523611111111115
18 0.379296875 0.16541666666666666 0.08265624999999996 0.15944444444444447
19 0.475078125 0.8119444444444445 0.15687499999999996 0.2647222222222222
18 0.60470703125 0.8280277777777779 0.10003906249999997 0.34394444444444433
18 0.25044921875 0.559375 0.12311718750000003 0.41586111111111124
5 0.28986718749999996 0.6825972222222223 0.049171875000000045 0.08369444444444452
14 0.47112109375 0.49890972222222224 0.10958593749999998 0.1468194444444445
4 0.3906171875 0.4635138888888889 0.055749999999999966 0.10447222222222226
2 0.64141796875 0.4376041666666666 0.13435156250000002 0.23909722222222218
12 0.5762656249999999 0.37902777777777774 0.1192499999999999 0.20583333333333337
15 0.50955078125 0.09438194444444445 0.1016484375000001 0.09318055555555556
11 0.640578125 0.07613194444444445 0.05559375000000007 0.1522638888888889
17 0.31941015625 0.9545972222222221 0.05546093750000001 0.09080555555555571
19 0.81278515625 0.7283749999999999 0.13536718749999999 0.3454166666666667
19 0.25088671875 0.24002083333333332 0.13150781250000004 0.2202361111111111
17 0.32702734375 0.024291666666666663 0.07452343749999998 0.048583333333333326
3 0.33463281250000004 0.7183958333333333 0.08932812500000002 0.20679166666666673
3 0.610640625 0.9183680555555556 0.060921875000000014 0.16326388888888882
12 0.321875 0.5105694444444444 0.09529687500000002 0.2569444444444444
12 0.65346875 0.5731597222222222 0.058921875000000054 0.0931805555555556
3 0.49271093750000006 0.3416736111111111 0.06557812500000004 0.17606944444444442
9 0.56434375 0.21438194444444442 0.08100000000000004 0.129875
19 0.12076171875 0.2946736111111111 0.1258203125 0.5893472222222222