19 0.7021093749999999 0.8835138888888889 0.03718749999999993 0.23297222222222225
19 0.29758203125000005 0.9486319444444444 0.08717968750000002 0.10273611111111115
8 0.407421875 0.90625 0.13984375 0.1875
19 0.5265312499999999 0.7607708333333333 0.028218749999999914 0.039819444444444546
8 0.5668437500000001 0.8262291666666667 0.12496875000000003 0.21509722222222208
0 0.388828125 0.8953194444444444 0.05081250000000002 0.14724999999999996
9 0.20157421874999998 0.7361388888888889 0.1260546875 0.2679166666666667
19 0.42165234374999994 0.8438194444444446 0.17802343749999996 0.23705555555555563
19 0.4520625 0.6580763888888888 0.243546875 0.30965277777777783
19 0.6214375 0.5394305555555555 0.09031249999999993 0.1645555555555556
17 0.19553515625 0.5405347222222222 0.06924218750000002 0.1975416666666667
19 0.33153125 0.5304791666666666 0.022250000000000013 0.046152777777777806
19 0.27898828125 0.48007638888888887 0.05563281250000003 0.2085138888888889
19 0.45639062500000005 0.4162013888888889 0.022250000000000013 0.046152777777777806
19 0.65790234375 0.9019097222222222 0.027195312499999957 0.037375000000000116
19 0.194921875 0.32938194444444446 0.08529687500000002 0.1758194444444445
12 0.36551953125000003 0.28752777777777777 0.11989843750000002 0.2375555555555555
19 0.5441640625 0.151375 0.032140625000000075 0.07475000000000001
19 0.24251953124999998 0.03586805555555555 0.05686718749999997 0.06395833333333333
19 0.53675 0.026229166666666668 0.05192187500000003 0.052458333333333336
19 0.6072148437499999 0.041618055555555554 0.061820312500000085 0.08323611111111111
12 0.45762890624999997 0.06359027777777777 0.10632031249999993 0.12718055555555555
19 0.41930468750000005 0.4303680555555556 0.042031249999999964 0.1189027777777778