2 0.3134296875 0.677625 0.15959374999999998 0.3089166666666667
13 0.37161718749999995 0.8655972222222222 0.15503125000000004 0.26408333333333317
13 0.52821875 0.6074861111111111 0.13184374999999998 0.23752777777777775
17 0.60648046875 0.9723611111111111 0.07655468750000001 0.05527777777777772
19 0.44840234375000004 0.7867430555555556 0.05582031250000004 0.0817916666666668
19 0.59267578125 0.8299305555555556 0.09722656250000003 0.11097222222222235
19 0.30924609375 0.4827986111111111 0.10717968750000004 0.17256944444444444
11 0.574140625 0.30691666666666667 0.05484375000000004 0.33105555555555555
2 0.39841015625 0.4533680555555556 0.10616406249999999 0.1445694444444445
18 0.49484765625000005 0.43536111111111114 0.07689843750000006 0.13638888888888895
19 0.44453125 0.9777777777777777 0.065625 0.044444444444444446
19 0.52421875 0.9736111111111111 0.05546875 0.05277777777777778
8 0.40193359375000004 0.3036597222222222 0.13313281250000003 0.20373611111111115
12 0.3559765625 0.17854166666666668 0.13570312500000004 0.21319444444444444
19 0.5166562499999999 0.28494444444444444 0.04651562499999997 0.10605555555555557
19 0.51890625 0.06339583333333333 0.06167187500000004 0.08309722222222223
17 0.50902734375 0.8085208333333334 0.07886718750000003 0.13590277777777765
17 0.5003320312499999 0.1945972222222222 0.07899218749999992 0.1674722222222222
10 0.2345625 0.14164583333333333 0.10649999999999997 0.145625
10 0.2670390625 0.034416666666666665 0.08718750000000001 0.06883333333333333
19 0.32232421875 0.11551388888888887 0.07513281249999997 0.14730555555555555
19 0.47203125 0.8709027777777779 0.08515625 0.09847222222222235
18 0.11199218749999999 0.13903472222222224 0.10217187500000002 0.2780694444444445