19 0.4712851562500001 0.9605902777777777 0.1313359375000001 0.07881944444444444
11 0.53875390625 0.8691875000000001 0.09772656249999993 0.26162499999999983
19 0.626171875 0.9736111111111111 0.06171875 0.05277777777777778
19 0.20349609375000002 0.9635277777777778 0.058867187500000015 0.07294444444444442
19 0.39159375 0.8665833333333334 0.07060937500000004 0.1054722222222223
7 0.22715625 0.7940833333333334 0.149171875 0.3736111111111111
8 0.6754453125000001 0.7943680555555555 0.252109375 0.3599305555555556
19 0.8087851562500001 0.7686458333333335 0.06428906249999997 0.11409722222222235
19 0.41918750000000005 0.639173611111111 0.060484375000000014 0.18945833333333328
2 0.621359375 0.5380625 0.370515625 0.436125
19 0.4380859375 0.8547222222222222 0.06910937500000003 0.15280555555555553
19 0.23075390625 0.39943750000000006 0.09191406249999998 0.26773611111111106
14 0.37554687500000006 0.45566666666666666 0.17132812499999997 0.19388888888888892
19 0.601671875 0.5136249999999999 0.21951562500000002 0.4993055555555555
11 0.8344609375 0.2019722222222222 0.07873437500000006 0.3367222222222222
19 0.5353320312500001 0.3537847222222222 0.12502343749999997 0.2054027777777777
17 0.57060546875 0.2714861111111111 0.07417968750000004 0.13480555555555557
19 0.61380859375 0.2243611111111111 0.05785156249999997 0.15955555555555556
19 0.43167578124999995 0.332 0.10952343750000004 0.18277777777777782
19 0.5126796875 0.2161597222222222 0.097859375 0.09593055555555555
19 0.41716015625 0.25588194444444445 0.1322890625 0.1876527777777778
19 0.36682421875000004 0.13616666666666666 0.08250781250000001 0.1251111111111111
10 0.53715234375 0.1300138888888889 0.16585156249999997 0.15280555555555558
12 0.69993359375 0.0654861111111111 0.18200781250000003 0.1309722222222222
19 0.54878515625 0.05377083333333334 0.09803906250000001 0.10754166666666667
19 0.4360390625 0.056472222222222215 0.08895312499999997 0.11294444444444443
19 0.2519140625 0.03868055555555556 0.062890625 0.07736111111111112
19 0.37230859374999997 0.013506944444444445 0.034523437500000045 0.02701388888888889