10 0.24419531249999998 0.9595625 0.05804687499999996 0.08087500000000003
19 0.39190625 0.9862152777777777 0.04181249999999999 0.027569444444444317
19 0.48097265624999996 0.9818055555555555 0.05821093749999999 0.03638888888888895
19 0.19440234375 0.9265416666666667 0.048382812500000004 0.14691666666666664
19 0.5581328125 0.908423611111111 0.02062500000000007 0.03204166666666658
19 0.42633984375 0.8783611111111113 0.05924218749999999 0.10988888888888873
19 0.257140625 0.8647708333333333 0.07557812500000001 0.12056944444444437
19 0.48892187500000006 0.8335555555555555 0.10715625000000006 0.2636111111111111
19 0.53708984375 0.7125208333333333 0.08905468750000001 0.24679166666666674
19 0.23298437500000002 0.7801250000000001 0.11901562500000003 0.18480555555555547
19 0.38872265625 0.815048611111111 0.02369531250000003 0.0347916666666666
19 0.37172265625 0.7530833333333333 0.03605468749999998 0.06044444444444442
19 0.40605859375 0.7219513888888888 0.02266406249999999 0.042124999999999975
19 0.27797265625 0.5515902777777778 0.11882031250000002 0.23198611111111106
19 0.35031249999999997 0.5073055555555556 0.10500000000000002 0.32722222222222225
19 0.4854375 0.5564513888888889 0.17703124999999997 0.2814027777777778
17 0.467875 0.7100416666666667 0.05254687499999999 0.13552777777777775
17 0.75421484375 0.6281874999999999 0.06902343749999992 0.13462500000000008
17 0.48832812500000006 0.5022916666666666 0.07046875000000004 0.1098888888888889
10 0.690703125 0.46466666666666673 0.06057812499999997 0.20094444444444454
19 0.32859374999999996 0.4398402777777778 0.09749999999999996 0.15295833333333334
19 0.75655859375 0.4894236111111111 0.05810156249999991 0.11670833333333329
19 0.49818750000000006 0.4306736111111111 0.05068750000000009 0.0439583333333333
2 0.48107421875 0.3161388888888889 0.1889296875 0.19761111111111107
12 0.82699609375 0.34351388888888884 0.1102421875000001 0.18108333333333332
17 0.28218359375 0.25578472222222226 0.10266406249999997 0.22768055555555552
10 0.6484375 0.2310347222222222 0.05975000000000001 0.2912361111111111
19 0.5363945312499999 0.29573611111111114 0.15824218749999996 0.14725000000000002
19 0.57001953125 0.18411111111111111 0.09778906250000005 0.20650000000000002
19 0.7509921875 0.06531944444444444 0.12485937500000004 0.12988888888888886
17 0.4635585937499999 0.05213194444444444 0.07664843749999992 0.099125