19 0.571875 0.9444444444444444 0.09375 0.1111111111111111
19 0.34254296875 0.9784027777777777 0.08883593750000003 0.04319444444444432
3 0.47336328125 0.8909027777777777 0.11655468750000005 0.21819444444444433
17 0.41212499999999996 0.9527152777777779 0.048765625000000014 0.0839027777777779
16 0.7836093749999999 0.9477361111111111 0.1151250000000001 0.10452777777777776
19 0.33891796875 0.8648055555555555 0.03035156250000002 0.060388888888888916
19 0.25446484375 0.8538263888888888 0.12669531249999996 0.229986111111111
19 0.38180468749999996 0.8260555555555555 0.03399999999999999 0.06411111111111123
0 0.6160390625 0.8141111111111112 0.06817187499999999 0.12491666666666675
11 0.440921875 0.6180277777777777 0.08976562500000003 0.29466666666666663
12 0.5862578125 0.6604513888888889 0.12498437500000001 0.19823611111111106
12 0.49292187499999995 0.5992777777777778 0.09284374999999993 0.1900555555555556
19 0.35987890624999996 0.654798611111111 0.0395546875 0.046152777777777806
19 0.34575390625 0.5488541666666666 0.10985156250000001 0.16729166666666673
19 0.6600234375 0.7027916666666667 0.023609375000000023 0.10550000000000005
19 0.6461093750000001 0.6280486111111111 0.04482812500000009 0.07329166666666664
19 0.39082812499999997 0.44274305555555554 0.05971875000000004 0.1082361111111112
19 0.544875 0.3793472222222222 0.24623437500000006 0.40708333333333335
15 0.7013984375000001 0.37409722222222225 0.11031250000000004 0.22736111111111112
19 0.8652031250000001 0.5356666666666666 0.02173437500000013 0.028777777777777815
10 0.3295390625 0.4151111111111111 0.07523437499999996 0.27344444444444443
19 0.28576171875 0.3591944444444444 0.04327343749999999 0.08472222222222223
17 0.62541015625 0.5602013888888888 0.0380859375 0.10262499999999998
17 0.41887109375 0.32029861111111113 0.09683593750000004 0.15384722222222225
17 0.22004296874999998 0.3331527777777778 0.09066406249999999 0.13180555555555554
19 0.4837734375 0.30839583333333337 0.06593750000000007 0.14468055555555553
19 0.26766796875 0.2046388888888889 0.08846093750000002 0.1618333333333333
10 0.6620703124999999 0.2115625 0.09382812499999993 0.10770833333333335
19 0.7566953125 0.13434027777777777 0.09964062499999997 0.17965277777777772
19 0.76366015625 0.25885416666666666 0.01639843750000001 0.023847222222222245
19 0.5107734374999999 0.17994444444444443 0.04473437499999999 0.12211111111111113
19 0.64384375 0.08539583333333334 0.17521874999999998 0.17079166666666667
19 0.8443085937500001 0.15628472222222223 0.05246093750000007 0.09004166666666664
19 0.39148046875000003 0.05624305555555556 0.07211718749999996 0.11004166666666669
18 0.3296875 0.95625 0.06015625 0.0875