19 0.99477734375 0.01670138888888889 0.010445312499999915 0.03340277777777778
10 0.79153125 0.9730208333333332 0.04759375000000006 0.053958333333333205
3 0.45984375 0.8985624999999999 0.16850000000000004 0.20287499999999992
19 0.44364453125000003 0.9356874999999999 0.10524218750000003 0.12862499999999985
19 0.25259765625 0.8961041666666666 0.10414843749999995 0.20779166666666685
19 0.32551171875 0.83375 0.08269531250000002 0.13886111111111113
19 0.33880859375 0.9277013888888888 0.045210937500000006 0.07679166666666662
19 0.3976875 0.7292291666666668 0.05396875000000003 0.13281944444444452
17 0.72148828125 0.7241944444444446 0.08044531250000002 0.11583333333333339
19 0.5261992187500001 0.6652361111111111 0.12767968750000006 0.20722222222222228
17 0.4850390625 0.5211875 0.088875 0.18226388888888892
11 0.60008984375 0.4502569444444445 0.15483593750000005 0.3037083333333333
3 0.51848828125 0.40591666666666665 0.09283593749999994 0.2644444444444444
19 0.644328125 0.5220833333333333 0.09268750000000008 0.1635277777777778
19 0.4566796875 0.3131319444444444 0.07601562499999996 0.16265277777777776
12 0.25293359375 0.21976388888888893 0.16147656250000003 0.24813888888888885
17 0.39794921875 0.19186805555555558 0.0681640625 0.15904166666666666
12 0.54190234375 0.228125 0.09088281249999994 0.13808333333333336
19 0.7288828125 0.3402638888888889 0.03487500000000008 0.0493611111111111
18 0.70218359375 0.09284722222222222 0.0968828125 0.18569444444444444
19 0.4746953125 0.04227777777777778 0.10392187499999998 0.08455555555555556
19 0.34821093750000004 0.04591666666666667 0.03901562500000004 0.09183333333333334
19 0.38721875 0.10555555555555556 0.06501562500000002 0.11558333333333333
19 0.22790234375 0.051062500000000004 0.025632812499999956 0.05184722222222222
2 0.24163281249999996 0.015534722222222222 0.05704687499999998 0.031069444444444445
18 0.11199218749999999 0.13903472222222224 0.10217187500000002 0.2780694444444445