8 0.5048046875 0.9694444444444444 0.05242187499999993 0.06111111111111111
19 0.259765625 0.9075486111111111 0.07296874999999999 0.18490277777777792
19 0.31408593749999997 0.9782499999999998 0.057328124999999994 0.043499999999999914
17 0.5828203125 0.9534166666666666 0.049609375 0.09316666666666656
19 0.75860546875 0.8060347222222223 0.13477343749999998 0.2473750000000001
18 0.2297890625 0.8388333333333334 0.06432812500000003 0.17569444444444443
18 0.285703125 0.7129791666666667 0.049531249999999985 0.10429166666666663
7 0.50475 0.7695833333333334 0.120125 0.11172222222222229
2 0.44065234375000006 0.8931944444444445 0.13505468749999996 0.21361111111111106
19 0.5345625 0.9218263888888888 0.06893750000000001 0.15634722222222214
17 0.42760546875000005 0.8522291666666667 0.029867187500000014 0.05173611111111111
19 0.39955078125 0.8171180555555556 0.08253906249999998 0.18326388888888895
7 0.64762890625 0.6607500000000001 0.12132031249999997 0.16469444444444442
12 0.46232421875000007 0.63625 0.11691406250000007 0.20972222222222223
18 0.37241796875 0.7087708333333335 0.05850781249999999 0.1704861111111112
6 0.37355078124999996 0.5637291666666666 0.15772656249999994 0.18629166666666666
19 0.74083203125 0.6029236111111111 0.054039062500000054 0.11956944444444449
18 0.552203125 0.6136944444444444 0.07614062500000003 0.21955555555555553
8 0.6266640625 0.5686111111111111 0.09928124999999995 0.16847222222222216
19 0.21748046875 0.5274236111111111 0.09485156249999997 0.12156944444444441
17 0.37355078124999996 0.38815972222222217 0.06508593749999995 0.1528472222222222
19 0.5351171875 0.35879166666666673 0.2581093750000001 0.3373055555555556
19 0.62097265625 0.28656944444444443 0.08713281249999998 0.13724999999999998
19 0.41435546875 0.46075 0.03639843749999998 0.0941111111111111
19 0.69559375 0.3823680555555556 0.07828125000000004 0.18826388888888895
12 0.740828125 0.32840277777777777 0.06728124999999992 0.1039166666666667
17 0.6994648437500001 0.21761111111111112 0.11028906250000006 0.16077777777777777
19 0.42538671875 0.28525694444444444 0.06507031249999998 0.08823611111111107
19 0.34542187500000004 0.2715347222222222 0.028671875000000034 0.0921527777777778
19 0.7803125 0.5570277777777778 0.017640624999999945 0.03333333333333333
17 0.5536562500000001 0.13839583333333333 0.06948437500000004 0.11765277777777779
19 0.24868359375 0.06488888888888888 0.07497656250000002 0.12355555555555553
19 0.47314453125 0.14427777777777778 0.060664062500000074 0.10588888888888891
19 0.3551328125 0.4972361111111111 0.09817187499999998 0.09413888888888886
19 0.5922617187499999 0.10996527777777777 0.029773437499999923 0.04509722222222222
19 0.5133984375 0.03782638888888889 0.05073437500000004 0.07565277777777778
19 0.5542109375 0.048201388888888884 0.04632812499999996 0.07059722222222221
19 0.6788437500000001 0.035868055555555556 0.06396875000000009 0.07173611111111111
19 0.40145703125 0.1637847222222222 0.04764843750000001 0.08809722222222222
17 0.56061328125 0.023201388888888886 0.04972656250000007 0.04640277777777777