18 0.4766757812500001 0.7152083333333332 0.038382812500000085 0.11525000000000002
18 0.626453125 0.6802638888888889 0.07014062499999998 0.10125000000000005
10 0.6970625 0.5384722222222222 0.09674999999999993 0.27527777777777784
14 0.50520703125 0.48000694444444447 0.08336718750000002 0.20634722222222213
12 0.6125468749999999 0.44536805555555553 0.087109375 0.21770833333333334
12 0.7932499999999999 0.3864930555555555 0.13820312499999998 0.23809722222222227
3 0.5617734375 0.08671527777777778 0.1032343749999999 0.1623472222222222
6 0.232875 0.03141666666666666 0.06749999999999998 0.056472222222222215
14 0.43339453125 0.04906249999999998 0.08471093750000006 0.09176388888888888
2 0.34868750000000004 0.09730555555555556 0.09000000000000004 0.07999999999999999
19 0.3053203125 0.6263263888888889 0.23764062499999997 0.36765277777777783
19 0.41949609375 0.2690625 0.04367968750000002 0.04470833333333333
19 0.8391250000000001 0.4567222222222222 0.04445312500000007 0.06638888888888883
16 0.46889062499999995 0.11989583333333331 0.06193749999999998 0.10165277777777777
0 0.62425 0.8019583333333333 0.03970312499999995 0.13333333333333333
0 0.5077734375 0.8214444444444445 0.11695312500000003 0.1176111111111112
19 0.11919921874999999 0.2946736111111111 0.12269531250000001 0.5893472222222222
19 0.259375 0.9875 0.02109375 0.025
19 0.6723007812499999 0.9911111111111112 0.03307031249999994 0.017777777777777715