17 0.60591796875 0.8369722222222222 0.0806640625 0.1594999999999999
19 0.49176562500000004 0.9402777777777778 0.11443750000000001 0.11944444444444445
10 0.243359375 0.9493055555555555 0.06953125 0.10138888888888889
19 0.3037890625 0.9428472222222223 0.05304687499999998 0.1143055555555555
19 0.64230078125 0.9535763888888888 0.09983593749999997 0.0928472222222221
2 0.5629179687500001 0.9074861111111111 0.07572656250000005 0.18502777777777782
2 0.3151328125 0.4988263888888889 0.15959374999999998 0.3306805555555556
13 0.365796875 0.6898958333333334 0.16628125 0.2907638888888888
13 0.531609375 0.4232222222222223 0.12678124999999998 0.2285555555555555
17 0.5109492187500001 0.6223263888888889 0.08075781249999991 0.13673611111111117
19 0.4484375 0.6042361111111111 0.05615625000000009 0.10208333333333333
19 0.5935546875 0.6309791666666666 0.104296875 0.09415277777777772
19 0.31120703125000004 0.2903194444444444 0.10717968750000004 0.17255555555555552
11 0.578203125 0.1380763888888889 0.060890625000000045 0.2761527777777778
2 0.395984375 0.26282638888888893 0.10617187500000003 0.1445694444444445
18 0.49916796874999997 0.24440277777777777 0.0773515625 0.13736111111111113
19 0.384328125 0.8965069444444445 0.09115625000000005 0.1505972222222223
19 0.5192265625 0.8032291666666668 0.05560937500000005 0.09287499999999985
8 0.40395703125000004 0.10952777777777775 0.13313281250000003 0.20372222222222222
12 0.331484375 0.041277777777777774 0.07750000000000004 0.08255555555555555
19 0.5188359375 0.09477777777777777 0.04651562499999997 0.10605555555555554
19 0.4960859375 0.04154861111111111 0.06167187500000004 0.08309722222222223
2 0.40082421875000007 0.9579861111111111 0.06846093750000004 0.08402777777777778
19 0.4674609375 0.8384930555555554 0.09429687500000003 0.1358749999999999
18 0.11199218749999999 0.13903472222222224 0.10217187500000002 0.2780694444444445