19 0.43766796875 0.9587291666666666 0.032851562499999966 0.05762500000000001
19 0.534765625 0.93125 0.11015625 0.1375
11 0.6171367187500001 0.9067152777777777 0.05658593750000005 0.18656944444444434
12 0.303328125 0.8898541666666666 0.13959375000000004 0.18106944444444428
19 0.45698828125 0.9029999999999999 0.07686718750000007 0.1382222222222222
12 0.38859374999999996 0.7183819444444445 0.12140625000000002 0.22459722222222228
19 0.6688046875 0.7369027777777777 0.08660937499999992 0.12741666666666668
19 0.18185546874999997 0.8781597222222222 0.03371093749999998 0.04379166666666663
19 0.2705390625 0.7124444444444445 0.03829687499999999 0.05352777777777773
19 0.27389453124999996 0.6282361111111112 0.08391406249999997 0.1315555555555556
19 0.53753515625 0.48884722222222227 0.3008671875000001 0.5275
19 0.686984375 0.5774027777777778 0.075203125 0.10694444444444444
19 0.69541796875 0.6285694444444444 0.07127343750000001 0.10105555555555554
19 0.32387109374999995 0.4158194444444444 0.15664843749999996 0.38433333333333336
19 0.29390625 0.19170833333333334 0.09921875 0.14075
19 0.83237890625 0.11969444444444445 0.0672734375 0.2092222222222222
19 0.4272265625 0.21394444444444444 0.05914062500000004 0.08183333333333336
19 0.49577734375000004 0.2427222222222222 0.04544531250000006 0.023444444444444438
18 0.50936328125 0.12819444444444444 0.09533593749999998 0.1752777777777778
19 0.44558984375 0.10463888888888889 0.04478906249999994 0.09844444444444443
19 0.41789843750000005 0.12711111111111112 0.02279687500000005 0.07244444444444444
19 0.6935078124999999 0.07359722222222223 0.09381249999999994 0.14719444444444446
10 0.7464570312500001 0.036631944444444446 0.018960937499999986 0.03173611111111111
19 0.5904999999999999 0.11352777777777777 0.07739062499999996 0.17511111111111113
18 0.11199218749999999 0.13903472222222224 0.10217187500000002 0.2780694444444445