10 0.7160898437500001 0.9730833333333333 0.05792968750000007 0.05383333333333332
19 0.67265625 0.9638888888888889 0.04140625 0.07222222222222222
19 0.20079687499999999 0.9463819444444446 0.08331249999999998 0.10331944444444459
17 0.52056640625 0.9498055555555556 0.07389843749999994 0.10038888888888885
0 0.38465234375 0.9753263888888889 0.06617968750000003 0.04934722222222218
19 0.32815625000000004 0.9787847222222222 0.06229687500000001 0.04243055555555549
19 0.44140625 0.9666666666666667 0.0703125 0.06666666666666667
19 0.54946875 0.9211736111111111 0.1344843749999999 0.15765277777777775
8 0.7248984375 0.7785208333333334 0.09434374999999999 0.33106944444444436
19 0.6620234375 0.8311805555555556 0.09000000000000004 0.20202777777777783
19 0.59666015625 0.7666597222222222 0.09116406250000005 0.17370833333333324
19 0.45257812499999994 0.8287638888888887 0.11646874999999998 0.14594444444444435
19 0.38260546875 0.7306111111111111 0.23819531250000003 0.5367777777777778
19 0.34010546875000003 0.8046597222222223 0.08208593749999996 0.23965277777777771
19 0.2612421875 0.7618472222222222 0.11907812499999997 0.21605555555555547
19 0.7754453125 0.7678125 0.01853125000000002 0.04234722222222224
19 0.6814648437499999 0.6498125 0.01596093750000005 0.05559722222222219
19 0.41905468749999997 0.437 0.23324999999999996 0.6356666666666667
17 0.5924492187499999 0.5722083333333333 0.06902343749999992 0.1572222222222223
8 0.8107382812499999 0.5139444444444444 0.11383593750000003 0.1820555555555556
8 0.7012578125 0.3558472222222222 0.18670312500000003 0.36669444444444443
19 0.5612890625 0.3892777777777777 0.09529687500000002 0.17855555555555552
19 0.44279296874999996 0.44795138888888886 0.03811718749999997 0.08470833333333334
19 0.22524609375 0.48120833333333335 0.05717968749999998 0.096
19 0.5083515624999999 0.5438125 0.07676562499999999 0.14118055555555553
19 0.19409375 0.3277638888888889 0.212875 0.2869166666666667
17 0.19877343749999998 0.26365277777777774 0.054265624999999984 0.05411111111111108
5 0.25833593749999995 0.2722777777777778 0.048968749999999964 0.0635277777777778
19 0.57370703125 0.21426388888888886 0.13910156249999997 0.22591666666666663
19 0.45691406249999994 0.17395833333333333 0.10320312499999992 0.14791666666666667
19 0.17904296875 0.017618055555555557 0.04974218749999999 0.031375
19 0.25183984375 0.05388888888888888 0.11150781250000001 0.1
19 0.47303125 0.06272916666666667 0.16103124999999996 0.12545833333333334
19 0.39637890625 0.08722222222222221 0.02757031249999997 0.060777777777777764
17 0.5579609375000001 0.04802083333333334 0.06396875000000009 0.09604166666666668
15 0.3765234375 0.015666666666666666 0.029781250000000002 0.03133333333333333
12 0.45824999999999994 0.3182916666666667 0.13817187500000006 0.17505555555555555