19 0.99477734375 0.01670138888888889 0.010445312499999915 0.03340277777777778
19 0.20050390624999997 0.9365 0.0672734375 0.12700000000000009
19 0.30733984375 0.9456388888888889 0.05189843750000005 0.10872222222222218
17 0.399296875 0.9664166666666666 0.0703125 0.06716666666666653
19 0.454296875 0.9402777777777778 0.0640625 0.11944444444444445
19 0.8153984375000001 0.9801944444444445 0.03829687499999999 0.03961111111111108
19 0.24591796875 0.917798611111111 0.016429687499999977 0.03584722222222215
17 0.2536484375 0.7786388888888889 0.06771875000000005 0.14505555555555563
19 0.298484375 0.7868750000000001 0.019437499999999996 0.05758333333333338
19 0.40483593749999996 0.7263472222222223 0.10601562500000003 0.17388888888888895
19 0.54915625 0.834298611111111 0.16549999999999992 0.3258194444444444
8 0.68351953125 0.8268263888888889 0.21433593749999993 0.34634722222222214
19 0.4279414062500001 0.6093055555555555 0.05028906249999991 0.07808333333333337
0 0.5207734375 0.5243958333333333 0.10343750000000007 0.17287500000000003
7 0.6348359374999999 0.5991180555555555 0.08367187499999992 0.10637500000000004
19 0.72759765625 0.5294583333333334 0.10574218749999993 0.2216666666666667
19 0.28521874999999997 0.6564930555555556 0.022312499999999957 0.03715277777777778
19 0.7730078125000001 0.43585416666666665 0.060562499999999984 0.030430555555555513
19 0.654203125 0.2509097222222222 0.12018749999999993 0.3354305555555555
19 0.6759296875 0.4185625 0.11987500000000004 0.16959722222222223
19 0.46958203125 0.4295277777777778 0.15057031250000003 0.2968333333333334
19 0.385375 0.3912916666666667 0.04129687500000001 0.10372222222222227
19 0.556546875 0.4171875 0.018312500000000044 0.04018055555555548
19 0.2971328125 0.43530555555555556 0.136921875 0.1608055555555555
19 0.37657421874999997 0.2970347222222222 0.038945312500000016 0.0807361111111111
19 0.5329609375000001 0.15515972222222224 0.09251562500000006 0.16051388888888887
19 0.6056250000000001 0.1877222222222222 0.03312500000000007 0.08183333333333336
19 0.3891796875 0.043819444444444446 0.05349999999999997 0.08763888888888889
18 0.34633984375 0.012791666666666668 0.0369140625 0.025583333333333336
18 0.5325859374999999 0.042590277777777776 0.11546874999999997 0.08518055555555555
18 0.11199218749999999 0.13903472222222224 0.10217187500000002 0.2780694444444445