19 0.23726953125000003 0.9312430555555555 0.10580468750000002 0.13751388888888888
12 0.3891171875 0.9265625 0.09693750000000004 0.146875
19 0.49477343749999997 0.9678402777777778 0.09751562499999995 0.06431944444444437
19 0.61025 0.8289166666666667 0.19026562499999997 0.3384722222222223
18 0.48914453125 0.7934861111111112 0.08938281250000006 0.1873888888888889
12 0.42732421875000004 0.7199513888888889 0.05825781249999995 0.13484722222222217
12 0.8137187499999999 0.50425 0.12917187500000002 0.22555555555555554
19 0.51862890625 0.5935277777777779 0.04055468750000006 0.0709444444444445
8 0.30874609375 0.6513333333333334 0.26925781249999997 0.34388888888888886
19 0.1957265625 0.6117222222222222 0.227390625 0.41705555555555546
14 0.369953125 0.41569444444444437 0.012593750000000004 0.020222222222222145
2 0.29921875 0.32256944444444446 0.08624999999999998 0.32263888888888886
17 0.7086406249999999 0.4749097222222222 0.07959375000000009 0.20881944444444447
12 0.47098828125000003 0.5149166666666667 0.12225781250000001 0.16647222222222224
3 0.36010546874999994 0.2403055555555556 0.11619531249999997 0.27688888888888896
3 0.40113671874999995 0.2146527777777778 0.09794531249999996 0.1851388888888889
19 0.22168749999999998 0.17502777777777778 0.09021875000000001 0.12744444444444444
19 0.4637734375 0.17675000000000002 0.09370312500000004 0.16566666666666666
7 0.8157343750000001 0.11418055555555555 0.12100000000000008 0.2283611111111111
19 0.352421875 0.03886805555555555 0.03265624999999996 0.07368055555555555
14 0.60012890625 0.09807638888888887 0.10483593750000005 0.1872361111111111
18 0.11199218749999999 0.13903472222222224 0.10217187500000002 0.2780694444444445