8 0.7153046875 0.9375833333333332 0.14392187500000003 0.12483333333333349
12 0.2847578125 0.964173611111111 0.06040624999999995 0.07165277777777766
6 0.33785937499999996 0.8789652777777777 0.14121874999999995 0.18762499999999988
10 0.44148046875 0.9186805555555555 0.07842968750000008 0.16263888888888875
10 0.5394687499999999 0.9263958333333333 0.1278281249999999 0.14720833333333336
19 0.65556640625 0.8829027777777778 0.10971093750000005 0.12136111111111127
19 0.7571914062499999 0.8897291666666667 0.10483593749999995 0.16990277777777768
19 0.75051171875 0.8342916666666668 0.05997656249999998 0.08494444444444456
19 0.71763671875 0.7433333333333334 0.11872656250000002 0.1790833333333334
19 0.4072578125 0.770388888888889 0.08578124999999996 0.08527777777777791
19 0.2925703125 0.7709166666666666 0.09217187500000001 0.2359444444444445
19 0.34445703125000005 0.7688819444444445 0.050742187500000036 0.07126388888888881
19 0.50244140625 0.7910972222222222 0.02008593750000003 0.032944444444444484
12 0.54081640625 0.6495486111111111 0.11761718749999997 0.23690277777777768
19 0.36751953125 0.5613472222222222 0.12711718749999998 0.2503888888888888
17 0.6667500000000001 0.6295208333333333 0.08806250000000002 0.12509722222222214
7 0.266953125 0.5402986111111112 0.09703125000000004 0.18448611111111116
19 0.2223203125 0.6693125 0.06534374999999999 0.09962499999999995
15 0.46393359375000004 0.41580555555555554 0.20478906250000004 0.37066666666666664
8 0.59504296875 0.3897986111111111 0.13063281250000003 0.2642916666666666
19 0.6538789062499999 0.40811111111111115 0.04344531249999992 0.05480555555555561
19 0.36930078125 0.3140208333333333 0.11183593749999998 0.21298611111111115
19 0.17894921875 0.5594236111111112 0.034710937500000004 0.08679166666666668
18 0.264765625 0.2104513888888889 0.055781249999999984 0.15576388888888892
19 0.69049609375 0.19774305555555555 0.13238281250000003 0.11687499999999999
19 0.37634375 0.1799375 0.07393749999999999 0.08729166666666668
18 0.39177734375 0.09650694444444444 0.09791406249999998 0.13293055555555558
19 0.4903671875000001 0.18 0.059484375000000075 0.08755555555555557
12 0.46964453125 0.056840277777777774 0.08630468750000002 0.11368055555555555
19 0.60593359375 0.021298611111111112 0.05558593750000007 0.042597222222222224
3 0.37948046875 0.26219444444444445 0.0849609375 0.08238888888888887
19 0.25213281249999997 0.33950694444444446 0.028640624999999975 0.07073611111111108
18 0.11199218749999999 0.13903472222222224 0.10217187500000002 0.2780694444444445