19 0.5165312500000001 0.9839930555555556 0.09896875000000005 0.03201388888888883
17 0.55159765625 0.9380277777777778 0.053289062500000026 0.07955555555555552
17 0.29861328125 0.9184722222222224 0.07278906249999997 0.12000000000000012
19 0.1715546875 0.8796875 0.03309375000000001 0.11993055555555543
19 0.21612109375 0.8792291666666666 0.0833984375 0.1506527777777778
19 0.515453125 0.9110277777777779 0.03706250000000004 0.09883333333333345
19 0.23354296874999997 0.8208055555555556 0.05161718749999995 0.09025000000000002
0 0.48455859375 0.8351041666666668 0.14294531250000003 0.14118055555555567
17 0.3401015625 0.6364236111111111 0.08362499999999998 0.20976388888888892
17 0.50634375 0.6972222222222222 0.059562500000000004 0.11569444444444438
17 0.514171875 0.6387916666666666 0.08492187500000004 0.11961111111111111
19 0.46852734375000005 0.6917152777777777 0.031070312499999985 0.06004166666666661
19 0.24254296874999998 0.6236527777777777 0.09264843750000003 0.20966666666666664
19 0.5791562499999999 0.6209444444444444 0.06353124999999996 0.10611111111111107
12 0.7015820312500001 0.5718958333333333 0.07941406250000008 0.12487499999999996
9 0.37994921875 0.24604861111111112 0.2553671875 0.44126388888888884
19 0.508328125 0.4565138888888889 0.269125 0.24025000000000002
19 0.6248437499999999 0.5201319444444444 0.10707812499999995 0.14909722222222224
14 0.77000390625 0.5421250000000001 0.08724218750000005 0.11763888888888895
19 0.35533984375 0.4486666666666667 0.022976562499999974 0.02858333333333339
19 0.51426171875 0.548125 0.059554687500000016 0.06116666666666662
14 0.24005078124999998 0.30470833333333336 0.08713281249999998 0.10980555555555556
19 0.53239453125 0.32761805555555557 0.10367968750000003 0.21568055555555551
19 0.46015234375 0.41585416666666664 0.054039062500000054 0.10195833333333329
19 0.6538046875 0.37898611111111113 0.061765624999999956 0.13333333333333333
19 0.8442812500000001 0.3397708333333333 0.04301562499999996 0.05490277777777774
19 0.71624609375 0.2272291666666667 0.03155468750000008 0.05223611111111113
12 0.52865625 0.1821736111111111 0.09956250000000004 0.16156944444444443
17 0.26171875 0.06520833333333334 0.07281250000000003 0.12736111111111115
14 0.483421875 0.06754166666666667 0.09793749999999993 0.132
7 0.58069921875 0.08911805555555556 0.07014843749999997 0.17823611111111112
19 0.46621875 0.1688263888888889 0.05293749999999999 0.1317638888888889
19 0.415921875 0.05523611111111112 0.04764062500000001 0.11047222222222224
12 0.49732031250000003 0.016416666666666666 0.04896875000000005 0.03283333333333333