2 0.49609375 0.9451388888888889 0.11796875 0.10972222222222222
18 0.42221875000000003 0.9817291666666667 0.07035937499999996 0.03654166666666659
18 0.25637109375 0.9799583333333333 0.04222656249999997 0.04008333333333319
0 0.3523046875 0.9116597222222222 0.08445312500000002 0.17668055555555562
3 0.411515625 0.9304583333333333 0.04221874999999997 0.0900833333333332
18 0.6892812500000001 0.8385902777777777 0.05559375000000007 0.10734722222222218
3 0.604640625 0.8810069444444445 0.11989062500000003 0.21770833333333334
3 0.47787500000000005 0.7975277777777778 0.1553593750000001 0.21883333333333327
19 0.22715625 0.8531875 0.09195312500000001 0.19631944444444432
2 0.246375 0.764375 0.14387499999999998 0.17830555555555547
17 0.36044921875 0.6581736111111111 0.08260156250000002 0.20140277777777776
19 0.22837109375 0.6404097222222221 0.04500781250000001 0.06876388888888887
16 0.5315624999999999 0.6773263888888889 0.0654375 0.11256944444444437
12 0.5978984375 0.6238680555555556 0.08806250000000002 0.17895833333333336
8 0.8125 0.46629861111111115 0.13343750000000004 0.34981944444444446
15 0.46009765625 0.5893819444444445 0.1126953125 0.13956944444444447
18 0.26753125 0.5550763888888889 0.092875 0.16809722222222218
17 0.3314140625 0.5445347222222222 0.06039062499999996 0.14654166666666665
0 0.654296875 0.5214930555555556 0.04731249999999996 0.09156944444444454
19 0.6853671875 0.2864583333333333 0.163484375 0.4048611111111111
19 0.199828125 0.4952708333333334 0.11928125 0.12493055555555561
0 0.25238671875 0.4118888888888888 0.09747656249999999 0.10530555555555547
19 0.49024999999999996 0.2932638888888889 0.26778124999999997 0.4495833333333334
10 0.3398359375 0.2665208333333333 0.04826562499999998 0.23584722222222218
2 0.2170859375 0.060034722222222225 0.161703125 0.12006944444444445
2 0.5854765625 0.08055555555555556 0.14954687500000005 0.16111111111111112
19 0.60128125 0.1643888888888889 0.07903125000000007 0.15777777777777777
3 0.4075078125 0.07166666666666667 0.21173437499999997 0.14333333333333334