12 0.6245429687499999 0.9469999999999998 0.07013281249999999 0.10599999999999991
14 0.34175781250000004 0.8364791666666667 0.17578125000000006 0.29851388888888897
14 0.20544921875000002 0.9398194444444444 0.06583593749999998 0.101861111111111
18 0.16287109375000003 0.9245555555555555 0.07132031250000001 0.1459722222222221
14 0.687703125 0.7760833333333333 0.08353125000000006 0.1389444444444444
14 0.74716796875 0.7047083333333333 0.06800781249999996 0.0873888888888889
17 0.20557421874999998 0.7838819444444444 0.06661718749999998 0.08501388888888894
7 0.2945390625 0.7163263888888889 0.07689062499999996 0.1554305555555556
18 0.50862890625 0.6954722222222223 0.09672656249999996 0.1346666666666667
19 0.63462109375 0.7048680555555555 0.06369531249999998 0.16104166666666672
19 0.5737578125 0.7012569444444444 0.05203124999999993 0.08809722222222223
17 0.46107812500000006 0.6259791666666666 0.07453125000000008 0.11576388888888892
19 0.74140625 0.6260555555555556 0.045781249999999926 0.0801666666666667
17 0.22443359375 0.6990000000000001 0.07436718750000001 0.1223888888888889
18 0.29430078125 0.6248333333333334 0.1342734375 0.12666666666666673
18 0.76016796875 0.8887430555555557 0.06200781249999991 0.07831944444444458
19 0.39703125000000006 0.5400416666666668 0.08890625 0.0981944444444445
19 0.24850781249999998 0.46743055555555557 0.10154687500000001 0.104
19 0.18299609374999998 0.4874861111111111 0.032914062499999994 0.12094444444444451
3 0.34543359375000005 0.40548611111111116 0.0809453125 0.20797222222222222
19 0.5795312499999999 0.34179166666666666 0.08226562499999997 0.17041666666666666
19 0.58512109375 0.5608263888888889 0.18892968749999994 0.2019027777777778
15 0.67137109375 0.37168055555555557 0.15367968750000002 0.2416944444444444
1 0.67732421875 0.6461319444444444 0.03278906250000002 0.10079166666666659
19 0.5196875 0.43512500000000004 0.09009374999999994 0.1367777777777778
16 0.48525390625 0.2991388888888889 0.1794921875 0.2988333333333333
19 0.71417578125 0.46119444444444446 0.1133671875000001 0.13077777777777774
14 0.281390625 0.3335625 0.09371875000000003 0.15790277777777778
16 0.76875 0.26824305555555555 0.047499999999999966 0.0889861111111111
14 0.8179414062499999 0.2969791666666666 0.037742187499999955 0.039013888888888855
18 0.717984375 0.17756944444444445 0.1041875000000001 0.16097222222222224
7 0.22680859375 0.13609722222222223 0.1629921875 0.26858333333333334
2 0.204390625 0.23062500000000002 0.08215624999999997 0.14875000000000002
2 0.62985546875 0.16845833333333332 0.06780468749999997 0.10538888888888888
14 0.75201953125 0.5341805555555555 0.021414062500000063 0.027222222222222255
19 0.30728515625 0.1133125 0.05161718749999995 0.226625
19 0.39398046875000003 0.3352361111111111 0.0653203125 0.12733333333333338
0 0.3708046875 0.20227777777777775 0.08426562499999997 0.0973888888888889
2 0.47666796875 0.09411805555555555 0.1232421875 0.1882361111111111
19 0.5722460937499999 0.1304861111111111 0.045570312499999946 0.12333333333333335
19 0.6337890625 0.06693055555555555 0.09948437499999993 0.1338611111111111
19 0.557515625 0.0271875 0.03292187500000008 0.054375
14 0.58830078125 0.03866666666666667 0.04083593749999999 0.07477777777777778
16 0.7212070312500001 0.03278472222222222 0.06203906250000006 0.06556944444444444
18 0.38049609375 0.05469444444444445 0.10744531249999997 0.1093888888888889
14 0.39155468750000005 0.10286111111111111 0.09375000000000004 0.10294444444444445
19 0.661015625 0.9453958333333332 0.06812500000000003 0.10920833333333349
10 0.7446328125 0.9445347222222223 0.08260937500000001 0.11093055555555541
19 0.432125 0.9312222222222223 0.10425000000000004 0.13755555555555551
12 0.52771484375 0.9003611111111111 0.11097656249999996 0.1992777777777778
8 0.661640625 0.9937013888888888 0.012968749999999928 0.01154166666666659