14 0.46748046875 0.970611111111111 0.0947265625 0.05877777777777769
19 0.36019921875000005 0.9271180555555555 0.10588281250000002 0.14576388888888894
19 0.7903515624999999 0.9032638888888889 0.09396874999999998 0.1694166666666667
19 0.66430078125 0.8261249999999999 0.07607031249999992 0.16288888888888886
19 0.5208046875 0.8717152777777778 0.059562500000000004 0.25656944444444446
19 0.4411015625 0.8528125 0.06407812499999999 0.1590138888888889
8 0.7166679687499999 0.6582083333333333 0.09925781249999996 0.27641666666666664
9 0.39273828124999993 0.600736111111111 0.19080468749999996 0.29716666666666663
18 0.6341875 0.5810208333333334 0.095703125 0.22681944444444438
19 0.53667578125 0.5903819444444445 0.11560156250000002 0.2254583333333334
19 0.81051953125 0.699 0.021460937499999933 0.04199999999999993
12 0.82092578125 0.44009722222222225 0.14611718750000008 0.2843055555555556
10 0.4631796875 0.34947222222222224 0.09792187499999994 0.22055555555555553
18 0.61009375 0.41149305555555554 0.134984375 0.25270833333333337
19 0.6879609375 0.3698888888888889 0.07414062500000007 0.1099722222222222
19 0.86508203125 0.30883333333333335 0.051617187500000127 0.09411111111111113
12 0.7558945312500001 0.4100069444444445 0.05558593750000007 0.1082361111111112
19 0.5260390625 0.3919722222222223 0.03970312499999995 0.1435277777777778
19 0.812078125 0.27506250000000004 0.027578125000000054 0.0352916666666667
8 0.36516796874999996 0.8407986111111111 0.13357031249999998 0.21618055555555568
19 0.25025390625 0.7629236111111112 0.023054687499999994 0.03676388888888893
19 0.29012890625 0.7273055555555555 0.014554687499999996 0.026805555555555492
19 0.21190625000000002 0.44237499999999996 0.016781250000000015 0.03024999999999996
19 0.21209375000000003 0.17175694444444442 0.03746875000000001 0.10037499999999998
12 0.48891015624999995 0.1697986111111111 0.11249218750000001 0.18265277777777778
17 0.66752734375 0.1617361111111111 0.08603906250000008 0.1423611111111111
17 0.36132421875 0.3948333333333333 0.07444531249999997 0.1486944444444444
19 0.42836328124999995 0.10820138888888889 0.05514843749999994 0.10587500000000002
19 0.61255859375 0.14154166666666665 0.019851562500000065 0.06666666666666667
18 0.19288671875 0.03155555555555555 0.05846093750000001 0.0631111111111111
19 0.47523828125000006 0.05410416666666666 0.07830468750000001 0.10820833333333332
19 0.5325898437500001 0.05427777777777777 0.02536718750000002 0.056861111111111105
19 0.7278125 0.07959027777777777 0.13125 0.15918055555555555
12 0.5691093749999999 0.013916666666666666 0.030171874999999914 0.025416666666666674