19 0.6435546875 0.981625 0.06726562499999993 0.03675000000000005
19 0.2140625 0.9423611111111111 0.2203125 0.11527777777777778
18 0.44214843749999994 0.9805555555555555 0.08304687499999996 0.03888888888888889
3 0.396484375 0.9631944444444445 0.140625 0.07361111111111111
19 0.51321875 0.8925694444444444 0.08851562499999996 0.2120833333333334
19 0.7680781250000001 0.9404236111111112 0.13507812500000008 0.11915277777777773
11 0.57175 0.8849861111111111 0.03140625000000004 0.11172222222222229
15 0.6645390625 0.8063680555555556 0.14139062500000002 0.26856944444444436
10 0.22871875 0.8643888888888889 0.12256249999999999 0.24233333333333335
0 0.30262109375 0.8788680555555557 0.043523437500000026 0.09534722222222235
19 0.214921875 0.7374027777777779 0.10840625 0.20352777777777772
19 0.40699218750000005 0.8667083333333334 0.12259375000000002 0.1297500000000001
19 0.4162265625 0.7257083333333333 0.06689062499999995 0.2820833333333333
19 0.34838671874999994 0.8050486111111111 0.060789062499999956 0.17395833333333333
19 0.6005859375 0.7310694444444444 0.13914062499999993 0.16519444444444453
7 0.46039453124999996 0.644888888888889 0.07952343749999997 0.32950000000000007
7 0.27380468750000003 0.6185625 0.137296875 0.3443472222222223
12 0.7032109375 0.5335763888888889 0.10232812500000002 0.21993055555555557
19 0.38863281250000004 0.5677569444444444 0.14664062500000002 0.3163472222222222
19 0.555265625 0.620451388888889 0.11868750000000006 0.203125
19 0.6129765625 0.3779652777777778 0.06485937499999998 0.10370833333333332
3 0.4240234375 0.3761458333333333 0.06789062500000002 0.11451388888888892
19 0.4260429687499999 0.29378472222222224 0.06180468749999997 0.06304166666666665
19 0.46962109375 0.2589861111111111 0.053726562499999984 0.21897222222222226
18 0.58866015625 0.26676388888888886 0.10739843750000003 0.11347222222222221
19 0.5243203125 0.24280555555555555 0.09828124999999996 0.10016666666666667
19 0.695546875 0.30909722222222225 0.09625000000000003 0.1765277777777778
18 0.7123671874999999 0.12794444444444444 0.189328125 0.2558888888888889
3 0.4307734375000001 0.1455486111111111 0.06045312500000009 0.21304166666666666
17 0.63184375 0.1932569444444444 0.04787499999999998 0.07318055555555555
16 0.5638320312499999 0.10645833333333334 0.1327265624999999 0.21075000000000002
12 0.32460546875 0.06016666666666667 0.10132031250000004 0.12033333333333333
19 0.3275625 0.1668611111111111 0.05656249999999998 0.04802777777777775
19 0.24821093750000003 0.11959722222222222 0.07173437499999995 0.19058333333333333
19 0.4929765625 0.03202777777777777 0.124015625 0.06405555555555555