0 0.32472265625 0.8842569444444444 0.05974218750000002 0.09968055555555554
14 0.656375 0.9581527777777777 0.09796875000000008 0.07963888888888877
18 0.50696484375 0.9233055555555555 0.05183593749999993 0.11961111111111096
3 0.4371171875 0.95 0.10139062499999998 0.1
19 0.44078906250000005 0.8317152777777779 0.09043749999999999 0.1287916666666667
15 0.7518828125000001 0.7883472222222222 0.06768750000000008 0.1573333333333333
19 0.24279296874999998 0.8402152777777778 0.0912109375 0.31570833333333326
4 0.3707421875 0.8140347222222223 0.06509374999999995 0.14768055555555545
4 0.6502578125 0.7523680555555556 0.07807812500000004 0.11187499999999993
18 0.46658984375 0.6722222222222223 0.08225781249999997 0.1862777777777777
18 0.2473359375 0.6964027777777778 0.05423437499999997 0.1143888888888889
2 0.34296875 0.7813749999999999 0.16920312499999998 0.23855555555555555
19 0.65585546875 0.6630833333333335 0.050429687499999966 0.0975833333333334
4 0.5638046875 0.5458472222222223 0.048531249999999915 0.08627777777777779
17 0.5086406250000001 0.43207638888888894 0.10584375000000001 0.13362500000000005
8 0.42371875000000003 0.31706944444444446 0.11031250000000004 0.25375
18 0.17815625 0.38445833333333335 0.018843750000000003 0.06663888888888891
14 0.3447421875 0.22456944444444443 0.10260937500000003 0.3041388888888889
2 0.5570234375 0.29910416666666667 0.12804687500000006 0.2060416666666667
12 0.8134921875 0.2569375 0.06510937500000002 0.18445833333333334
19 0.37097265625 0.46338888888888896 0.05335156249999997 0.09541666666666673
19 0.5629140625 0.11382638888888888 0.21759374999999997 0.22765277777777776
8 0.2703125 0.05859722222222222 0.059562500000000004 0.049027777777777774
19 0.4252734375 0.07782638888888889 0.05625 0.15565277777777778
2 0.23717968749999999 0.9117222222222223 0.11648437500000001 0.1765555555555554
19 0.12076171875 0.2946736111111111 0.1258203125 0.5893472222222222