19 0.2939140625 0.8181458333333335 0.11245312500000004 0.36370833333333324
19 0.5022226562500001 0.9857152777777777 0.0832109375 0.028569444444444356
19 0.66501953125 0.8525625 0.1298671875 0.11909722222222222
19 0.4839609375 0.925451388888889 0.1010625000000001 0.09923611111111118
19 0.36834765625 0.9094930555555556 0.04730468749999996 0.10990277777777793
19 0.34254296875 0.7456111111111111 0.14507031250000005 0.2618333333333333
19 0.52553515625 0.8356597222222223 0.07005468750000006 0.13843055555555567
19 0.63273828125 0.8012638888888889 0.15678906250000005 0.2025277777777777
17 0.4726640625 0.7748611111111111 0.07610937500000006 0.21458333333333332
15 0.53880859375 0.7030069444444444 0.09272656250000004 0.15165277777777786
19 0.43309765625 0.6979722222222222 0.05025781249999994 0.13666666666666671
19 0.7049921875 0.6155902777777778 0.05293749999999999 0.11029166666666662
8 0.5440742187500001 0.54725 0.03685156250000006 0.1091666666666667
7 0.59402734375 0.5649027777777778 0.0976640625 0.23311111111111116
19 0.22933203125 0.7416250000000001 0.01730468749999998 0.05713888888888903
19 0.3988828125 0.6253888888888889 0.03503125000000003 0.06411111111111106
19 0.3232421875 0.5775277777777778 0.023671874999999964 0.032972222222222236
19 0.40963281250000005 0.5444513888888889 0.013390625000000078 0.0347916666666666
19 0.36765234375 0.4340138888888888 0.009992187499999972 0.022472222222222154
19 0.4801875 0.4715138888888889 0.06734375000000004 0.25727777777777777
19 0.24848046875000002 0.4098888888888889 0.1130859375 0.1911944444444444
19 0.402640625 0.34027083333333336 0.08529687500000005 0.1266527777777778
14 0.24176171875 0.20895833333333333 0.1413203125 0.34152777777777776
19 0.40755859375 0.2694097222222222 0.06317968749999996 0.09451388888888891
16 0.4439453125 0.19737500000000002 0.162109375 0.23308333333333334
19 0.6001406250000001 0.24779861111111115 0.019906250000000014 0.03295833333333336
19 0.44119140625000003 0.12484722222222222 0.0695390625 0.16177777777777777
17 0.38852343750000007 0.0538125 0.06057812500000002 0.107625
19 0.11407031249999999 0.0538125 0.07540624999999998 0.107625
19 0.2723125 0.021805555555555554 0.03337500000000002 0.03977777777777778
19 0.54491015625 0.05493055555555555 0.11127343750000004 0.1098611111111111
19 0.46764062500000003 0.06905555555555555 0.12981250000000005 0.12550000000000003
2 0.6765703125 0.04722222222222222 0.15700000000000003 0.09444444444444444
18 0.32175781249999996 0.2387152777777778 0.09320312499999997 0.1953472222222222