0 0.6578046875 0.9373055555555556 0.08012499999999996 0.12538888888888886
19 0.40311328125 0.9400069444444443 0.056554687500000034 0.0847361111111111
17 0.4744453125 0.9054652777777777 0.0640625 0.14868055555555548
10 0.34662109375 0.9250624999999999 0.09097656250000004 0.14198611111111115
19 0.56173828125 0.8492083333333332 0.08171093749999994 0.15877777777777768
19 0.57119140625 0.7675069444444444 0.2230390625 0.33754166666666663
3 0.70608203125 0.7785069444444445 0.20569531250000006 0.4429861111111112
9 0.39458203125 0.7591388888888889 0.15757031250000003 0.2601944444444444
19 0.20637890624999997 0.7370694444444443 0.06600781250000001 0.10236111111111118
17 0.27165234375 0.7011319444444445 0.1102421875 0.1879027777777778
19 0.38091796875 0.5844652777777778 0.1284140625 0.14476388888888891
19 0.20650390624999998 0.5116458333333334 0.08816406250000001 0.12912500000000005
19 0.34893359375 0.5664722222222223 0.061507812500000016 0.08838888888888886
19 0.46211328125 0.5825208333333334 0.06235156249999996 0.08537500000000003
19 0.39828125 0.5542361111111112 0.04843749999999995 0.10486111111111111
17 0.57988671875 0.6016041666666667 0.06488281249999997 0.11384722222222227
19 0.51954296875 0.5642777777777778 0.07924218750000005 0.1018888888888889
19 0.5951953124999999 0.4353680555555556 0.2178750000000001 0.2175138888888889
17 0.6055429687499999 0.4322777777777778 0.08172656249999992 0.09799999999999992
8 0.536515625 0.3547222222222222 0.07109375 0.19
19 0.40947265625 0.4280555555555555 0.11371093749999997 0.19561111111111115
19 0.30833984375 0.28661805555555553 0.05055468750000003 0.05393055555555553
19 0.8353515625 0.35330555555555554 0.06571874999999991 0.11691666666666671
19 0.8100703125 0.42495138888888895 0.04446875000000006 0.036402777777777826
17 0.6753125 0.29410416666666667 0.08812499999999997 0.20490277777777774
19 0.7160625 0.22314583333333335 0.09506250000000005 0.18537500000000004
18 0.8243671875 0.24838888888888885 0.1551718749999999 0.28400000000000003
19 0.6165234374999999 0.32386805555555553 0.05899999999999998 0.12576388888888887
19 0.44375390625 0.21204861111111112 0.16311718749999998 0.2654027777777778
19 0.599328125 0.1622222222222222 0.1543125 0.22944444444444442
19 0.3922578125 0.3836527777777778 0.06881249999999998 0.12858333333333336
19 0.435109375 0.3655486111111111 0.06884374999999991 0.11734722222222224
19 0.47008203125000003 0.14328472222222222 0.054601562500000075 0.08412499999999999
19 0.3275 0.13575694444444444 0.09468750000000004 0.22429166666666667
19 0.43183984375 0.07002083333333334 0.06555468750000001 0.14004166666666668
17 0.7353515625 0.11011805555555555 0.08510937500000004 0.15429166666666666
19 0.69096875 0.043166666666666666 0.093546875 0.08633333333333333
15 0.561140625 0.04532638888888889 0.14693749999999994 0.09065277777777778