18 0.6478124999999999 0.9508611111111112 0.09578124999999993 0.09827777777777777
18 0.4637734375 0.8641250000000001 0.11151562500000001 0.20130555555555563
18 0.503125 0.9673611111111111 0.15625 0.06527777777777778
15 0.38584375 0.8161666666666666 0.07996874999999996 0.26902777777777787
19 0.6913671875 0.38277777777777783 0.23726562499999995 0.7008333333333334
19 0.54309765625 0.679625 0.11994531249999998 0.2073888888888888
17 0.47386718750000006 0.7140555555555556 0.04742187500000004 0.08922222222222223
17 0.4521875000000001 0.6666597222222223 0.07785937500000006 0.12798611111111116
19 0.41876953125 0.5442083333333333 0.08050781249999997 0.17861111111111114
12 0.515015625 0.5497152777777778 0.08531250000000004 0.15659722222222222
19 0.3136640625 0.7654027777777777 0.04664062500000003 0.09249999999999987
8 0.32918359375 0.5034791666666667 0.10435156249999995 0.14668055555555556
18 0.5269062499999999 0.29425 0.21353124999999995 0.38572222222222224
8 0.40147656249999997 0.32961805555555557 0.08015624999999997 0.22998611111111117
17 0.4700351562500001 0.07211111111111111 0.07960156250000008 0.14422222222222222
19 0.5888671875 0.01923611111111111 0.030546874999999928 0.03847222222222222