19 0.99477734375 0.01670138888888889 0.010445312499999915 0.03340277777777778
19 0.30333203124999997 0.9949791666666666 0.0366171875 0.010041666666666692
11 0.43859375 0.7632847222222223 0.06421875000000003 0.20018055555555564
16 0.5286015625 0.7670208333333334 0.08735937499999995 0.1794027777777778
10 0.59377734375 0.7271041666666667 0.07438281250000003 0.20729166666666668
19 0.65087890625 0.8290694444444445 0.08772656249999997 0.2361666666666666
17 0.78806640625 0.8477083333333334 0.08238281250000004 0.1325833333333334
18 0.210671875 0.69125 0.05704687499999998 0.08750000000000008
19 0.20626562499999998 0.5583333333333333 0.06871875000000001 0.14852777777777784
19 0.31702343749999995 0.5703819444444445 0.05189062499999997 0.12756944444444449
17 0.4101796875 0.6051319444444444 0.08543749999999997 0.11443055555555554
19 0.458546875 0.5691250000000001 0.06384375000000002 0.12236111111111114
19 0.81820703125 0.6205277777777778 0.049539062499999974 0.10672222222222226
19 0.25286328124999996 0.5323819444444444 0.016429687499999977 0.03584722222222215
17 0.258875 0.3882083333333333 0.06771875000000005 0.16094444444444445
19 0.299078125 0.4090555555555556 0.014937500000000003 0.05758333333333338
19 0.4126171875 0.327125 0.10601562500000003 0.17388888888888887
19 0.5576992187500001 0.428375 0.16138281249999994 0.29352777777777783
8 0.69146875 0.42107638888888893 0.21432812499999992 0.3538472222222222
19 0.43543359375 0.22962499999999997 0.04977343750000003 0.07980555555555553
0 0.5290625 0.13759027777777777 0.10343750000000007 0.17287500000000003
7 0.6441015625 0.21527083333333333 0.08367187499999992 0.10637500000000003
19 0.7346171874999999 0.13 0.11060937499999994 0.22166666666666662
19 0.28965625 0.27337500000000003 0.023968749999999962 0.04261111111111112
19 0.7847421875 0.03939583333333334 0.05851562500000007 0.039874999999999994
19 0.63403515625 0.011131944444444446 0.04713281249999994 0.022263888888888892
19 0.68503125 0.05809027777777778 0.11987500000000004 0.11618055555555556
19 0.47633984374999994 0.09513888888888888 0.15439843750000004 0.19027777777777777
19 0.38924609375 0.025340277777777778 0.03386718749999997 0.050680555555555555
19 0.5639960937499999 0.033041666666666664 0.021164062499999935 0.040138888888888884
19 0.3030859375 0.06699305555555556 0.136921875 0.1339861111111111
18 0.11199218749999999 0.13903472222222224 0.10217187500000002 0.2780694444444445