18 0.5916406249999999 0.8268472222222223 0.165625 0.223138888888889
15 0.591109375 0.9683888888888889 0.07445312499999997 0.0632222222222222
17 0.684515625 0.9592361111111111 0.07799999999999993 0.08152777777777784
17 0.160890625 0.8219027777777778 0.07443749999999998 0.16324999999999995
8 0.25720312500000003 0.27112499999999995 0.08835937500000002 0.2136388888888889
19 0.45005859375 0.8878194444444445 0.17189843749999997 0.22436111111111107
19 0.346484375 0.9527777777777777 0.0796875 0.09444444444444444
14 0.32994140625 0.8371805555555555 0.12344531249999999 0.21819444444444433
14 0.23151562500000003 0.7626666666666667 0.07984375000000002 0.28125
19 0.45574609375 0.805326388888889 0.05055468750000003 0.19131944444444443
18 0.5977382812500001 0.8326319444444444 0.18402343749999997 0.22190277777777775
16 0.7613828125000001 0.7385555555555555 0.20056250000000003 0.3170833333333333
19 0.31548046875 0.6974097222222222 0.0859453125 0.13479166666666662
19 0.40207031249999997 0.7344305555555555 0.05392187499999999 0.11080555555555552
19 0.42991796875000005 0.6906041666666667 0.06496093750000002 0.11384722222222227
19 0.48926171875 0.5504583333333334 0.07710156250000004 0.09994444444444449
19 0.55017578125 0.6504583333333334 0.1476484375 0.15888888888888886
10 0.26451171875 0.5733194444444445 0.16442968750000003 0.20394444444444448
17 0.20792578125 0.5600625 0.09041406250000002 0.13556944444444446
19 0.47034765624999997 0.40967361111111117 0.08885156250000001 0.14568055555555554
19 0.5832109375 0.4079861111111111 0.19171875000000008 0.35694444444444445
19 0.39916406249999997 0.5464027777777777 0.13237500000000005 0.2502777777777778
19 0.7783359375 0.3358333333333334 0.10554687499999993 0.16319444444444445
19 0.44032421875 0.3302083333333333 0.042929687500000036 0.09488888888888884
19 0.42665234375 0.26050694444444444 0.10813281250000002 0.1327361111111111
19 0.66837109375 0.23040277777777776 0.061851562500000054 0.3241944444444444
19 0.54536328125 0.22695833333333332 0.1400546875 0.22752777777777777
19 0.7770117187500001 0.21338194444444444 0.058351562500000044 0.094875
19 0.8279140625 0.23770833333333335 0.07729687500000004 0.14097222222222222
19 0.51492578125 0.02233333333333333 0.04802343750000002 0.04466666666666666
17 0.57980859375 0.04779861111111111 0.07161718750000005 0.09559722222222222
17 0.77192578125 0.014090277777777778 0.029476562500000015 0.028180555555555556
19 0.26989843750000003 0.019979166666666666 0.04246875000000001 0.03995833333333333