10 0.58165625 0.9652013888888888 0.05387500000000003 0.06959722222222209
7 0.84966015625 0.8796875 0.10849218749999992 0.240625
10 0.326171875 0.8659722222222223 0.07265625 0.26805555555555555
17 0.19416796875000003 0.9555277777777778 0.06925781249999999 0.0889444444444444
19 0.5668320312499999 0.851263888888889 0.09516406249999995 0.17283333333333342
19 0.23651953125 0.8636527777777777 0.12560156249999999 0.14588888888888885
10 0.436828125 0.8974027777777778 0.14984374999999997 0.204388888888889
8 0.38880468749999997 0.7527083333333334 0.05559375000000002 0.21522222222222226
19 0.44270703125 0.7459375 0.05691406249999993 0.1869027777777777
7 0.7610390625000001 0.78875 0.18250000000000002 0.3163333333333333
19 0.6298359375 0.6992847222222223 0.12043750000000006 0.21165277777777783
19 0.23148828125 0.7525972222222223 0.08483593750000003 0.12000000000000005
19 0.2141484375 0.674875 0.09675000000000003 0.15213888888888885
19 0.49884375 0.5353333333333332 0.191421875 0.2808333333333334
19 0.1753046875 0.5648819444444445 0.018265624999999997 0.043375000000000025
19 0.27619531249999996 0.4952361111111111 0.075 0.09536111111111106
19 0.3396171875 0.5305555555555556 0.05293749999999999 0.10783333333333331
19 0.43900781250000004 0.5531111111111111 0.03100000000000005 0.08627777777777779
19 0.5760898437499999 0.4490486111111111 0.0968828125 0.35248611111111106
19 0.7543359374999999 0.3118611111111111 0.29554687500000004 0.6203888888888889
19 0.7672343749999999 0.6112777777777778 0.09148437499999992 0.11961111111111111
19 0.43577343749999997 0.2709097222222222 0.17171874999999998 0.2768194444444445
14 0.19882421875 0.4477569444444444 0.08267968750000002 0.2531805555555555
18 0.277625 0.33781944444444445 0.164046875 0.27041666666666664
8 0.61231640625 0.3218958333333334 0.09650781249999998 0.18626388888888895
19 0.56701171875 0.29270833333333335 0.0529296875 0.1
19 0.30119531250000003 0.21408333333333335 0.03970312500000004 0.049027777777777795
14 0.25321484375000003 0.17486805555555557 0.14007031249999996 0.11959722222222224
3 0.58961328125 0.12910416666666666 0.15992968750000003 0.2582083333333333
19 0.74303515625 0.15428472222222223 0.06044531249999992 0.1411805555555556
17 0.605609375 0.2278125 0.07279687500000005 0.10784722222222225
10 0.8118554687499999 0.3385972222222222 0.04411718749999993 0.17647222222222222
18 0.44237109375 0.08597222222222221 0.13235156250000002 0.17194444444444443
3 0.46332812500000004 0.06702777777777777 0.05735937500000006 0.1
19 0.6593203125 0.13645833333333332 0.11593750000000007 0.14400000000000002