14 0.69917578125 0.9813263888888888 0.04333593750000002 0.03518055555555545
14 0.51246484375 0.9734375 0.032960937500000044 0.053125
19 0.7898476562499999 0.8883680555555555 0.13880468749999997 0.2232638888888889
14 0.36815234375 0.8991666666666667 0.1695234375 0.20166666666666672
19 0.67551171875 0.8643194444444445 0.09896093750000005 0.16236111111111123
16 0.53147265625 0.8725486111111111 0.1332109375 0.20170833333333335
19 0.4262734375 0.7004861111111111 0.09585937500000004 0.30561111111111117
8 0.725921875 0.7355833333333334 0.13201562500000003 0.13163888888888886
2 0.5313984374999999 0.6655555555555556 0.18521874999999993 0.30022222222222217
17 0.63398046875 0.7160972222222223 0.03563281249999992 0.06725000000000002
14 0.354375 0.6856458333333334 0.08468749999999999 0.15256944444444448
4 0.76753125 0.40630555555555553 0.19201562499999997 0.34375
2 0.6196484375 0.41081249999999997 0.1369375 0.29104166666666664
19 0.59716796875 0.5928819444444444 0.0658203125 0.18784722222222222
16 0.2753515625 0.4634097222222222 0.12117187500000001 0.22645833333333332
19 0.37821875 0.48422916666666665 0.10240624999999999 0.18568055555555563
19 0.45043749999999994 0.45450694444444445 0.08110937499999996 0.13748611111111111
19 0.5193125000000001 0.4583472222222222 0.08704687500000005 0.1415
19 0.29194140625 0.3145763888888889 0.08252343749999999 0.09368055555555557
16 0.24957031250000003 0.26872222222222225 0.07632812500000004 0.11300000000000002
14 0.5356328125 0.3150277777777778 0.05607812499999998 0.1398333333333333
8 0.38871875 0.3010486111111111 0.08778125 0.17015277777777776
19 0.431421875 0.19940277777777776 0.07964062500000005 0.17019444444444448
17 0.46958203125 0.3143472222222222 0.056085937499999974 0.09211111111111114
14 0.65677734375 0.2877986111111111 0.09619531250000009 0.12331944444444447
2 0.4211484375 0.15484027777777776 0.29401562499999995 0.30218055555555556
17 0.55994140625 0.14600694444444445 0.12472656250000007 0.1684027777777778
19 0.3110078125 0.12016666666666669 0.08603125 0.15761111111111115
3 0.6297382812500001 0.06359027777777777 0.10972656250000004 0.12718055555555555
19 0.774140625 0.049548611111111106 0.12992187499999996 0.09909722222222221
7 0.37991406250000004 0.17044444444444445 0.036968750000000036 0.05244444444444443
17 0.54775 0.03027777777777778 0.04828124999999996 0.06055555555555556