19 0.7428203124999999 0.0525 0.15842187500000007 0.105
0 0.40037890625 0.5018194444444445 0.06192968749999998 0.09263888888888895
2 0.560609375 0.086875 0.08559374999999995 0.17375
2 0.3079609375 0.3213263888888889 0.09245312500000002 0.14237500000000003
18 0.35321484375 0.069375 0.12205468750000001 0.13875
19 0.6755859375 0.8802083333333334 0.26429687500000004 0.23958333333333334
0 0.45412890624999996 0.9183333333333332 0.1400546875 0.16333333333333322
12 0.296875 0.8430555555555556 0.20390625 0.3138888888888889
19 0.8480820312499999 0.7591944444444445 0.04725781249999983 0.07855555555555548
19 0.5723515625 0.7747083333333333 0.09143749999999998 0.17036111111111116
19 0.44956250000000003 0.7086319444444444 0.06437500000000007 0.2509861111111112
8 0.53870703125 0.5639722222222222 0.09047656249999995 0.24716666666666673
3 0.3307421875 0.5295902777777778 0.182421875 0.3266805555555556
3 0.21407812499999998 0.7629444444444445 0.06468749999999998 0.3231944444444445
19 0.2081796875 0.3904652777777778 0.093546875 0.31509722222222225
8 0.47911328124999997 0.09781944444444446 0.10744531249999997 0.10336111111111114
19 0.75107421875 0.1389861111111111 0.056882812499999956 0.08052777777777778
8 0.49523046875 0.024951388888888888 0.046273437500000014 0.049902777777777775
3 0.272234375 0.04510416666666667 0.028531249999999987 0.05209722222222223
3 0.71721875 0.1225625 0.060921875000000014 0.10281944444444445
0 0.37636328125 0.9512499999999999 0.051023437499999956 0.09750000000000006
10 0.64091015625 0.1792222222222222 0.09353906250000002 0.27516666666666667
19 0.24440234375000003 0.1891388888888889 0.04635156250000003 0.07672222222222223
10 0.613015625 0.4902083333333333 0.06859374999999997 0.30699999999999994
18 0.11576562500000001 0.21416666666666664 0.09190625 0.4283333333333333