2 0.42501953124999997 0.899236111111111 0.09324218749999998 0.20152777777777764
2 0.3375234375 0.9306875 0.07692187500000003 0.13862499999999991
19 0.49609375 0.9368055555555556 0.12265625 0.12638888888888888
19 0.49592578125 0.9483541666666667 0.07596093750000002 0.10329166666666652
12 0.68150390625 0.9183333333333332 0.12071093749999999 0.16333333333333322
7 0.24687109375 0.7582222222222224 0.10528906249999999 0.19897222222222222
8 0.49914453124999997 0.8425347222222223 0.12388281249999995 0.09845833333333347
19 0.42640625 0.6483194444444444 0.13796874999999997 0.38266666666666665
19 0.46530859375 0.7172708333333333 0.1004765625000001 0.13137499999999996
19 0.43528124999999995 0.620451388888889 0.09054687500000003 0.13034722222222225
7 0.67978125 0.5300694444444445 0.09484375000000007 0.20325000000000004
19 0.84658203125 0.6042847222222222 0.028054687499999887 0.04220833333333331
2 0.51869140625 0.5112013888888889 0.1401484374999999 0.2607361111111111
17 0.5739453125 0.6174652777777778 0.04092187500000009 0.07284722222222229
19 0.40040234375 0.42338888888888887 0.06838281249999997 0.11613888888888889
19 0.286421875 0.40581944444444445 0.15326562500000004 0.15144444444444444
19 0.33104296875 0.34493749999999995 0.09803906250000001 0.11301388888888886
19 0.36503515625 0.2303194444444444 0.13102343750000003 0.1876944444444444
19 0.5067187499999999 0.1727222222222222 0.06453124999999993 0.1051111111111111
19 0.270203125 0.13377083333333334 0.059562500000000004 0.10823611111111112
19 0.3443203125 0.06200694444444444 0.062203125000000005 0.06823611111111111
19 0.7849882812500001 0.15141666666666667 0.049101562500000015 0.12000000000000001
5 0.5640234375000001 0.08083333333333333 0.06750000000000007 0.09647222222222221
17 0.37608203125 0.13847916666666665 0.07014843749999997 0.09412499999999997
19 0.39924609375000003 0.04671527777777777 0.09264843750000003 0.08470833333333333
19 0.4568203125 0.08318055555555556 0.030437500000000027 0.04000000000000001
19 0.46601953125 0.01865277777777778 0.04380468749999995 0.03730555555555556