19 0.48014453124999995 0.9248680555555555 0.09283593749999994 0.15026388888888897
19 0.75716796875 0.9441111111111111 0.08472656250000003 0.11177777777777781
18 0.8251875 0.9807361111111111 0.027890624999999857 0.03852777777777779
17 0.594140625 0.9402777777777778 0.065625 0.11944444444444445
18 0.37842578125 0.9696805555555555 0.04764843750000001 0.04599999999999985
8 0.2983046875 0.8751041666666666 0.09132812499999998 0.18823611111111108
3 0.38755468750000005 0.8774791666666666 0.09000000000000004 0.13376388888888882
13 0.49459765624999996 0.7213055555555554 0.17644531249999992 0.3397777777777777
19 0.6761171874999999 0.9206875 0.14142187499999997 0.15862500000000004
18 0.58061328125 0.7974305555555555 0.07278906250000006 0.2113611111111112
7 0.6390234375 0.8033125 0.07676562499999999 0.12709722222222222
7 0.33241015625000003 0.7356527777777777 0.0741171875 0.19294444444444447
10 0.2653203125 0.7057777777777777 0.07110937499999999 0.3034444444444444
18 0.38677343749999993 0.7792083333333333 0.03417187499999996 0.08313888888888875
19 0.5588515625 0.5766597222222222 0.12062500000000007 0.16123611111111116
18 0.39019140624999993 0.5619375000000001 0.09977343749999998 0.14265277777777782
2 0.4186015625 0.43674305555555554 0.0810625 0.11584722222222218
3 0.543453125 0.36861111111111106 0.32776562499999995 0.4361111111111111
17 0.294203125 0.38847916666666665 0.07306249999999999 0.15812500000000004
12 0.24636328125 0.18968749999999998 0.09399218749999998 0.1859027777777778
8 0.31546484374999995 0.1208263888888889 0.10588281249999998 0.22118055555555555
19 0.51637890625 0.09047222222222222 0.23050781249999996 0.18094444444444444
10 0.49873437500000006 0.09047222222222222 0.06728124999999992 0.18094444444444444
18 0.4409375 0.24202777777777776 0.13659374999999999 0.17794444444444446