18 0.4609375 0.9520833333333333 0.11484375 0.09583333333333334
3 0.609703125 0.7553472222222223 0.3223749999999999 0.4893055555555555
12 0.19895703125000003 0.9697569444444445 0.07932031249999998 0.060486111111111046
18 0.50930078125 0.8876041666666665 0.05702343750000001 0.10326388888888877
19 0.43039062499999997 0.9544305555555557 0.030312499999999964 0.05997222222222231
8 0.4414296875 0.7541111111111112 0.12710937500000002 0.2945833333333333
18 0.5632070312499999 0.5516875 0.1010859374999999 0.19356944444444446
13 0.22889453125 0.6188333333333335 0.21116406249999997 0.3559444444444445
8 0.5077929687499999 0.5960208333333333 0.046757812499999926 0.2144861111111112
0 0.36966406250000006 0.4578472222222222 0.10782812500000002 0.27486111111111106
17 0.45286328124999997 0.4980972222222222 0.07391406249999992 0.15330555555555556
18 0.2821328125 0.5235763888888889 0.07804687499999999 0.28048611111111116
3 0.58703125 0.3943958333333333 0.12468749999999992 0.3229583333333333
18 0.231921875 0.40858333333333335 0.07568749999999999 0.15438888888888885
3 0.5132265625000001 0.4464444444444444 0.056218750000000026 0.13980555555555552
19 0.733421875 0.35368055555555555 0.19274999999999992 0.2828888888888889
12 0.33200390625000004 0.3173472222222222 0.05622656250000002 0.09719444444444447
17 0.7671601562499999 0.2947013888888889 0.04849218749999995 0.10948611111111109
17 0.5407421875 0.2138125 0.11632812500000007 0.15376388888888887
12 0.40441015625 0.33716666666666667 0.04850781249999998 0.08766666666666667
19 0.45922265624999997 0.2823819444444444 0.16374218749999997 0.33745833333333336
12 0.49144140625 0.33022916666666663 0.07888281250000002 0.11573611111111112
18 0.67123828125 0.2717361111111111 0.1090703125000001 0.15180555555555558
3 0.6919531250000001 0.15281944444444445 0.15328125000000004 0.23991666666666667
14 0.48370703125 0.07309722222222223 0.1861328125 0.14619444444444446
14 0.3797265625 0.11652083333333335 0.05648437499999996 0.09356944444444446
14 0.6557265624999999 0.026881944444444444 0.05648437499999996 0.05376388888888889
10 0.41315234375000004 0.05504861111111111 0.06285156250000004 0.11009722222222222
10 0.76621875 0.044368055555555556 0.09796875000000008 0.08873611111111111
2 0.22460156250000002 0.03205555555555555 0.05545312500000001 0.06080555555555556