19 0.2936953125 0.9451666666666666 0.11301562499999998 0.10966666666666672
19 0.52958203125 0.9089861111111112 0.13677343749999996 0.1820277777777777
19 0.30021484374999996 0.7537638888888889 0.0839921875 0.17697222222222225
19 0.44987890625000004 0.7469791666666667 0.09482031249999992 0.2752083333333334
19 0.5607109374999999 0.7355138888888889 0.11940624999999994 0.22527777777777785
10 0.2610859375 0.7776458333333333 0.125 0.3776527777777779
10 0.7081328124999999 0.6853958333333333 0.10024999999999995 0.26906944444444447
14 0.374203125 0.8619583333333332 0.07729687500000004 0.18280555555555542
19 0.6725312499999999 0.5974652777777778 0.05181249999999995 0.12962500000000005
19 0.20375390625 0.6329930555555555 0.11799218749999998 0.23337499999999997
17 0.17317968749999998 0.7586875 0.05293749999999999 0.11012499999999995
17 0.525640625 0.5708472222222222 0.07390624999999992 0.11188888888888882
0 0.38134375 0.6744305555555555 0.06617187500000003 0.16441666666666666
19 0.33697656249999997 0.6394861111111111 0.06229687500000001 0.12619444444444447
19 0.4449101562499999 0.5899930555555556 0.07058593749999993 0.07462500000000002
19 0.5563046875 0.5476319444444445 0.1344843749999999 0.1619305555555556
8 0.73680859375 0.3879375 0.09435156249999999 0.33106944444444447
19 0.6712890625 0.4500138888888889 0.09000000000000004 0.20202777777777783
19 0.6076914062500001 0.388625 0.09116406250000005 0.17372222222222225
19 0.45676562499999995 0.44209722222222225 0.11646874999999998 0.1459444444444445
19 0.37753125 0.32944444444444443 0.23818750000000005 0.525
19 0.34694140625000003 0.3968194444444445 0.08208593749999996 0.23966666666666664
19 0.2654296875 0.37790972222222224 0.11510937500000003 0.23726388888888894
19 0.78125390625 0.37552083333333336 0.018523437500000028 0.04234722222222224
19 0.682125 0.28510416666666666 0.015953125000000058 0.05559722222222219
19 0.4278984375 0.16878472222222224 0.23189062499999996 0.3375694444444445
17 0.60259765625 0.1831875 0.06902343749999992 0.15723611111111108
8 0.8181406250000001 0.12530555555555556 0.11276562500000002 0.1781666666666667
8 0.70458203125 0.06765972222222223 0.14611718749999997 0.13531944444444446
19 0.57276171875 0.0493125 0.09528906250000002 0.098625
19 0.44411328125000005 0.0534375 0.03811718749999997 0.08470833333333333
19 0.22811328125000002 0.07884722222222224 0.05717968750000002 0.096
19 0.5145234375000001 0.14224305555555555 0.07676562499999999 0.11529166666666665
19 0.19026171875000003 0.03877083333333333 0.1455859375 0.07754166666666666