19 0.508390625 0.957736111111111 0.07787500000000006 0.08452777777777763
19 0.3409375 0.7914930555555556 0.20687499999999998 0.41395833333333326
17 0.6049296875 0.9302083333333333 0.07465624999999995 0.12124999999999994
19 0.41583984375 0.8268263888888888 0.04167968749999997 0.10812499999999987
18 0.20015624999999998 0.7908750000000001 0.20435937500000004 0.35958333333333337
7 0.44858593750000003 0.7611319444444444 0.07139062500000008 0.1985694444444445
7 0.6653710937499999 0.7999097222222221 0.21003906249999993 0.34462500000000007
19 0.40361328125 0.6337569444444445 0.11325781250000003 0.19412500000000005
19 0.5289843750000001 0.6728958333333334 0.13203125 0.22687499999999997
12 0.6427031249999999 0.5533541666666666 0.066015625 0.12001388888888885
0 0.23306640625000002 0.4333263888888889 0.04957031250000003 0.11879166666666663
19 0.45386718749999994 0.3555277777777777 0.09945312499999996 0.18908333333333327
19 0.519859375 0.39134027777777775 0.0955 0.18134722222222216
19 0.69137109375 0.4338333333333333 0.06675781250000004 0.1316666666666666
17 0.31856640625 0.5141597222222222 0.07046093750000004 0.09670833333333333
17 0.572484375 0.5288055555555555 0.08529687500000005 0.1076944444444444
12 0.6171015625 0.31303472222222223 0.10903124999999995 0.12973611111111108
12 0.68835546875 0.24081249999999998 0.0695390625 0.12143055555555557
19 0.48231640625 0.36263888888888884 0.02661718749999995 0.05188888888888891
19 0.40290234375 0.2667708333333333 0.06867968750000002 0.3352083333333334
19 0.25865625 0.16912500000000003 0.09612499999999997 0.17647222222222222
19 0.42178125 0.16684027777777777 0.11503125 0.19631944444444446
13 0.664578125 0.10722222222222223 0.18457812499999998 0.21383333333333335
19 0.27828515625 0.07981944444444444 0.0610390625 0.10377777777777777
19 0.33104296875 0.03854166666666667 0.11332031249999996 0.07341666666666667
14 0.47141406249999995 0.05456249999999999 0.15539062500000003 0.10851388888888888
12 0.21346875 0.04754166666666666 0.08920312500000002 0.09508333333333333