8 0.65828125 0.8180138888888889 0.17554687500000005 0.36397222222222214
19 0.5225390624999999 0.8317361111111111 0.22507812499999993 0.3365277777777777
19 0.40560156249999996 0.9344583333333334 0.09714062499999998 0.12808333333333338
12 0.27201171874999996 0.9018125000000001 0.09085156249999997 0.19637499999999983
12 0.20601171875 0.8767569444444444 0.06946093749999997 0.1856527777777779
12 0.78402734375 0.9302916666666666 0.08852343750000005 0.13941666666666683
10 0.8042343750000001 0.8201597222222222 0.08478124999999999 0.2205416666666666
9 0.38020312500000003 0.7918611111111111 0.202640625 0.36666666666666664
3 0.36478125 0.6391875 0.109484375 0.16148611111111116
19 0.83605078125 0.6346180555555556 0.029445312500000043 0.06140277777777783
19 0.77377734375 0.7184166666666667 0.05139843749999997 0.08688888888888881
3 0.8082421875 0.49840277777777775 0.12982812499999996 0.19413888888888886
19 0.54278515625 0.5581180555555556 0.15172656250000002 0.2508194444444445
8 0.6253124999999999 0.45024305555555555 0.154296875 0.2772083333333334
19 0.37657421875 0.5747569444444445 0.040976562500000036 0.44645833333333323
0 0.44655859374999995 0.6345277777777778 0.05125781249999992 0.08363888888888893
19 0.46344531249999993 0.524611111111111 0.07078124999999993 0.11983333333333329
19 0.5319609375 0.4234791666666667 0.06317187499999992 0.08362500000000005
7 0.2981640625 0.2283333333333333 0.16460937500000003 0.38666666666666666
17 0.52073828125 0.32687499999999997 0.0749921875 0.11833333333333332
19 0.54050390625 0.213875 0.07414843750000007 0.21191666666666673
16 0.441375 0.216625 0.07753125000000001 0.15269444444444444
19 0.5021484375 0.1413888888888889 0.160546875 0.2827777777777778
17 0.7137890625000001 0.1072638888888889 0.07414062500000007 0.1303611111111111
19 0.66284765625 0.024652777777777777 0.07508593749999992 0.049305555555555554
19 0.38373437499999996 0.11429166666666665 0.09028124999999995 0.15788888888888888