19 0.7643203125 0.7557222222222222 0.09226562499999993 0.2308333333333334
19 0.41775390625000003 0.9749166666666665 0.24214843750000004 0.05016666666666651
19 0.49529296875 0.9435069444444445 0.07482031249999999 0.08987500000000005
19 0.36742968749999994 0.9118402777777778 0.14156250000000004 0.1418194444444443
9 0.5144726562499999 0.8375277777777778 0.15066406249999992 0.17180555555555563
14 0.6924921875000001 0.8230486111111112 0.08018750000000008 0.19784722222222229
17 0.7543671875 0.9425486111111111 0.07023437500000007 0.1085972222222223
19 0.3083359375 0.6087916666666667 0.220703125 0.4690833333333334
19 0.45222656250000004 0.6757638888888889 0.08382812499999996 0.18761111111111117
19 0.5648046875 0.6162152777777778 0.06673437500000005 0.11312500000000006
17 0.46752734375000005 0.5115625 0.07341406250000002 0.14331944444444453
19 0.5807968750000001 0.4798958333333333 0.1030156250000001 0.23081944444444452
19 0.7195078125 0.3992777777777778 0.13445312499999992 0.12916666666666668
17 0.8217109375 0.3583611111111111 0.08265625000000006 0.17458333333333337
17 0.39598828125 0.34091666666666665 0.07836718749999996 0.1378055555555556
19 0.323421875 0.27638194444444447 0.09854687499999999 0.1816805555555555
19 0.41439062499999996 0.251875 0.08739062499999997 0.15958333333333333
15 0.5438515624999999 0.27279166666666665 0.1876093749999999 0.18308333333333332
19 0.4584570312499999 0.13790277777777776 0.10316406249999996 0.1891388888888889
18 0.6606171875 0.065 0.06976562499999997 0.13
18 0.4709921875 0.025701388888888888 0.06182812500000008 0.051402777777777776
18 0.56910546875 0.06815277777777778 0.13039843750000008 0.13630555555555557