12 0.6988359375 0.8784305555555556 0.18982812500000001 0.24313888888888882
19 0.5466875 0.8235555555555556 0.21156249999999996 0.35288888888888886
19 0.40546875 0.9291666666666667 0.1125 0.14166666666666666
19 0.2332734375 0.9329999999999999 0.07853124999999998 0.13400000000000004
19 0.30989453125 0.8478888888888889 0.11838281249999998 0.30422222222222217
19 0.43313281249999996 0.8539930555555556 0.05476562499999993 0.09601388888888904
19 0.3991796875 0.826326388888889 0.08098437499999997 0.14023611111111114
17 0.21285546875 0.7207083333333333 0.09827343749999999 0.1768055555555555
12 0.426078125 0.6668958333333332 0.09828124999999996 0.16765277777777776
17 0.56034375 0.697326388888889 0.06235937499999995 0.14679166666666674
17 0.62253515625 0.6782708333333334 0.07002343750000009 0.13348611111111106
19 0.6570625000000001 0.7138958333333333 0.09428125000000005 0.1900694444444444
2 0.8140742187499999 0.47561805555555553 0.13588281249999995 0.20073611111111106
19 0.25227343750000003 0.5472638888888889 0.05078125 0.1154166666666667
19 0.34983593749999997 0.6264930555555556 0.08217187500000005 0.13112499999999996
2 0.57176953125 0.2993472222222222 0.29739843750000006 0.5986944444444444
19 0.601421875 0.594576388888889 0.21518750000000003 0.18887500000000002
8 0.62822265625 0.43618055555555557 0.10596093750000009 0.2125555555555555
19 0.6269765625 0.3907222222222222 0.06642187499999999 0.14727777777777776
10 0.5620273437500001 0.23466666666666663 0.13782031250000007 0.21516666666666662
19 0.384453125 0.5386180555555555 0.07246875 0.11540277777777783
19 0.41183984375 0.44754166666666667 0.11038281249999997 0.18080555555555564
19 0.31597656250000006 0.33745138888888887 0.17289062499999996 0.49970833333333337
19 0.2962265625 0.5137916666666666 0.07682812500000002 0.18155555555555558
19 0.27569921875000003 0.3321388888888889 0.10358593750000003 0.31538888888888894
2 0.798828125 0.1651111111111111 0.14421874999999992 0.23105555555555557
10 0.4531171875 0.18220833333333333 0.05660937500000003 0.1271388888888889
19 0.2316953125 0.2943125 0.07075000000000002 0.19054166666666666
19 0.21695312500000002 0.22625 0.11234374999999999 0.19
19 0.30761328125 0.13540972222222222 0.1314453125 0.19593055555555555
19 0.2863671875 0.042090277777777775 0.09304687500000001 0.08418055555555555
19 0.15949609375 0.2119375 0.0636796875 0.10751388888888891
19 0.19437109375 0.08343055555555555 0.1395234375 0.1668611111111111
2 0.4845703125 0.05197916666666666 0.07679687499999996 0.10395833333333332
19 0.744234375 0.058659722222222224 0.052312500000000026 0.11731944444444445