7 0.772265625 0.9270833333333334 0.10703125 0.14583333333333334
19 0.32952734375 0.9300763888888889 0.09546093750000004 0.1398472222222223
19 0.4160078125 0.8720694444444445 0.08993749999999996 0.12663888888888897
19 0.41281640625 0.7503333333333333 0.09505468750000001 0.1200277777777778
19 0.49797656250000005 0.7575763888888889 0.056968750000000054 0.07879166666666669
19 0.56215625 0.7798611111111111 0.12440625000000001 0.1947222222222223
19 0.4844453125 0.8011944444444443 0.014750000000000086 0.03072222222222207
17 0.22376171875 0.7482222222222222 0.08372656249999999 0.11299999999999993
19 0.21072265625000003 0.6324513888888889 0.10219531249999998 0.15893055555555563
19 0.257859375 0.5458263888888889 0.10095312500000002 0.1794583333333334
19 0.4272421875 0.5610277777777778 0.05301562499999992 0.09397222222222218
19 0.5579687499999999 0.5169374999999999 0.08289062499999993 0.21668055555555554
19 0.67762890625 0.6132569444444445 0.10349218750000003 0.1987638888888889
19 0.382671875 0.7199236111111111 0.033203125 0.04959722222222227
12 0.26738671875 0.3974513888888889 0.12225781250000001 0.22618055555555558
19 0.39114843749999995 0.44793055555555555 0.09067187499999996 0.18913888888888894
7 0.4466875 0.3095972222222222 0.17478125000000003 0.36113888888888884
10 0.5907421875 0.29528472222222224 0.09421874999999993 0.2465972222222222
19 0.7631484374999999 0.2738194444444444 0.1165156249999999 0.2015277777777778
3 0.28916015625 0.2860138888888889 0.07472656249999998 0.11563888888888887
18 0.4612265625 0.042069444444444444 0.05276562499999997 0.08413888888888889
19 0.55869921875 0.02947222222222222 0.06986718750000005 0.05894444444444444
17 0.764546875 0.02782638888888889 0.04690624999999997 0.05565277777777778
18 0.11199218749999999 0.13903472222222224 0.10217187500000002 0.2780694444444445