2 0.7157109375 0.9602638888888889 0.11939062499999994 0.07947222222222226
19 0.22148828125 0.9300694444444444 0.07844531249999998 0.13986111111111119
14 0.34990625 0.9705208333333333 0.12159375000000003 0.0589583333333334
19 0.62762890625 0.9176388888888888 0.14911718749999991 0.1647222222222221
11 0.8245625000000001 0.8107777777777778 0.07873437500000006 0.3367222222222223
19 0.53169140625 0.9127847222222221 0.12502343749999997 0.17443055555555545
17 0.56102734375 0.8512361111111111 0.07417968750000004 0.13480555555555548
19 0.6061249999999999 0.7938194444444444 0.057859374999999956 0.1595555555555557
19 0.4274140625 0.9154652777777778 0.09939062500000002 0.16906944444444447
19 0.505359375 0.7908680555555555 0.097859375 0.09593055555555546
19 0.4067421875 0.8425972222222223 0.11915624999999999 0.1876666666666665
19 0.36145703125 0.7155347222222221 0.08150781250000003 0.11606944444444435
10 0.53351171875 0.7188888888888889 0.16585156249999997 0.15280555555555553
12 0.7002382812500001 0.5507638888888888 0.1995078124999999 0.3593055555555556
19 0.5470937499999999 0.46979166666666666 0.21156249999999996 0.43627777777777776
19 0.41759765625 0.5711250000000001 0.1122421875 0.20616666666666675
19 0.23957812499999998 0.5661805555555556 0.08148437499999998 0.19138888888888883
19 0.32961328125 0.47065972222222224 0.11838281249999998 0.2856805555555556
19 0.4368359375 0.46829861111111115 0.05476562499999993 0.09601388888888888
19 0.40250390625000004 0.4555277777777778 0.08097656250000003 0.13019444444444445
17 0.21916796874999997 0.3246666666666667 0.09827343749999999 0.17680555555555558
12 0.42810156250000003 0.26934027777777775 0.09828124999999996 0.16765277777777776
17 0.56034375 0.2982638888888889 0.06235937499999995 0.14680555555555558
17 0.62981640625 0.26627083333333335 0.07002343750000009 0.13348611111111114
19 0.66434375 0.3083680555555555 0.09428125000000005 0.19006944444444449
2 0.8237890625000001 0.09601388888888888 0.13585937500000006 0.18341666666666667
19 0.25453125 0.153125 0.05078125 0.11541666666666668
19 0.34983593749999997 0.2418125 0.08217187500000005 0.13112499999999996
2 0.462265625 0.15235416666666665 0.09859375000000004 0.09887499999999999
19 0.605546875 0.21451388888888887 0.23265624999999995 0.19402777777777777
8 0.6374453125 0.07851388888888887 0.10110937500000006 0.1522222222222222
19 0.63369921875 0.029263888888888888 0.05802343749999998 0.058527777777777776
10 0.53304296875 0.058909722222222224 0.09538281249999994 0.11781944444444445
19 0.381625 0.1439513888888889 0.07246875 0.11540277777777776
19 0.42417578125000005 0.065625 0.11038281249999997 0.13125
19 0.34016796875 0.08686805555555556 0.10314843749999998 0.1654027777777778
19 0.2946640625 0.12911111111111112 0.084953125 0.18155555555555553
19 0.2584765625 0.03997222222222222 0.07632812500000004 0.07994444444444444