19 0.40308593750000005 0.9791666666666666 0.072265625 0.041666666666666664
15 0.545703125 0.9722222222222222 0.12265625 0.05555555555555555
19 0.44503125 0.8992499999999999 0.11078124999999997 0.19486111111111104
18 0.6580078125 0.8092500000000001 0.09578124999999993 0.20849999999999994
18 0.4666796875 0.6880972222222221 0.12023437500000007 0.23758333333333326
18 0.55852734375 0.8205763888888888 0.12707031250000006 0.16501388888888882
15 0.3902109375 0.6323749999999999 0.07996874999999996 0.26902777777777787
19 0.6787890624999999 0.2752777777777778 0.2624218750000001 0.5505555555555556
19 0.54455078125 0.48548611111111106 0.11994531249999998 0.2073888888888888
17 0.47393359375 0.5265138888888888 0.04739843750000006 0.09674999999999996
17 0.4488203125 0.4704236111111111 0.07785937500000006 0.12798611111111108
19 0.42298437499999997 0.3524722222222222 0.08051562499999995 0.17861111111111114
12 0.5210859375 0.35989583333333336 0.08531250000000004 0.15659722222222222
19 0.3223984375 0.5738611111111112 0.04664062500000003 0.09250000000000003
8 0.32581249999999995 0.31024305555555554 0.10434374999999996 0.14668055555555556
18 0.5348046875000001 0.14756944444444445 0.20992187500000004 0.2951388888888889
8 0.40633203125 0.1419513888888889 0.08014843749999997 0.2299861111111111