17 0.24111328125 0.9709722222222222 0.08566406249999999 0.05805555555555549
18 0.30353125 0.9711805555555556 0.05575000000000001 0.05763888888888889
10 0.39083984374999997 0.9638888888888889 0.10707031249999996 0.07222222222222222
19 0.49178515625 0.8190277777777778 0.18872656249999994 0.3619444444444444
19 0.7012890625 0.9478402777777777 0.099609375 0.10431944444444431
10 0.5898789062500001 0.8113194444444444 0.08883593750000003 0.17513888888888876
6 0.22652734375 0.8788958333333334 0.15039843749999998 0.19501388888888901
17 0.29376171875 0.7682638888888889 0.07586718750000002 0.117
19 0.32643359375000003 0.8859444444444444 0.06400781250000005 0.11216666666666665
12 0.560625 0.561375 0.09906249999999997 0.16330555555555562
18 0.61583984375 0.5906111111111111 0.08597656249999996 0.15488888888888885
19 0.44155078125 0.5026111111111111 0.05266406250000007 0.09736111111111115
6 0.60883984375 0.42022916666666665 0.09361718749999995 0.14229166666666668
2 0.62224609375 0.21340277777777777 0.15925781249999993 0.2720833333333334
19 0.65925390625 0.38964583333333336 0.08946093749999999 0.13301388888888888
2 0.4798828125 0.23152083333333331 0.15570312499999997 0.3222361111111111
19 0.345140625 0.27958333333333335 0.14543750000000003 0.18166666666666673
19 0.313921875 0.17018055555555556 0.08831249999999997 0.13897222222222222
19 0.43648046874999996 0.17381944444444444 0.1379609375 0.20152777777777772
19 0.5636210937499999 0.058534722222222224 0.11708593749999992 0.11706944444444445
19 0.68740625 0.021430555555555557 0.10279687499999994 0.042861111111111114
19 0.8265351562500001 0.21910416666666666 0.048070312500000156 0.11179166666666668
19 0.7962265625 0.08145833333333333 0.14681250000000007 0.16291666666666665
10 0.33940234375000006 0.04154861111111111 0.08978906250000004 0.08309722222222223
18 0.11199218749999999 0.13903472222222224 0.10217187500000002 0.2780694444444445