19 0.294140625 0.9138888888888889 0.18984375 0.17222222222222222
19 0.6999257812499999 0.9468263888888888 0.1101484375 0.10634722222222213
8 0.8080546875 0.9585486111111111 0.07998437500000008 0.08290277777777785
19 0.58399609375 0.8158333333333333 0.20685156249999997 0.3683333333333334
18 0.575 0.9868055555555556 0.075 0.02638888888888889
12 0.6130976562500001 0.8836875 0.07803906250000008 0.23262500000000003
17 0.4741171875 0.8812638888888888 0.053078125000000045 0.10447222222222226
19 0.7249218749999999 0.8422291666666666 0.04998437500000001 0.0700694444444445
19 0.8145468750000001 0.8680486111111111 0.08934375000000001 0.14415277777777774
19 0.30396093750000003 0.7353611111111111 0.10942187499999996 0.2573888888888888
2 0.20519921875000002 0.8290486111111112 0.0888359375 0.157513888888889
19 0.37565624999999997 0.8854305555555555 0.12571874999999996 0.1192222222222221
19 0.47884375000000007 0.7738750000000001 0.07200000000000006 0.14155555555555557
18 0.53604296875 0.8171319444444445 0.057679687499999945 0.11093055555555541
19 0.20789453125000001 0.7181944444444445 0.09760156250000003 0.13861111111111105
3 0.4621054687499999 0.7263333333333334 0.1206171874999999 0.19544444444444448
19 0.42686718749999997 0.5245208333333333 0.13439062499999999 0.2515972222222222
17 0.4888671875 0.5972083333333333 0.07829687500000002 0.09313888888888881
17 0.5858789062499999 0.6630347222222223 0.044804687499999926 0.06726388888888882
12 0.76282421875 0.5579861111111111 0.14013281249999993 0.2490277777777777
19 0.22427734375 0.490875 0.041289062500000015 0.056750000000000016
12 0.31696484375 0.4208819444444444 0.07924218750000005 0.13784722222222223
0 0.37761718749999995 0.3702916666666667 0.04835937499999998 0.11194444444444447
19 0.51020703125 0.38837499999999997 0.07991406249999997 0.12174999999999996
14 0.66119921875 0.4862986111111111 0.021726562499999956 0.050819444444444486
19 0.4965429687499999 0.4667916666666666 0.048476562499999966 0.06552777777777771
12 0.3024921875 0.25649305555555557 0.07673437500000002 0.15104166666666666
19 0.281609375 0.1670625 0.06349999999999997 0.10356944444444444
19 0.44020312500000003 0.2755208333333333 0.06584374999999998 0.13993055555555556
19 0.50994140625 0.2068125 0.13542968749999992 0.28390277777777784
2 0.59816796875 0.24938194444444445 0.12580468749999998 0.14423611111111112
19 0.61298828125 0.10652777777777778 0.1779296875 0.21305555555555555
18 0.11199218749999999 0.13903472222222224 0.10217187500000002 0.2780694444444445