11 0.68287890625 0.30473611111111115 0.04764843750000001 0.11858333333333336
3 0.5460234374999999 0.19707638888888887 0.11857812499999998 0.3094305555555555
12 0.72538671875 0.3925416666666667 0.049226562499999994 0.08186111111111115
18 0.28462109375 0.044451388888888894 0.1143515625 0.08890277777777779
12 0.6526484375 0.4205 0.08417187500000001 0.192
17 0.34103515624999997 0.34003472222222225 0.05558593749999998 0.13270833333333334
7 0.6189765625 0.18588194444444445 0.05876562500000002 0.23101388888888888
18 0.28438281249999997 0.19966666666666666 0.05157812499999999 0.15538888888888888
19 0.80016796875 0.21121527777777777 0.040023437500000016 0.07793055555555557
17 0.86115234375 0.09093749999999999 0.07433593750000007 0.12198611111111109
17 0.71058984375 0.04377777777777778 0.11244531250000005 0.08755555555555555
18 0.53143359375 0.06410416666666667 0.13913281249999992 0.12820833333333334
12 0.28859765625 0.9558333333333334 0.12277343749999999 0.08500000000000006
19 0.40188281249999996 0.9288194444444444 0.11170312500000001 0.13819444444444445
15 0.83809375 0.9491666666666666 0.08787500000000001 0.10166666666666672
18 0.7096171875 0.8605416666666665 0.06639062500000001 0.13830555555555546
18 0.32801562500000003 0.8652083333333332 0.04606250000000003 0.11294444444444436
2 0.25444140625 0.8208055555555556 0.10372656249999998 0.18008333333333346
19 0.532640625 0.8624583333333332 0.1583124999999999 0.26713888888888876
18 0.24992578125000003 0.8090625000000001 0.04764843750000001 0.059569444444444584
19 0.38552734375 0.7241388888888889 0.05422656249999998 0.09966666666666665
0 0.36099609375 0.5023819444444444 0.08417968750000004 0.1185972222222222
18 0.43312890625 0.8810625 0.0772109375 0.14118055555555567
17 0.44148828125 0.7751527777777778 0.05846093749999994 0.13852777777777778
19 0.54187109375 0.46170833333333333 0.1335703125 0.21455555555555558
19 0.40207031249999997 0.23229166666666667 0.162109375 0.46458333333333335
5 0.7666835937500001 0.8965486111111111 0.08735156249999995 0.18634722222222233
19 0.341671875 0.6460972222222223 0.08417187500000001 0.16658333333333342
19 0.46300781250000006 0.6134652777777778 0.13817187500000006 0.19465277777777776
8 0.78289453125 0.40498611111111116 0.1889765624999999 0.2513333333333334
18 0.19888671875000002 0.9605555555555556 0.061945312500000016 0.07888888888888883