19 0.38046875 0.9159722222222222 0.13359375 0.16805555555555557
19 0.581640625 0.9131944444444444 0.28125 0.1736111111111111
19 0.78721484375 0.9168263888888889 0.13369531250000008 0.1663472222222222
14 0.4647421875 0.8168194444444444 0.09117187500000004 0.16386111111111112
17 0.2732734375 0.8035138888888889 0.06885937499999999 0.14805555555555544
19 0.77273828125 0.7946944444444445 0.1387734375000001 0.1873333333333334
10 0.64153125 0.6143680555555556 0.13365624999999995 0.24179166666666663
19 0.6891640625000001 0.7667708333333334 0.07295312500000009 0.3224305555555556
19 0.52098828125 0.5504305555555555 0.10944531249999993 0.276
19 0.38520312500000004 0.6909652777777778 0.14181250000000004 0.19304166666666667
2 0.39498046875 0.4751458333333334 0.13880468749999997 0.23543055555555553
14 0.28318359375 0.5050833333333333 0.08367968750000002 0.16472222222222224
16 0.7849882812500001 0.3574513888888889 0.23299218750000011 0.3943472222222223
16 0.6294726562499999 0.43127777777777776 0.13269531249999994 0.2933888888888889
16 0.5230859375 0.4069930555555556 0.12053124999999998 0.2844027777777777
16 0.32598828125 0.2685486111111111 0.060507812500000036 0.1350972222222222
3 0.26028515625 0.26834027777777775 0.07247656249999998 0.19473611111111117
10 0.38677734375000006 0.24853472222222223 0.09957031250000004 0.2593194444444445
17 0.47067968749999994 0.22822222222222222 0.09051562499999992 0.13588888888888892
19 0.45196875 0.3109027777777778 0.06824999999999992 0.16636111111111107
19 0.49133203124999997 0.30317361111111113 0.05347656250000003 0.07004166666666668
19 0.6081484374999999 0.21419444444444444 0.07135937499999993 0.12938888888888891
17 0.7375937499999999 0.12699305555555557 0.1165156249999999 0.10806944444444445
14 0.662109375 0.06214583333333334 0.05876562500000002 0.1224861111111111
12 0.5685 0.0999375 0.09639062500000009 0.199875
2 0.48496875 0.08368055555555555 0.08412500000000005 0.1673611111111111
18 0.43376562500000004 0.05290972222222222 0.07035937499999996 0.10131944444444443
14 0.40385937499999996 0.12733333333333335 0.051359375000000006 0.07255555555555557
19 0.3120390625 0.08168055555555556 0.043625000000000025 0.08630555555555555
18 0.26349609375 0.022361111111111113 0.04222656249999997 0.044722222222222226
0 0.36098046875 0.029243055555555557 0.07180468749999998 0.058486111111111114