19 0.428515625 0.9791666666666666 0.09140625 0.041666666666666664
2 0.6641796875000001 0.897861111111111 0.23020312500000006 0.20427777777777767
11 0.33991015625000004 0.8486319444444445 0.07377343750000005 0.30273611111111115
19 0.431296875 0.8498333333333333 0.0810625 0.21619444444444455
19 0.420015625 0.7352361111111111 0.16781249999999998 0.36733333333333335
16 0.5030585937500001 0.9365902777777778 0.06910156250000003 0.12681944444444437
19 0.5967578125 0.6468125 0.182421875 0.31918055555555547
17 0.7212734375000001 0.671423611111111 0.082421875 0.10181944444444437
19 0.5179960937500001 0.7021875000000001 0.08663281250000007 0.2684305555555556
19 0.7258046874999999 0.45871527777777776 0.1071406249999999 0.33965277777777775
19 0.30250390625 0.6098402777777778 0.04219531249999999 0.09556944444444437
2 0.4650585937500001 0.4648888888888889 0.08447656250000009 0.28275000000000006
10 0.55927734375 0.5120763888888888 0.08914843749999993 0.2310972222222222
19 0.5929453125 0.3299375 0.16203125000000007 0.2086527777777778
19 0.61163671875 0.372375 0.16282031250000006 0.23613888888888887
19 0.39380859375 0.17618055555555553 0.13464843750000002 0.31625
19 0.51701171875 0.1662986111111111 0.16832031250000004 0.29656944444444444
19 0.31078125 0.060069444444444446 0.05671875000000002 0.12013888888888889
16 0.23680078125 0.1673125 0.11144531249999998 0.178625
19 0.25115234374999995 0.041999999999999996 0.06585156249999997 0.08399999999999999
19 0.6332187499999999 0.12828472222222223 0.04471875000000001 0.12156944444444442
19 0.700328125 0.04875694444444444 0.09456249999999997 0.09751388888888889
17 0.5276640625000001 0.018736111111111113 0.05656250000000007 0.037472222222222226
17 0.5947851562500001 0.01423611111111111 0.054039062500000054 0.02847222222222222