19 0.590234375 0.9756944444444444 0.05703125 0.04861111111111111
3 0.30689453125000005 0.8271666666666666 0.15366406250000003 0.34566666666666673
19 0.4394140624999999 0.9763055555555554 0.03460937499999996 0.04738888888888874
2 0.8255390625000001 0.9443888888888888 0.14142187499999997 0.11122222222222213
19 0.3751328125 0.8456319444444444 0.11609375000000002 0.30873611111111104
19 0.49190234374999997 0.9446388888888889 0.06694531250000005 0.11072222222222226
12 0.6680625 0.9335625000000001 0.04592187499999998 0.11206944444444453
12 0.634375 0.8349166666666666 0.04595312499999995 0.08333333333333333
18 0.56899609375 0.9385555555555556 0.07049218750000001 0.104388888888889
19 0.4738945312499999 0.8624166666666667 0.05514843749999994 0.06208333333333339
10 0.48678125000000005 0.7927708333333334 0.11131250000000001 0.19443055555555558
19 0.57162109375 0.764861111111111 0.11886718750000007 0.2817222222222222
17 0.20123046875 0.7615347222222222 0.05514843750000002 0.09804166666666655
10 0.47755468749999996 0.6519513888888888 0.13434375000000004 0.23598611111111115
19 0.28308984375 0.33050694444444445 0.21930468750000004 0.6610138888888889
19 0.63419140625 0.5675069444444445 0.17194531249999995 0.16718055555555555
19 0.7133164062499999 0.5138194444444444 0.29888281249999993 0.38958333333333334
19 0.53832421875 0.4024166666666667 0.07905468750000004 0.2644444444444444
12 0.386453125 0.6162083333333332 0.06434375 0.09641666666666661
17 0.44980859375 0.43127777777777776 0.10588281249999998 0.25077777777777777
13 0.5524453125 0.21281944444444442 0.20735937500000007 0.35508333333333336
19 0.42196875 0.27271527777777776 0.05625 0.07451388888888885
19 0.63295703125 0.3410625 0.04471093750000001 0.09070833333333338
10 0.66873046875 0.18763888888888888 0.048945312500000074 0.13555555555555554
9 0.40652734375 0.11813888888888889 0.07996093749999997 0.16502777777777777
18 0.7144296875 0.16879166666666667 0.08179687500000003 0.1094722222222222
19 0.65101171875 0.04804166666666667 0.04319531249999997 0.09608333333333334
3 0.74012109375 0.06683333333333333 0.14255468749999994 0.13366666666666666
19 0.19278515624999998 0.03251388888888889 0.04972656249999998 0.06502777777777778
19 0.4340546874999999 0.05375694444444444 0.07821874999999996 0.10751388888888888
19 0.53290234375 0.02352777777777778 0.023898437499999935 0.04705555555555556