19 0.50143359375 0.9603472222222221 0.12036718749999994 0.07930555555555543
19 0.2586484375 0.9803888888888889 0.0703125 0.039222222222222235
8 0.5796132812500001 0.9303680555555556 0.05733593750000008 0.13926388888888885
10 0.37860546875 0.9200972222222222 0.06658593750000001 0.15980555555555548
17 0.43058593749999996 0.8855208333333332 0.08148437499999997 0.16601388888888885
3 0.686515625 0.7789583333333334 0.15726562499999996 0.4104722222222222
8 0.5845156250000001 0.7912777777777779 0.10342187500000008 0.1265555555555554
14 0.48915625 0.8564097222222222 0.07723437499999992 0.1323194444444444
14 0.49901171875 0.7373194444444444 0.09103906249999998 0.12130555555555553
19 0.3537109375 0.7244722222222222 0.24976562500000005 0.18155555555555558
19 0.5135156249999999 0.6053055555555555 0.06409374999999998 0.10672222222222226
14 0.6162421874999999 0.5661597222222222 0.10410937499999999 0.16543055555555558
19 0.25277734375 0.5990694444444444 0.08157031249999998 0.1033333333333333
17 0.79950390625 0.40505555555555556 0.1140546875000001 0.1730277777777778
17 0.5621835937499999 0.5030694444444445 0.09302343749999994 0.1006666666666667
11 0.44626953125 0.42392361111111115 0.1312421875 0.17787499999999995
12 0.282671875 0.4717569444444444 0.07859375000000002 0.2148472222222223
12 0.698328125 0.3140555555555556 0.06698437500000001 0.23983333333333337
19 0.19369921875 0.3264652777777778 0.06530468750000003 0.13106944444444446
17 0.22810546875 0.2222916666666667 0.08478906249999998 0.20652777777777775
2 0.431640625 0.28971527777777784 0.14546875000000004 0.24859722222222227
19 0.5430703125 0.38829166666666665 0.08004687500000003 0.1617777777777778
19 0.52146484375 0.2119861111111111 0.11021093749999995 0.20672222222222228
19 0.62157421875 0.15356944444444443 0.09810156249999995 0.14380555555555558
10 0.290625 0.05388888888888888 0.11609375000000002 0.10777777777777776
2 0.427734375 0.07984027777777777 0.11526562499999997 0.15968055555555555
10 0.542453125 0.09094444444444445 0.16634375000000007 0.1818888888888889
19 0.6482851562499999 0.34786111111111107 0.040664062499999966 0.07394444444444442
3 0.41148828125000003 0.6525069444444443 0.07116406249999999 0.19226388888888898