14 0.62118359375 0.9272916666666666 0.12763281249999991 0.14541666666666672
19 0.522984375 0.9433611111111111 0.06570312499999993 0.1132777777777777
19 0.39453125 0.9270833333333334 0.11640625 0.14583333333333334
17 0.26996875 0.9362152777777777 0.07664062500000002 0.12756944444444432
17 0.18251562500000001 0.9566319444444444 0.09390625000000001 0.08673611111111118
12 0.4641875 0.8857638888888889 0.09239062499999999 0.18875000000000014
19 0.41217578125000004 0.8388125 0.046789062500000034 0.06501388888888882
12 0.5185625 0.7611180555555556 0.09937500000000003 0.20898611111111115
19 0.42975781249999995 0.7437083333333334 0.0984375 0.14347222222222217
19 0.35124609375 0.779902777777778 0.05997656249999998 0.12102777777777791
19 0.2869609375 0.7491805555555555 0.09167187500000003 0.23486111111111108
19 0.24650781249999998 0.8503611111111111 0.04309374999999997 0.0787222222222223
3 0.6370859375 0.7237708333333334 0.13754687499999996 0.18415277777777775
19 0.56787890625 0.6249444444444444 0.08510156250000005 0.10577777777777773
17 0.46339453124999996 0.5780208333333333 0.13060156250000002 0.2085972222222223
19 0.38101171875000006 0.5619444444444444 0.04769531250000001 0.10402777777777775
19 0.28530859375000006 0.6146527777777778 0.08627343750000005 0.09013888888888885
19 0.17866015625 0.6890555555555555 0.07719531250000003 0.1705555555555555
17 0.19334375 0.6830416666666667 0.08025000000000002 0.15563888888888883
19 0.27453125 0.5662777777777778 0.06265625000000004 0.13302777777777774
2 0.53403515625 0.4427013888888889 0.19516406249999996 0.295125
19 0.259453125 0.3981944444444444 0.14921875 0.18738888888888883
19 0.31803906249999997 0.4787916666666666 0.07179687499999998 0.19363888888888883
19 0.392703125 0.43444444444444447 0.09803124999999997 0.18277777777777782
19 0.5842578125 0.40900000000000003 0.09949999999999992 0.1488888888888889
17 0.474609375 0.30998611111111113 0.06281250000000008 0.10238888888888893
19 0.41780859374999996 0.2192083333333333 0.10924218749999999 0.24686111111111111
19 0.32904687500000007 0.24707638888888886 0.14357812500000003 0.26776388888888886
19 0.24310546875 0.2659097222222222 0.06471093750000004 0.08987499999999997
19 0.2459375 0.3681944444444444 0.056625000000000016 0.12402777777777775
19 0.43767578125 0.16359027777777777 0.06792968750000003 0.15523611111111107
19 0.5141992187500001 0.11528472222222222 0.10714843750000007 0.14918055555555554
12 0.32704296875 0.03166666666666667 0.0895546875 0.06333333333333334
17 0.40693359375 0.045090277777777785 0.07653906250000002 0.09018055555555557
19 0.4687265625 0.023243055555555555 0.05687499999999997 0.04648611111111111
19 0.55950390625 0.05859722222222222 0.03960156250000004 0.07938888888888888
19 0.65147265625 0.0626388888888889 0.054007812500000085 0.06441666666666668
19 0.69987890625 0.07207638888888888 0.04802343750000002 0.08687499999999998
17 0.82640625 0.05584027777777777 0.057656250000000055 0.11168055555555555
19 0.7151171875 0.02829861111111111 0.09409375000000005 0.05659722222222222