18 0.27401953125 0.9801597222222221 0.04852343750000001 0.03968055555555547
10 0.5848828125000001 0.9235624999999998 0.07335937500000007 0.1528749999999999
17 0.37215234375 0.9181874999999999 0.058085937499999976 0.08829166666666657
19 0.32101562499999997 0.5870486111111112 0.07540624999999998 0.09248611111111116
2 0.682890625 0.9678124999999999 0.13976562500000006 0.06437499999999988
19 0.45210546874999996 0.9647222222222223 0.04828906249999996 0.0705555555555555
19 0.40588281249999997 0.9479861111111112 0.05500000000000003 0.09125000000000007
19 0.53368359375 0.9256249999999999 0.06591406249999991 0.14874999999999988
11 0.79479296875 0.7859722222222222 0.062101562499999916 0.31102777777777785
10 0.71005859375 0.9159583333333333 0.15666406249999998 0.1680833333333333
19 0.26103125 0.89775 0.06468749999999997 0.1544444444444445
19 0.5915625 0.5942569444444444 0.09312500000000004 0.1668472222222222
19 0.58029296875 0.7577986111111111 0.10949218750000007 0.18351388888888895
19 0.66225 0.8038402777777778 0.08393750000000004 0.06490277777777781
2 0.42279296874999994 0.8548402777777778 0.0634765625 0.13023611111111108
19 0.4893203125 0.7365555555555555 0.07942187500000006 0.1680277777777778
18 0.49485156249999995 0.8397986111111112 0.04360937499999995 0.029013888888889026
19 0.29594531249999995 0.7512152777777777 0.12281250000000003 0.28601388888888896
19 0.6995625000000001 0.6562847222222222 0.12689062500000006 0.2795138888888889
17 0.65346875 0.7291388888888889 0.06209375000000002 0.1393055555555555
12 0.42417578124999994 0.6700069444444444 0.05289843750000003 0.2510972222222222
12 0.3146484375 0.42847916666666663 0.051484374999999985 0.12351388888888898
14 0.36901953125000003 0.4318888888888889 0.07177343749999995 0.15377777777777782
16 0.20683203125 0.542611111111111 0.05736718750000003 0.1570277777777777
19 0.48955859375 0.5794930555555555 0.10224218749999991 0.14818055555555562
17 0.7737421875 0.5743263888888889 0.06078124999999997 0.12809722222222225
19 0.8098437500000001 0.5515486111111111 0.024062500000000053 0.09523611111111102
18 0.5130390625000001 0.38088194444444445 0.11850000000000005 0.2638194444444445
2 0.6444609375 0.38554861111111116 0.12781249999999994 0.35595833333333327
19 0.665875 0.5000138888888889 0.05607812499999998 0.09102777777777772
14 0.3728671875 0.5901458333333333 0.04201562499999998 0.1653749999999999
16 0.43162500000000004 0.41896527777777776 0.07850000000000001 0.1481805555555556
19 0.55117578125 0.32428472222222227 0.06935156249999999 0.22940277777777773
16 0.78405859375 0.39415277777777774 0.10821093749999991 0.2426388888888889
16 0.45784375 0.20352777777777778 0.12290624999999995 0.25099999999999995
18 0.5646953125 0.24563194444444447 0.09918750000000003 0.10298611111111108
16 0.21980078124999997 0.33260416666666665 0.045648437499999986 0.0639861111111111
19 0.26063671875 0.3107638888888889 0.10267968750000005 0.16072222222222227
16 0.3205390625 0.27466666666666667 0.057515625 0.11822222222222223
19 0.26061328125 0.19024305555555554 0.0544921875 0.07356944444444442
19 0.561546875 0.11645833333333333 0.10409375000000001 0.15180555555555558
19 0.61094140625 0.07591666666666666 0.06730468750000007 0.13394444444444445
10 0.5629375 0.025437500000000002 0.12289062499999996 0.050875000000000004
19 0.46813671875 0.030118055555555554 0.06496093750000007 0.06023611111111111
2 0.34246875 0.07849305555555555 0.08975 0.13706944444444444
3 0.39555859375 0.025201388888888888 0.05941406250000001 0.050402777777777776