6 0.820453125 0.9206736111111111 0.07307812499999997 0.12162499999999991
18 0.7143828125 0.8148263888888888 0.06037499999999998 0.0931527777777777
17 0.31123046875 0.7772430555555556 0.06674218750000005 0.12056944444444437
18 0.29494921874999996 0.6877222222222221 0.10482031249999997 0.12988888888888886
18 0.67496484375 0.47197916666666667 0.04310156250000006 0.14120833333333327
18 0.46320703124999996 0.49617361111111113 0.04344531249999992 0.10504166666666666
8 0.23467968749999998 0.41733333333333333 0.173421875 0.18141666666666667
2 0.6173046875 0.7364583333333333 0.17679687499999996 0.5270833333333333
18 0.5627187499999999 0.3794236111111111 0.11209375000000002 0.18012499999999995
12 0.7172734375 0.2265833333333333 0.12767187500000005 0.21599999999999997
19 0.41612890625 0.2820347222222222 0.15057031250000003 0.22023611111111113
12 0.4692421875 0.20530555555555555 0.06995312499999998 0.12605555555555553
11 0.5676640625 0.058854166666666666 0.10295312499999998 0.11770833333333333
10 0.250546875 0.05342361111111111 0.06101562500000002 0.10376388888888888
9 0.3451796875 0.1016597222222222 0.23174999999999998 0.20023611111111106
18 0.4762734375 0.016180555555555556 0.04896875000000005 0.03236111111111111
18 0.37376171874999997 0.9075 0.08013281249999996 0.18500000000000005
19 0.4877968750000001 0.9159722222222222 0.1627812500000001 0.1597222222222222
19 0.49489453124999994 0.7295833333333333 0.13603906250000009 0.21805555555555556
19 0.39360546874999996 0.7578263888888889 0.09547656249999999 0.12870833333333337
2 0.23717968749999999 0.9117222222222223 0.11648437500000001 0.1765555555555554
19 0.12076171875 0.2946736111111111 0.1258203125 0.5893472222222222