9 0.33937890625 0.6968333333333334 0.1453203125 0.37647222222222215
9 0.5002734375 0.6174166666666667 0.11029687500000004 0.2137222222222222
12 0.626953125 0.9055555555555556 0.10390625 0.18888888888888888
2 0.71038671875 0.8046736111111111 0.08492968750000003 0.2588194444444444
8 0.73961328125 0.43408333333333327 0.10588281249999998 0.21961111111111112
0 0.8427421875000001 0.26840277777777777 0.08271875000000009 0.1862777777777778
19 0.61003125 0.7693680555555554 0.12240625000000005 0.1804027777777777
4 0.5565273437499999 0.6948749999999999 0.09264843749999993 0.17647222222222214
18 0.49862109375 0.8027152777777776 0.036398437499999936 0.1372638888888888
18 0.41038671875 0.882125 0.05403906250000001 0.07647222222222215
18 0.311671875 0.9252569444444445 0.09043749999999999 0.13529166666666678
18 0.44457812500000005 0.7291875 0.07831250000000001 0.06862500000000003
18 0.2471484375 0.42609027777777775 0.09595312499999997 0.509486111111111
19 0.35357812499999997 0.36154166666666665 0.11690624999999999 0.30586111111111114
19 0.43961328124999993 0.5703541666666667 0.05514843749999994 0.13137500000000005
4 0.44071484375000003 0.26447916666666665 0.05514843749999994 0.15098611111111107
19 0.47325390624999997 0.42134027777777777 0.12242968750000002 0.17451388888888886
19 0.78538671875 0.09193055555555556 0.06727343749999992 0.11569444444444446
19 0.56424609375 0.34680555555555553 0.11911718750000003 0.20583333333333328
18 0.6999062500000001 0.19683333333333333 0.08603124999999992 0.18038888888888888
19 0.38557031249999996 0.09841666666666667 0.15440624999999994 0.19683333333333333
15 0.7203125 0.05663194444444443 0.09154687500000006 0.11176388888888888
8 0.5363906249999999 0.1378263888888889 0.23187499999999997 0.2756527777777778
14 0.51640625 0.93125 0.1125 0.1375
18 0.5764140625 0.5087083333333333 0.08195312500000007 0.11519444444444452