19 0.446875 0.9791666666666666 0.04765625 0.041666666666666664
7 0.25735156249999996 0.8852777777777777 0.12782812500000001 0.2294444444444445
17 0.36332421875000004 0.9184166666666667 0.08789843750000004 0.13430555555555562
19 0.5140625 0.9729166666666667 0.078125 0.05416666666666667
8 0.41024609375 0.8011736111111112 0.11185156250000002 0.15487499999999998
19 0.3329375 0.7441180555555555 0.074328125 0.1404305555555555
19 0.51083203125 0.8126111111111111 0.018039062499999935 0.03380555555555544
10 0.5721796875 0.6415694444444444 0.05843749999999996 0.3142499999999999
19 0.39673046875000006 0.8782916666666667 0.05160156250000001 0.09233333333333336
19 0.21731640624999998 0.5925208333333334 0.1253828125 0.22570833333333332
19 0.34825390624999997 0.608013888888889 0.11458593750000001 0.26052777777777786
7 0.4170546875 0.610201388888889 0.15442187500000001 0.32806944444444447
14 0.49352343750000005 0.7130486111111111 0.11526562499999997 0.1222361111111111
14 0.47974609375000005 0.5041319444444444 0.0916015625 0.20090277777777774
18 0.55596484375 0.5004097222222222 0.08400781249999997 0.18609722222222225
17 0.31242578125000003 0.4586111111111111 0.0784140625 0.13211111111111112
2 0.50054296875 0.3955138888888889 0.07219531250000007 0.1566944444444444
19 0.19719140624999998 0.39443055555555556 0.02294531249999998 0.036055555555555605
17 0.42050390625 0.31038194444444445 0.10239843749999995 0.17476388888888886
18 0.28610546875 0.2087638888888889 0.0666953125 0.19697222222222222
19 0.36378125 0.31327777777777777 0.014281249999999978 0.039722222222222256
19 0.5806015625000001 0.23485416666666667 0.02201562500000005 0.03793055555555556
8 0.59784375 0.13913194444444443 0.05217187499999998 0.14820833333333333
3 0.3919921875 0.08286111111111111 0.12385937499999997 0.16327777777777777
19 0.44463671875 0.12929166666666667 0.05557031250000009 0.10336111111111114
10 0.5377617187499999 0.08524305555555556 0.07836718749999996 0.17048611111111112
17 0.7130234375000001 0.05678472222222222 0.08510937500000004 0.11356944444444445
18 0.11199218749999999 0.13903472222222224 0.10217187500000002 0.2780694444444445