19 0.48580859375 0.9005416666666667 0.14836718750000005 0.1989166666666667
19 0.2672890625 0.9862222222222221 0.029484375000000007 0.02755555555555544
12 0.2239140625 0.8910138888888889 0.10175000000000001 0.2179722222222223
12 0.6353281249999999 0.9215347222222222 0.09070312499999993 0.10837499999999996
19 0.41161328125 0.9127013888888889 0.026867187500000035 0.046791666666666745
19 0.46076171875 0.7651458333333333 0.02839843749999993 0.03726388888888879
19 0.47830859375 0.5415763888888888 0.07697656249999998 0.14401388888888897
12 0.29827734375000003 0.5788125 0.09078906250000003 0.18095833333333328
19 0.3539140625 0.6120763888888889 0.03546874999999998 0.05245833333333331
19 0.52860546875 0.6904236111111112 0.029507812499999987 0.04193055555555563
19 0.8379609374999999 0.7249236111111111 0.02753124999999983 0.04623611111111106
14 0.23643359375 0.3498472222222222 0.06947656250000005 0.12275
19 0.25739453125 0.5730138888888889 0.06353906250000003 0.12858333333333338
19 0.42437500000000006 0.40858333333333335 0.12046875000000004 0.17952777777777776
12 0.4807578125 0.26981944444444445 0.07551562500000006 0.16016666666666665
12 0.4161328125 0.29134027777777777 0.05851562500000003 0.10298611111111108
12 0.37882812499999996 0.24611111111111109 0.0421875 0.1077777777777778
19 0.40866406250000004 0.19640972222222222 0.037046875000000014 0.053291666666666675
19 0.20871093749999997 0.059722222222222225 0.083984375 0.11944444444444445
19 0.6953203125 0.9679027777777778 0.05139062499999998 0.06419444444444448
8 0.62446484375 0.12438194444444445 0.05617968750000006 0.13481944444444444
17 0.616015625 0.019541666666666666 0.07139062500000008 0.03908333333333333
19 0.797703125 0.04034722222222222 0.07079687499999991 0.08069444444444444
19 0.8611875000000001 0.05178472222222222 0.0807500000000001 0.10356944444444444
19 0.5429921875 0.17841666666666667 0.013859375000000007 0.033166666666666664
19 0.27244921874999994 0.21822222222222223 0.04144531249999996 0.07455555555555557
19 0.30122265625 0.17444444444444446 0.018039062500000026 0.037277777777777785
19 0.5051406249999999 0.6361458333333333 0.03559374999999996 0.07195833333333326
18 0.11199218749999999 0.13903472222222224 0.10217187500000002 0.2780694444444445