18 0.20478125 0.9798263888888887 0.07329687499999997 0.03381944444444432
18 0.32274609374999996 0.8618055555555556 0.12982031249999998 0.2763888888888889
18 0.79873828125 0.8926666666666667 0.22877343749999995 0.2146666666666666
8 0.64031640625 0.9336875 0.1218671875 0.13262500000000002
0 0.5222265625 0.9448819444444445 0.09789062499999997 0.11023611111111097
17 0.21576562500000002 0.8726041666666666 0.09926562500000002 0.17040277777777785
19 0.43642578125 0.9523819444444445 0.09105468749999997 0.07429166666666667
2 0.52362890625 0.8418750000000002 0.11117968749999996 0.13941666666666683
17 0.5837890625 0.7954583333333332 0.04898437500000004 0.11158333333333322
12 0.6830390625 0.7543263888888889 0.09396874999999998 0.16706944444444438
19 0.6339531249999999 0.8062638888888889 0.04970312499999992 0.08727777777777766
2 0.7935273437500001 0.7069236111111111 0.08341406250000008 0.1505972222222223
14 0.8806992187499999 0.7983194444444446 0.05028906249999991 0.07763888888888902
18 0.21038671875 0.6320555555555556 0.062460937500000015 0.09141666666666658
19 0.391671875 0.7016388888888888 0.06882812499999998 0.13411111111111104
19 0.4193007812499999 0.8097291666666666 0.04910156249999997 0.07529166666666672
0 0.45575390625 0.6650555555555556 0.07278906250000006 0.15236111111111117
14 0.541625 0.6127430555555555 0.09554687499999996 0.2217638888888889
8 0.61413671875 0.586888888888889 0.08483593749999993 0.13358333333333341
0 0.7014375 0.6039166666666667 0.07814062499999999 0.1253611111111111
2 0.49128515625 0.5048680555555556 0.13722656250000007 0.16601388888888885
16 0.37070703125 0.4468611111111111 0.06289843749999999 0.13633333333333328
8 0.34851171875 0.27438194444444447 0.09532031249999999 0.2318194444444444
18 0.276234375 0.32252083333333337 0.04923437499999998 0.1072916666666667
19 0.5839375 0.20227777777777775 0.13415625000000003 0.2287777777777778
18 0.29607031250000004 0.18403472222222222 0.13979687500000004 0.2205416666666666
17 0.3421484375 0.0555625 0.07623437500000003 0.09345833333333334
19 0.20248046875 0.03259722222222222 0.03430468749999997 0.06519444444444444
19 0.12076171875 0.2946736111111111 0.1258203125 0.5893472222222222