2 0.40058984375 0.9304791666666665 0.16788281250000003 0.13904166666666654
14 0.29186718749999996 0.9486458333333333 0.08410937499999997 0.1027083333333334
19 0.7150546875 0.9633333333333334 0.060218749999999946 0.07333333333333326
19 0.50625 0.9604166666666667 0.05234375 0.07916666666666666
2 0.55796875 0.8960277777777778 0.14507812500000003 0.2079444444444445
17 0.76112109375 0.9318055555555556 0.060945312499999994 0.13638888888888895
8 0.32911718749999996 0.8604791666666666 0.06009374999999997 0.10837499999999996
19 0.69696484375 0.850701388888889 0.15892968750000006 0.19079166666666653
19 0.35144140625000003 0.8146249999999999 0.0369140625 0.08608333333333336
19 0.48362890625 0.7694583333333334 0.13830468749999997 0.21738888888888885
19 0.61893359375 0.7790347222222221 0.17010156250000003 0.1349861111111112
19 0.3410859375 0.7109930555555555 0.04974999999999996 0.09156944444444454
18 0.8195429687499999 0.6141736111111111 0.11675781249999995 0.18434722222222225
19 0.68085546875 0.6179027777777778 0.03502343749999994 0.12275
19 0.608671875 0.589625 0.15467187500000001 0.24519444444444438
19 0.5911484375 0.5978472222222223 0.09895312500000006 0.4412500000000001
19 0.47378124999999993 0.7256111111111112 0.09065624999999997 0.18497222222222232
19 0.53971484375 0.5667569444444445 0.13805468750000002 0.29834722222222215
19 0.43103125000000003 0.49163194444444447 0.08550000000000005 0.32756944444444447
19 0.297578125 0.5411111111111111 0.08250000000000002 0.16647222222222224
19 0.2238828125 0.49375694444444446 0.109265625 0.1116805555555555
19 0.36715234375000005 0.5166388888888889 0.09889843749999998 0.15749999999999997
19 0.274453125 0.3859583333333333 0.05484375000000004 0.14608333333333337
19 0.31213671875000004 0.3907569444444444 0.02117968750000001 0.037569444444444385
12 0.20334375000000002 0.3956736111111111 0.14010937500000004 0.2309583333333333
17 0.276296875 0.2770763888888889 0.05256249999999998 0.0952361111111111
17 0.59359765625 0.22736111111111112 0.04017968750000005 0.07011111111111114
19 0.44060546875 0.22185416666666669 0.10714843750000003 0.23490277777777777
4 0.55340625 0.2733819444444444 0.16584374999999998 0.3039583333333334
19 0.55444921875 0.2624236111111111 0.12877343749999995 0.12820833333333334
19 0.5261171875 0.18090277777777777 0.06593750000000007 0.10069444444444445
19 0.54775 0.1360486111111111 0.07623437499999994 0.10256944444444444
19 0.39269921874999997 0.03714583333333333 0.08550781249999999 0.06959722222222223
19 0.21808203124999997 0.009416666666666667 0.10302343750000001 0.018833333333333334
10 0.55135546875 0.03688888888888889 0.07314843750000008 0.07377777777777778
12 0.47769531249999997 0.0664513888888889 0.10920312499999998 0.12454166666666669
19 0.63016796875 0.010590277777777778 0.04327343750000008 0.012819444444444446