3 0.7485703125000001 0.9367708333333333 0.15510937500000005 0.12645833333333328
3 0.6621718750000001 0.8779513888888889 0.148625 0.2334027777777777
19 0.56583203125 0.9598611111111112 0.05717968750000004 0.08027777777777771
0 0.5581367187499999 0.848201388888889 0.04997656250000002 0.12706944444444446
8 0.20159765624999998 0.9484722222222222 0.05258593749999998 0.10305555555555562
8 0.26753515625 0.7467013888888889 0.1743046875 0.3642638888888889
10 0.497171875 0.722013888888889 0.08626562500000005 0.27124999999999994
19 0.598640625 0.7250624999999999 0.07781249999999992 0.1795694444444444
11 0.7002890625 0.5497222222222222 0.036765624999999955 0.15033333333333335
0 0.45293359375 0.43796527777777783 0.0982421875 0.17509722222222218
2 0.8375 0.4741458333333333 0.07390624999999992 0.20226388888888888
18 0.3225234375 0.4739583333333333 0.055265625000000006 0.09263888888888895
12 0.30147656250000004 0.41645138888888883 0.05846875000000003 0.09601388888888888
3 0.60926953125 0.31777083333333334 0.06838281249999997 0.1804027777777778
7 0.6815625000000001 0.22972222222222222 0.21765624999999994 0.38027777777777777
5 0.42322265625 0.29415972222222225 0.05735156250000002 0.09804166666666671
3 0.2641171875 0.2831527777777778 0.191296875 0.25825000000000004
19 0.39646484375 0.6619930555555555 0.05666406250000002 0.08484722222222227
12 0.78208984375 0.4162430555555555 0.08735156250000005 0.13790277777777776
18 0.7757382812500001 0.10256944444444444 0.08417968750000009 0.10447222222222222
18 0.30323828124999996 0.08421527777777779 0.1683515625 0.158125
3 0.4350625 0.19575 0.14929687499999997 0.20047222222222227
9 0.48112109375 0.059048611111111114 0.11435156249999992 0.11809722222222223
19 0.58840234375 0.09645138888888888 0.11139843749999993 0.19290277777777776
19 0.45884765625 0.9158263888888889 0.0638671875 0.16331944444444432
8 0.511859375 0.9297777777777777 0.06560937500000001 0.1139999999999999
19 0.542078125 0.3230138888888889 0.026218749999999957 0.08500000000000002
19 0.12076171875 0.2946736111111111 0.1258203125 0.5893472222222222