10 0.23763671874999998 0.9149305555555556 0.12105468750000001 0.1701388888888889
18 0.29776953125 0.8966597222222221 0.11492968750000002 0.1730694444444443
19 0.37002734375 0.7936597222222223 0.08900781250000005 0.20490277777777774
19 0.5333476562499999 0.8294027777777779 0.03205468749999998 0.06313888888888894
19 0.22270703125 0.6411319444444444 0.08067968749999999 0.1591249999999999
19 0.496875 0.5151041666666667 0.04718750000000007 0.09923611111111118
2 0.499609375 0.4017152777777778 0.14628125 0.16159722222222225
19 0.64559375 0.3987013888888889 0.08679687499999993 0.26262500000000005
8 0.37246484375 0.3619513888888889 0.08758593749999996 0.1952916666666667
19 0.8021523437499999 0.4404861111111111 0.05032031249999998 0.09255555555555553
19 0.465625 0.16781944444444447 0.12890625 0.18036111111111114
19 0.5740234375 0.14777777777777779 0.105859375 0.29555555555555557
19 0.71771484375 0.27694444444444444 0.06128906250000003 0.10944444444444446
19 0.66496875 0.14374305555555555 0.08756249999999995 0.16831944444444444
19 0.4491328125 0.31693055555555555 0.024578125000000027 0.05005555555555558
19 0.73291015625 0.18154166666666668 0.06371093749999997 0.09191666666666667
12 0.7385468750000002 0.06854166666666667 0.12384375000000007 0.13708333333333333
17 0.20241796875 0.11249305555555557 0.08735156249999998 0.15556944444444443
18 0.11199218749999999 0.13903472222222224 0.10217187500000002 0.2780694444444445