19 0.99477734375 0.01670138888888889 0.010445312499999915 0.03340277777777778
19 0.26237499999999997 0.9406111111111112 0.10178124999999998 0.11877777777777775
18 0.34349609375 0.9581666666666666 0.09660156249999999 0.08366666666666668
19 0.52378515625 0.8810486111111111 0.22914843749999997 0.23790277777777774
19 0.484765625 0.9284722222222223 0.1515625 0.14305555555555555
19 0.35545703125 0.7411111111111112 0.2857421875 0.47666666666666674
10 0.52866796875 0.7139999999999999 0.12346093749999998 0.13211111111111104
19 0.5243945312499999 0.5513263888888889 0.10886718749999993 0.18645833333333334
19 0.47486328125000005 0.6389305555555556 0.0220703125 0.030638888888888813
18 0.29849218750000006 0.5502013888888889 0.11654687500000005 0.24995833333333337
19 0.5096835937499999 0.6420208333333334 0.0470703125 0.07465277777777778
19 0.24473828125 0.5743194444444444 0.046039062499999964 0.05502777777777779
19 0.5776953125 0.34519444444444447 0.15648437499999995 0.3117777777777778
19 0.361328125 0.4146527777777778 0.15749999999999997 0.28541666666666665
19 0.25475390625 0.24897916666666664 0.11482031250000002 0.10490277777777773
19 0.3108984375 0.26977083333333335 0.077734375 0.1923194444444445
0 0.47061328125 0.2579166666666666 0.13971093749999994 0.24722222222222223
19 0.5460859375 0.25755555555555554 0.07720312499999996 0.1381111111111111
19 0.57376953125 0.09104861111111112 0.15025781249999995 0.18101388888888895
19 0.7436953125 0.11324305555555556 0.2064375 0.2264861111111111
19 0.16814843750000003 0.06468750000000001 0.12756249999999997 0.12937500000000002
10 0.26089453125 0.09381250000000001 0.16560156250000002 0.18762500000000001
19 0.37821484375000003 0.042319444444444444 0.07724218749999996 0.08463888888888889
19 0.43087890624999997 0.03191666666666667 0.03627343750000005 0.06383333333333334
17 0.474765625 0.01576388888888889 0.06904687500000009 0.03152777777777778
18 0.11199218749999999 0.13903472222222224 0.10217187500000002 0.2780694444444445