19 0.32265625 0.98125 0.0609375 0.0375
19 0.72421484375 0.962798611111111 0.05194531250000001 0.07440277777777769
10 0.6444375 0.9065625 0.105078125 0.18687499999999993
7 0.44058203124999995 0.8460972222222223 0.14588281250000001 0.3078055555555555
19 0.35612109375 0.9458194444444444 0.05338281250000003 0.10836111111111109
19 0.28544921875 0.8744583333333333 0.14341406249999994 0.25108333333333327
19 0.5525781249999999 0.9201527777777778 0.050046874999999956 0.0798611111111111
19 0.5325585937499999 0.8285 0.0556640625 0.10988888888888873
13 0.48841015625000006 0.7414722222222222 0.10755468750000005 0.2241666666666667
19 0.38530859375000004 0.6768611111111111 0.06428906250000002 0.12747222222222226
3 0.36305468750000003 0.5021249999999999 0.09395312500000004 0.2896111111111111
19 0.46205859374999997 0.6291597222222223 0.10010156250000009 0.1472361111111111
7 0.3023515625 0.751798611111111 0.13228124999999996 0.19120833333333337
10 0.27073828125 0.5770416666666667 0.1297734375 0.25175
17 0.6193203125 0.6443958333333333 0.06245312500000004 0.09537499999999995
17 0.50003125 0.5654444444444444 0.11126562500000006 0.14283333333333337
19 0.47069921875 0.3683194444444444 0.17882031250000002 0.37619444444444444
19 0.6157578125 0.4518263888888889 0.13403124999999996 0.3067638888888889
2 0.20380859375 0.6312708333333333 0.17086718750000002 0.2945972222222222
6 0.7636171875000001 0.35602777777777783 0.08401562500000007 0.08405555555555554
19 0.61827734375 0.24867361111111108 0.07657031249999999 0.11868055555555554
19 0.24449609374999998 0.11509722222222223 0.05686718749999997 0.08352777777777777
19 0.31372656250000003 0.05245833333333333 0.02720312500000004 0.08572222222222223
19 0.5596796875000001 0.14586805555555557 0.12375000000000007 0.1362638888888889
19 0.6468984375 0.04875694444444444 0.10260937499999993 0.09751388888888889
18 0.3340625 0.009194444444444444 0.03596874999999997 0.01838888888888889
7 0.5225937500000001 0.07952777777777778 0.1756718750000001 0.15905555555555556