19 0.412109375 0.9506944444444444 0.14921875 0.09861111111111111
19 0.61437109375 0.9488680555555556 0.18166406249999997 0.09362500000000011
14 0.752734375 0.9284722222222223 0.096875 0.14305555555555555
19 0.49749218750000007 0.9583819444444446 0.04564062500000006 0.07865277777777793
10 0.42300390625000006 0.8653333333333333 0.11164843750000002 0.1381666666666667
19 0.50889453125 0.8394444444444445 0.0859453125 0.1408055555555557
10 0.5783945312500001 0.8209652777777778 0.17202343750000004 0.10956944444444458
18 0.69141796875 0.7689027777777778 0.1314453125 0.1254166666666666
19 0.32781640625 0.892486111111111 0.11580468750000002 0.21502777777777768
19 0.25837109375 0.8387708333333332 0.1629921875 0.23976388888888905
19 0.2466328125 0.8237083333333334 0.09578125000000001 0.2079444444444445
19 0.6878749999999999 0.6989583333333333 0.08601562499999993 0.13630555555555562
17 0.7348984375000001 0.5972430555555556 0.11201562500000009 0.12315277777777772
8 0.5796171875 0.7262430555555556 0.10532812499999995 0.13179166666666672
19 0.4711953125 0.728638888888889 0.09689062499999998 0.2756111111111112
19 0.3588203125 0.7240763888888889 0.05809375000000001 0.1579305555555556
8 0.19499609375 0.5478055555555555 0.08642968749999998 0.18097222222222215
19 0.64009765625 0.6012361111111112 0.051460937499999915 0.06158333333333338
19 0.56191015625 0.6034652777777778 0.05578906250000006 0.1351805555555556
19 0.60128515625 0.6204999999999999 0.05091406250000006 0.08113888888888883
10 0.47216796875 0.4985486111111111 0.1373046875 0.274875
10 0.40356249999999994 0.6905347222222221 0.059656249999999966 0.10965277777777777
19 0.73737109375 0.5013541666666667 0.08257031250000005 0.09140277777777771
0 0.6135703125 0.499125 0.11656250000000004 0.18733333333333332
3 0.69829296875 0.32674305555555555 0.1643515624999999 0.28598611111111105
19 0.44764453125000003 0.6013194444444444 0.08467968750000007 0.13513888888888884
19 0.51751171875 0.43611805555555555 0.04438281249999996 0.08148611111111105
6 0.4102734375 0.577125 0.06467187499999998 0.1771944444444445
19 0.35681640625 0.5263194444444445 0.08221093750000001 0.1747777777777778
19 0.264984375 0.5551527777777778 0.05906250000000002 0.1198888888888888
19 0.28114453125 0.45772222222222225 0.06530468750000003 0.1135833333333333
12 0.17746093749999997 0.36677777777777776 0.10234374999999998 0.16125000000000003
19 0.326453125 0.38284722222222217 0.08260937500000001 0.12211111111111109
19 0.4935781250000001 0.46541666666666665 0.06692187500000006 0.15249999999999994
17 0.467578125 0.3706180555555556 0.07079687499999991 0.16476388888888888
19 0.35441406249999996 0.3531111111111111 0.09859375 0.22016666666666665
12 0.29467578125 0.2907430555555555 0.07078906250000001 0.15434722222222216
8 0.22116406250000004 0.2532083333333333 0.06885937499999999 0.11813888888888889
19 0.40552343750000003 0.29986111111111113 0.09346875000000003 0.16972222222222222
19 0.3630859375 0.18489583333333334 0.072265625 0.1828472222222222
19 0.63025390625 0.2121388888888889 0.15824218749999996 0.33622222222222226
13 0.508828125 0.20936111111111114 0.20046874999999992 0.3565000000000001
0 0.29481250000000003 0.12752777777777777 0.07240625000000005 0.1617222222222222
19 0.74583203125 0.0844236111111111 0.10817968750000002 0.1688472222222222
19 0.6285429687499999 0.01970833333333333 0.10414843749999995 0.03941666666666666
2 0.48130078125000003 0.03678472222222222 0.13978906250000006 0.07356944444444444
3 0.31677343750000003 0.050416666666666665 0.175578125 0.10083333333333333
19 0.5866328125000001 0.13655555555555554 0.07842187500000009 0.1622777777777778
3 0.35750000000000004 0.027048611111111114 0.04775 0.05409722222222223