19 0.99477734375 0.01670138888888889 0.010445312499999915 0.03340277777777778
17 0.249609375 0.9527777777777777 0.0640625 0.09444444444444444
19 0.28993359375 0.9741666666666666 0.017789062499999987 0.05166666666666673
19 0.40190624999999996 0.9137569444444444 0.10601562500000003 0.17248611111111117
19 0.5445078125 0.9285694444444443 0.15120312499999997 0.14286111111111097
8 0.679296875 0.9145833333333333 0.2140625 0.17083333333333334
19 0.4279414062500001 0.7965486111111111 0.05028906249999991 0.07809722222222225
0 0.5212578125 0.7159652777777777 0.10343750000000007 0.17287500000000003
7 0.6342539062499999 0.7915625 0.08367968749999992 0.10637499999999989
19 0.7235039062499999 0.7281388888888889 0.10574218749999993 0.22166666666666662
19 0.282375 0.8435902777777777 0.022312499999999957 0.03715277777777778
19 0.769046875 0.6232152777777777 0.06340625000000007 0.0369861111111111
19 0.6520937499999999 0.44589583333333327 0.12018749999999993 0.33543055555555557
19 0.6718359375 0.6162083333333334 0.11987500000000004 0.16958333333333336
19 0.46762890625 0.6220069444444445 0.15057031250000003 0.28290277777777784
19 0.38375 0.5805625 0.04129687500000001 0.10370833333333328
19 0.5541796875 0.6026041666666667 0.018312500000000044 0.04018055555555548
19 0.29889062499999997 0.6318888888888888 0.1404375 0.15961111111111106
19 0.3747578125 0.4935208333333333 0.03607812499999996 0.0807361111111111
19 0.5262187500000001 0.3498958333333333 0.09251562500000006 0.16051388888888887
19 0.606359375 0.37454166666666666 0.03556249999999998 0.07574999999999998
19 0.38867578125 0.19725 0.05547656249999999 0.16394444444444448
18 0.34901171875000003 0.14541666666666664 0.07150781249999998 0.1538888888888889
18 0.50992578125 0.14922916666666666 0.15688281249999997 0.25679166666666664
19 0.71203515625 0.10523611111111113 0.08858593750000007 0.16019444444444442
10 0.44158984375 0.07528472222222223 0.11905468750000003 0.15056944444444445
12 0.37758984375000004 0.0286875 0.054445312500000044 0.057375
19 0.35361328125 0.06821527777777778 0.033320312499999984 0.04912500000000001
19 0.34055078125 0.01625 0.015570312499999961 0.03130555555555555
18 0.11199218749999999 0.13903472222222224 0.10217187500000002 0.2780694444444445