10 0.5953125 0.9069444444444444 0.06953125 0.18611111111111112
19 0.240546875 0.8327847222222222 0.22531249999999997 0.33279166666666676
11 0.365234375 0.9777777777777777 0.0453125 0.044444444444444446
18 0.6605664062500001 0.8373541666666666 0.09935156250000006 0.3233472222222221
19 0.50703125 0.9777777777777777 0.046875 0.044444444444444446
18 0.6345703125 0.7316527777777777 0.026468750000000086 0.05647222222222226
11 0.5286875 0.7881388888888889 0.06359375000000007 0.13180555555555568
12 0.70933203125 0.6352638888888889 0.0701171875 0.14583333333333334
12 0.44927734374999995 0.6998888888888889 0.06352343749999996 0.11058333333333334
12 0.372515625 0.6587777777777778 0.12175000000000002 0.23519444444444448
18 0.6669375000000001 0.5183333333333333 0.03862500000000004 0.07138888888888886
18 0.40149999999999997 0.5598888888888889 0.13499999999999995 0.12941666666666676
19 0.48016015625 0.22639583333333332 0.05702343750000001 0.45279166666666665
19 0.54312890625 0.3268333333333333 0.07674218750000002 0.30366666666666664
16 0.61524609375 0.33165277777777774 0.09397656249999997 0.19999999999999996
12 0.666203125 0.27165277777777774 0.05559375000000007 0.0753055555555556
12 0.37237890625 0.2722777777777778 0.1958828125 0.3281666666666666
19 0.19105468750000001 0.35041666666666665 0.055265625000000006 0.10166666666666666
4 0.34551171875 0.4528333333333333 0.07014843749999997 0.07294444444444442
15 0.23500000000000001 0.11270833333333334 0.06796875 0.22541666666666668
0 0.6399765625 0.06812500000000002 0.06885937500000008 0.11058333333333334
11 0.7518203125 0.5984375 0.07901562500000008 0.14201388888888888
12 0.42494921874999997 0.7785972222222223 0.06177343749999995 0.10227777777777791
19 0.41657031250000004 0.9765277777777778 0.033265624999999986 0.04694444444444438
2 0.24996093749999998 0.3688194444444445 0.105859375 0.28680555555555554
19 0.12076171875 0.2946736111111111 0.1258203125 0.5893472222222222