18 0.1265078125 0.20819444444444446 0.113390625 0.4163888888888889
14 0.260453125 0.7979166666666667 0.10871874999999998 0.2222222222222222
18 0.378734375 0.7970069444444445 0.08815625000000002 0.2567916666666666
2 0.46979687499999995 0.7167430555555556 0.08914062499999993 0.19181944444444454
10 0.705078125 0.6174166666666666 0.05687499999999997 0.17405555555555546
14 0.52799609375 0.44104861111111104 0.06010156250000005 0.11537499999999991
2 0.7005546875 0.12958333333333336 0.07732812500000001 0.11833333333333332
14 0.3303671875 0.6778402777777777 0.04828124999999996 0.07801388888888891
19 0.18106640625 0.46224305555555556 0.0653671875 0.10793055555555561
18 0.43198046874999996 0.36399305555555556 0.24244531249999995 0.3350694444444444
3 0.7486328125 0.1925486111111111 0.10992187499999995 0.21879166666666663
19 0.28846875 0.12291666666666666 0.08771874999999998 0.24333333333333332
19 0.5304453125 0.9372916666666667 0.23129687499999996 0.1254166666666666
12 0.4058046875 0.6680277777777778 0.044624999999999956 0.21994444444444455
3 0.38323437499999996 0.5297708333333333 0.16235937499999994 0.2185416666666667
3 0.39603125 0.29779861111111117 0.08721874999999998 0.1505694444444444
14 0.5640195312499999 0.1020625 0.02680468749999996 0.041152777777777774
16 0.33858984375 0.19089583333333332 0.15219531249999996 0.26206944444444447
18 0.66415625 0.5640555555555555 0.03471875000000004 0.04505555555555563
14 0.57546875 0.16013194444444445 0.01928125000000005 0.032902777777777774