19 0.7875390624999999 0.8443055555555555 0.33757812499999995 0.31138888888888894
8 0.49033984375 0.9516666666666665 0.1927109375 0.09666666666666654
19 0.37940234375 0.9145555555555556 0.12235156250000005 0.1423055555555556
19 0.37100781250000003 0.7386805555555556 0.19284375000000004 0.3458333333333333
19 0.268796875 0.7699513888888889 0.06640625 0.14415277777777774
19 0.475484375 0.8072916666666666 0.10015625000000003 0.20791666666666672
8 0.5613125 0.7089652777777778 0.153515625 0.2934583333333334
17 0.37165234375 0.5992847222222223 0.05574218750000002 0.09440277777777782
17 0.1771171875 0.7241875 0.08142187500000002 0.13134722222222214
19 0.22596093750000001 0.6769027777777777 0.09010937500000002 0.0998055555555555
19 0.73023828125 0.58875 0.0781328125 0.13722222222222216
17 0.8041289062500001 0.4517361111111111 0.07369531249999994 0.1485555555555556
7 0.28891015625 0.5412986111111111 0.1112265625 0.1887361111111111
19 0.2377109375 0.5220347222222221 0.06359374999999998 0.08356944444444439
19 0.35785546875 0.4821666666666667 0.05196093749999999 0.1360555555555556
19 0.4218515625 0.6236736111111112 0.07078124999999998 0.21423611111111118
19 0.4436796875 0.5145763888888889 0.13396875000000003 0.20676388888888889
19 0.4718046875 0.4330416666666666 0.07937499999999993 0.11433333333333325
19 0.81019921875 0.6002152777777777 0.08141406250000002 0.12726388888888887
19 0.6342265625 0.46940972222222227 0.026265624999999914 0.07426388888888892
8 0.5819140625 0.36485416666666665 0.06742187499999996 0.12931944444444446
19 0.24413671875 0.4574166666666667 0.08683593749999999 0.08725000000000006
19 0.7857421875 0.03993055555555555 0.07414062500000007 0.0798611111111111
19 0.3503046875 0.28580555555555553 0.408359375 0.29716666666666663
19 0.50781640625 0.15841666666666668 0.07482031249999999 0.08988888888888891
19 0.369390625 0.09125 0.17492187499999998 0.1825
9 0.52916796875 0.072375 0.1446328125000001 0.14475
14 0.7026171875 0.06980555555555555 0.07653125000000002 0.1396111111111111
17 0.7668359375 0.17268750000000002 0.07023437499999999 0.10859722222222223