14 0.5046875 0.9694444444444444 0.05703125 0.06111111111111111
12 0.6011015625 0.95625 0.07570312500000007 0.0875
12 0.780265625 0.9320138888888888 0.13587500000000005 0.12430555555555556
3 0.555296875 0.685423611111111 0.1032343749999999 0.15215277777777772
6 0.23855468750000003 0.5965972222222222 0.08117187499999998 0.12152777777777778
14 0.42996484375 0.5969791666666666 0.08471093750000006 0.16284722222222223
2 0.34868750000000004 0.7010833333333334 0.09000000000000004 0.08000000000000003
10 0.55781640625 0.5034166666666666 0.1804765625 0.24572222222222218
15 0.6009140625 0.3208611111111111 0.16145312500000006 0.33855555555555555
18 0.2419921875 0.3785833333333333 0.088671875 0.14727777777777776
5 0.20198437500000002 0.5452986111111111 0.04207812500000001 0.11181944444444443
10 0.68362109375 0.4080347222222222 0.09586718750000003 0.24684722222222225
16 0.38113281250000003 0.13972916666666668 0.12367187499999996 0.23693055555555556
8 0.46343750000000006 0.0818888888888889 0.173375 0.16258333333333333
19 0.41336328125 0.8393402777777779 0.03732031249999999 0.04470833333333341
16 0.46571484375 0.6863819444444446 0.061945312499999974 0.10165277777777786
10 0.4885390625 0.27845138888888893 0.075 0.14118055555555553
0 0.43088671874999995 0.25227083333333333 0.07058593749999997 0.12506944444444446
19 0.570984375 0.08359027777777778 0.09357812499999998 0.16718055555555555
19 0.12076171875 0.2946736111111111 0.1258203125 0.5893472222222222