7 0.35 0.9805555555555555 0.07578125 0.03888888888888889
18 0.59219921875 0.9631736111111111 0.15841406249999998 0.07365277777777773
19 0.2984375 0.9604166666666667 0.0546875 0.07916666666666666
2 0.41480859374999995 0.8801875 0.09502343750000004 0.23962499999999995
19 0.33139062499999994 0.7835416666666666 0.06050000000000004 0.24069444444444438
19 0.7786015625 0.7821111111111111 0.07595312500000002 0.09061111111111113
19 0.47683593750000003 0.8938125000000001 0.04020312500000003 0.08704166666666677
10 0.47846875000000005 0.7942569444444445 0.07904687500000004 0.3135138888888889
12 0.5626289062500001 0.7607708333333333 0.12183593750000003 0.2584027777777777
19 0.4216875 0.7086041666666667 0.06387499999999999 0.19054166666666675
19 0.6411562500000001 0.653125 0.08139062500000005 0.13861111111111105
17 0.5723750000000001 0.5837361111111111 0.050484374999999915 0.07030555555555557
19 0.33665625 0.7170416666666667 0.09529687500000002 0.14655555555555552
19 0.28019140625000005 0.5142291666666666 0.03708593750000002 0.059347222222222246
19 0.42725390625 0.5986458333333333 0.054398437500000084 0.06373611111111109
19 0.42203515625000004 0.44725 0.05933593750000003 0.12550000000000003
19 0.47627734374999997 0.43262500000000004 0.053695312500000016 0.08002777777777778
17 0.5924375000000001 0.4995555555555556 0.08159375000000005 0.10330555555555555
8 0.5935312500000001 0.38768749999999996 0.13475 0.2060416666666667
19 0.383921875 0.36717361111111113 0.024421874999999992 0.09331944444444448
19 0.3718515625 0.4975555555555556 0.018031250000000033 0.028999999999999995
19 0.30369140625 0.34274999999999994 0.04430468750000003 0.03333333333333329
19 0.5493984375 0.3007638888888889 0.04635937499999994 0.11538888888888886
12 0.44731249999999995 0.27464583333333337 0.12178125000000004 0.2318194444444444
17 0.22951562499999997 0.22929166666666667 0.09890625000000001 0.13552777777777775
17 0.52779296875 0.24809027777777778 0.0501953125 0.08645833333333333
17 0.5894062499999999 0.18494444444444444 0.09024999999999998 0.16233333333333333
19 0.18550390625 0.19994444444444445 0.02027343749999999 0.04558333333333332
19 0.534 0.09045833333333332 0.08664062500000007 0.18091666666666664
17 0.49742578125000003 0.17744444444444443 0.054695312499999996 0.11683333333333332
17 0.19407421875000003 0.028194444444444446 0.05769531250000002 0.05638888888888889
10 0.254328125 0.026041666666666668 0.03603125 0.04958333333333334