3 0.5462304687499999 0.9564583333333333 0.15863281249999997 0.0870833333333334
12 0.234765625 0.925 0.1015625 0.15
8 0.308984375 0.8958333333333334 0.09921875 0.20833333333333334
19 0.5090859375 0.8590972222222222 0.22121875000000008 0.2774166666666667
10 0.4987421875 0.8767222222222222 0.07523437499999996 0.19274999999999995
17 0.55921875 0.6737638888888889 0.07676562499999999 0.1270555555555556
2 0.4985546875000001 0.7157291666666665 0.10985937499999991 0.12706944444444446
2 0.6804296875 0.7602777777777777 0.08748437500000002 0.10588888888888891
18 0.6177187500000001 0.5028819444444446 0.09310937500000005 0.3673472222222222
19 0.8111289062500001 0.6450416666666666 0.08814843749999994 0.23502777777777772
18 0.41786328125 0.9522222222222223 0.08364843749999995 0.09555555555555549
10 0.8287265625 0.4318194444444444 0.07781249999999992 0.20294444444444446
19 0.51726171875 0.5471875 0.07014843749999997 0.1388194444444445
16 0.35071484375 0.420625 0.0877890625 0.16374999999999998
2 0.5168320312500001 0.32926388888888886 0.1323359374999999 0.25069444444444444
16 0.26799609375 0.320125 0.08338281250000001 0.17411111111111113
19 0.5137304687500001 0.3079861111111111 0.10852343750000007 0.18113888888888882
19 0.63311328125 0.15654166666666663 0.08721093750000009 0.3060833333333333
19 0.5660859375 0.14363194444444446 0.046875 0.07843055555555556
19 0.5527578125 0.05049305555555556 0.040437499999999994 0.062097222222222234
19 0.5109375 0.11176388888888888 0.09282812499999996 0.18463888888888888
18 0.33847265625 0.10498611111111111 0.12683593749999997 0.20997222222222223
18 0.43112109374999996 0.09614583333333332 0.06727343749999996 0.18451388888888884
19 0.28498046875000005 0.2276180555555556 0.059554687500000016 0.08234722222222225
19 0.3539140625 0.25506249999999997 0.07168749999999999 0.09804166666666671
12 0.7268203125 0.07029861111111112 0.15485937500000002 0.14059722222222223
17 0.23351171874999999 0.007944444444444445 0.04764843750000001 0.01588888888888889
15 0.6272265625 0.14459027777777778 0.076171875 0.17081944444444447
19 0.6327382812500001 0.022027777777777778 0.03860156250000006 0.043333333333333335