18 0.2806640625 0.9685833333333334 0.12570312499999997 0.06283333333333335
3 0.50234375 0.9652777777777778 0.053125 0.06944444444444445
16 0.57078515625 0.9659166666666665 0.08100781250000004 0.06816666666666657
5 0.6227851562500001 0.8912499999999999 0.11458593750000005 0.1802777777777777
14 0.8142734375 0.9229305555555556 0.051796875000000055 0.12875000000000006
2 0.24817578124999998 0.6201041666666667 0.27475781250000003 0.5400972222222223
7 0.4457265625 0.9512013888888889 0.09287500000000004 0.0975972222222222
15 0.3991015625 0.7786736111111111 0.11728125000000005 0.3288472222222222
19 0.48529296875000005 0.6633333333333333 0.048789062500000036 0.07916666666666666
3 0.59981640625 0.6858263888888889 0.10110156250000006 0.14976388888888895
17 0.42615234375 0.5385555555555556 0.05988281250000003 0.1426666666666667
18 0.304578125 0.63825 0.09164062499999996 0.21722222222222226
3 0.330671875 0.5131458333333333 0.08426562500000001 0.11984722222222217
19 0.34637890625 0.44928472222222227 0.09166406250000003 0.10673611111111114
19 0.43092968750000005 0.29930555555555555 0.21390624999999996 0.22072222222222215
2 0.27912499999999996 0.4325763888888889 0.054421874999999974 0.1744305555555556
18 0.5839101562500001 0.2420972222222222 0.14349218750000006 0.24075000000000005
19 0.21105468749999998 0.30480555555555555 0.07925000000000001 0.08236111111111112
19 0.273734375 0.3156875 0.08268750000000002 0.07609722222222225
19 0.6701484375 0.20880555555555555 0.050796874999999984 0.07155555555555555
10 0.5787382812499999 0.0753125 0.06952343750000001 0.14793055555555557
17 0.3948515625 0.11234027777777776 0.06437500000000003 0.08843055555555557
19 0.28546484375 0.20396527777777776 0.11499218750000004 0.23095833333333335
19 0.31092187499999996 0.10822222222222222 0.12728124999999996 0.21644444444444444
2 0.7514921874999999 0.09449305555555555 0.14957812499999995 0.1889861111111111
14 0.8304960937500001 0.10938888888888888 0.0547734375000001 0.1217222222222222
19 0.47972265625 0.050486111111111114 0.07583593749999995 0.10097222222222223
19 0.41704687500000004 0.02613888888888889 0.04951562500000004 0.05227777777777778
19 0.5355546875 0.05508333333333333 0.03792187499999997 0.09924999999999998
19 0.7077773437499999 0.14122916666666668 0.18013281249999996 0.21909722222222222