17 0.841796875 0.9777777777777777 0.0625 0.044444444444444446
19 0.5994765625 0.8367847222222221 0.05873437500000005 0.12587500000000015
19 0.55005078125 0.8357986111111111 0.11255468749999994 0.21312500000000006
19 0.4466640625 0.7800347222222223 0.13057812499999993 0.34965277777777776
17 0.39806640625 0.73525 0.06313281249999995 0.13594444444444437
15 0.32394140625 0.7882708333333333 0.09164843749999996 0.2039027777777777
18 0.267125 0.7659930555555555 0.06589062500000002 0.10243055555555555
14 0.50815625 0.6925486111111111 0.07564062499999995 0.08443055555555551
17 0.46191015625 0.5992569444444444 0.0929765625 0.1542638888888888
2 0.6337890625 0.6352986111111112 0.08992187499999993 0.2019027777777778
16 0.36335546875 0.478625 0.09474218750000003 0.16633333333333333
19 0.4727421875 0.5273819444444445 0.07598437499999999 0.14087500000000008
17 0.77724609375 0.38805555555555554 0.06750781249999997 0.18052777777777781
19 0.21351562500000001 0.4389097222222222 0.07440625000000001 0.10451388888888889
18 0.2432421875 0.43494444444444447 0.15885937500000002 0.2882222222222222
13 0.487140625 0.33061805555555557 0.16649999999999993 0.32931944444444444
11 0.38531640624999997 0.26521527777777776 0.06788281249999999 0.20015277777777776
10 0.62796875 0.22554166666666664 0.06687499999999993 0.29197222222222224
3 0.30078515625 0.33234722222222224 0.10132031250000004 0.17011111111111113
3 0.39366015625 0.43540972222222224 0.056289062499999966 0.1350972222222222
14 0.25826953125 0.26271527777777776 0.08861718750000006 0.14126388888888886
7 0.51079296875 0.0824513888888889 0.1806484375 0.1649027777777778
19 0.6243359374999999 0.01640972222222222 0.04474999999999998 0.03281944444444444
19 0.66401953125 0.116875 0.03630468750000002 0.07505555555555554