10 0.25316406249999995 0.98875 0.03929687499999997 0.02250000000000006
19 0.47621484374999995 0.9760624999999999 0.11350781249999997 0.047875000000000036
19 0.5106835937499999 0.8688541666666666 0.08614843749999998 0.15743055555555543
2 0.40201953125 0.8532083333333335 0.13586718750000001 0.2208055555555556
2 0.757015625 0.8463888888888889 0.078125 0.12130555555555544
19 0.55597265625 0.683048611111111 0.1114140625000001 0.336013888888889
16 0.42921875 0.7022013888888889 0.15726562499999996 0.24331944444444453
18 0.6587734375000001 0.46549999999999997 0.15421875000000007 0.35208333333333336
19 0.20837890624999997 0.6365833333333333 0.03158593749999998 0.048444444444444436
14 0.253484375 0.45612500000000006 0.02921874999999998 0.061916666666666724
14 0.30977343749999997 0.44006944444444446 0.09534374999999998 0.15355555555555547
17 0.40758984375 0.47022916666666675 0.047789062500000014 0.10737499999999993
17 0.46021875 0.48216666666666663 0.09132812500000007 0.19138888888888883
19 0.5239843750000001 0.3784513888888889 0.06829687500000006 0.13476388888888885
12 0.778875 0.4275416666666667 0.083984375 0.14652777777777778
12 0.74076171875 0.3256527777777778 0.07935156249999994 0.15080555555555553
11 0.5330859374999999 0.21258333333333335 0.10085937499999993 0.17711111111111108
19 0.21805859375 0.3433125 0.06389843749999999 0.09237499999999998
19 0.29148828125 0.2975347222222222 0.07161718749999997 0.1622361111111111
19 0.278984375 0.1225 0.12046875000000004 0.245
19 0.38363281250000003 0.33727777777777773 0.07664062500000002 0.1767222222222222
19 0.4522421875 0.3360416666666666 0.06067187500000006 0.10541666666666663
19 0.38987890625 0.18339583333333337 0.15100781249999998 0.27984722222222225
19 0.45478125 0.10194444444444445 0.12378125000000004 0.2038888888888889
19 0.54235546875 0.06893055555555555 0.1799765624999999 0.13619444444444445
12 0.6125273437500001 0.10143055555555555 0.07280468750000005 0.10569444444444444
19 0.8326953125 0.1465972222222222 0.05085937499999993 0.1420833333333333