18 0.53080078125 0.9802430555555556 0.0443359375 0.03951388888888895
19 0.722609375 0.9142083333333334 0.10209375000000005 0.17158333333333328
17 0.28956640624999996 0.9709305555555555 0.08374218750000004 0.05813888888888875
3 0.5622499999999999 0.7838611111111111 0.10354687499999997 0.32738888888888895
7 0.765625 0.8514999999999999 0.11656249999999994 0.2594999999999999
19 0.654640625 0.761388888888889 0.05710937499999993 0.12416666666666672
0 0.4701171875 0.7688958333333333 0.06659375000000001 0.1254305555555555
3 0.36315234375000005 0.8715138888888889 0.09919531250000002 0.1466944444444443
15 0.40715625 0.8403263888888889 0.08275000000000002 0.16329166666666659
18 0.34992578124999996 0.844625 0.044570312499999966 0.10452777777777776
14 0.70119921875 0.6211944444444444 0.04333593750000002 0.07377777777777779
14 0.52023046875 0.5892291666666667 0.032960937500000044 0.0590138888888889
17 0.42725390625 0.6947083333333334 0.08997656250000001 0.12094444444444451
3 0.48508203125 0.6466319444444444 0.10680468750000002 0.1456527777777778
14 0.34344140625 0.6875208333333334 0.04508593750000003 0.07345833333333339
19 0.80463671875 0.542236111111111 0.15785156250000004 0.34824999999999995
14 0.38180859375000004 0.5229722222222222 0.1871015625 0.2682777777777777
19 0.6815078125 0.4754791666666666 0.09895312500000006 0.16237499999999996
16 0.5314882812499999 0.47744444444444445 0.13324218749999997 0.20477777777777786
19 0.42100781249999997 0.3325138888888889 0.09585937500000004 0.2775
8 0.7330195312500001 0.3480902777777778 0.11005468749999991 0.13423611111111108
2 0.5375390624999999 0.27603472222222225 0.18521874999999993 0.30237500000000006
17 0.6437109375000001 0.3460763888888889 0.036484375000000034 0.084375
14 0.35973046875 0.2926597222222222 0.08646093749999997 0.15101388888888886
4 0.7622734375 0.09604166666666668 0.17201562499999995 0.19208333333333336
2 0.6208750000000001 0.07966666666666666 0.1369375 0.15933333333333333
19 0.609109375 0.19288194444444445 0.08339062500000001 0.20131944444444444
16 0.278 0.087 0.12640624999999997 0.174
19 0.37927343750000003 0.09284027777777777 0.10240624999999999 0.18568055555555554
19 0.4578125 0.06874305555555556 0.08110937499999996 0.13748611111111111
19 0.5279140625000001 0.06059027777777778 0.08704687500000005 0.12118055555555556