19 0.7364765624999999 0.8914722222222222 0.011796874999999929 0.025416666666666605
19 0.33162499999999995 0.9277083333333332 0.07893749999999997 0.1445833333333332
19 0.6158828125 0.9322569444444445 0.09937500000000003 0.13548611111111106
17 0.40777343750000006 0.9283194444444445 0.08209375 0.14336111111111116
17 0.3893515625 0.8180625 0.04635937499999998 0.1267916666666666
19 0.32661328125 0.7612222222222222 0.07177343750000001 0.20302777777777786
19 0.34325 0.9134930555555555 0.08859374999999999 0.11301388888888873
19 0.5218242187500001 0.8633402777777778 0.09683593750000004 0.10623611111111113
19 0.6351484374999999 0.7917430555555557 0.08035937499999993 0.13537500000000005
19 0.5729804687500001 0.7938472222222223 0.05561718750000004 0.1371388888888889
2 0.253640625 0.7434930555555557 0.15148437499999998 0.2726527777777777
7 0.44072265625 0.7922986111111112 0.0638671875 0.16834722222222226
19 0.55153125 0.7000347222222222 0.09271875000000004 0.15201388888888887
19 0.2610078125 0.7397152777777778 0.06078124999999997 0.13004166666666675
19 0.29844140625 0.6972847222222222 0.02369531250000003 0.05129166666666667
19 0.44558593750000003 0.5721111111111111 0.044296875000000034 0.06363888888888895
14 0.36110937499999995 0.6597083333333333 0.06387499999999999 0.20825000000000007
19 0.40333203125 0.6147013888888888 0.02146093750000002 0.05815277777777778
19 0.62718359375 0.7059027777777778 0.01489843749999995 0.019305555555555604
19 0.19585546874999998 0.5294861111111111 0.06499218749999998 0.08613888888888886
19 0.27894921875 0.4496041666666667 0.10107031250000001 0.16348611111111117
19 0.3245703125 0.3299236111111111 0.09429687500000003 0.17143055555555553
19 0.55151171875 0.4580069444444445 0.01088281250000005 0.01676388888888896
19 0.60503125 0.4742708333333333 0.00929687500000007 0.02034722222222219
19 0.64336328125 0.41531944444444446 0.015023437500000014 0.017138888888888933
17 0.56969921875 0.3799236111111111 0.10166406250000008 0.13040277777777776
10 0.19977343750000004 0.2924305555555556 0.07812500000000003 0.1327777777777778
10 0.6239609374999999 0.17356944444444444 0.09182812499999997 0.2759166666666667
2 0.5676640625 0.26165277777777773 0.09581250000000008 0.16191666666666665
13 0.25569140625000003 0.16375 0.10330468750000002 0.2144444444444445
19 0.35226953125 0.2427013888888889 0.0505859375 0.09512500000000002
19 0.345453125 0.11175694444444445 0.14581249999999998 0.2184305555555556
19 0.5682773437499999 0.08733333333333333 0.05866406249999993 0.16547222222222221
19 0.37257812500000004 0.06284722222222222 0.12703125 0.12569444444444444
12 0.45930859375 0.03159027777777778 0.0412109375 0.06318055555555556
19 0.5129609375 0.017854166666666667 0.028328124999999992 0.035708333333333335