19 0.490234375 0.9590277777777778 0.10078125 0.08194444444444444
19 0.6140625 0.9402777777777778 0.0859375 0.11944444444444445
19 0.36538281249999993 0.9537291666666666 0.10954687499999997 0.09254166666666681
2 0.24780078125 0.944625 0.15544531250000002 0.11075000000000002
19 0.33692578125 0.85 0.22805468750000008 0.3
16 0.43598046875000007 0.8183402777777778 0.11161718749999996 0.18643055555555557
19 0.450484375 0.8950208333333333 0.07170312499999998 0.09490277777777768
7 0.57600390625 0.8501180555555554 0.16274218749999997 0.16054166666666655
8 0.7741328125 0.8374375 0.033140625000000055 0.11956944444444433
15 0.7343437500000001 0.7303958333333334 0.06109375000000004 0.17912500000000003
19 0.76021875 0.8990694444444445 0.02048437500000002 0.04472222222222229
19 0.2790859375 0.6660416666666666 0.06673437499999997 0.09347222222222216
19 0.5003632812500001 0.7152638888888889 0.11424218750000001 0.17072222222222225
19 0.60388671875 0.7377986111111111 0.08186718749999997 0.10070833333333332
9 0.64791015625 0.6540416666666666 0.12333593749999991 0.2930833333333333
19 0.43181250000000004 0.6423541666666667 0.10212500000000002 0.2510972222222222
19 0.54580078125 0.5001388888888889 0.04833593749999991 0.15469444444444444
19 0.36659765625 0.551125 0.03033593750000003 0.16058333333333333
17 0.11673828125 0.3077708333333333 0.08628906249999999 0.1495972222222222
19 0.41716015625 0.765701388888889 0.06275781249999998 0.0895416666666667
17 0.44112109374999997 0.3522222222222222 0.09567968750000003 0.12611111111111112
19 0.19968359375 0.4610972222222222 0.07778906249999999 0.17155555555555552
19 0.53268359375 0.35263194444444446 0.07661718749999995 0.15387500000000004
19 0.4551953125 0.16608333333333336 0.09068749999999995 0.20033333333333334
19 0.326484375 0.20494444444444446 0.03265624999999996 0.027083333333333334
19 0.550078125 0.14777777777777779 0.12890625 0.26861111111111113
12 0.6422734375 0.2315 0.10220312499999995 0.22033333333333333
19 0.6709570312500001 0.3521944444444444 0.04921093750000001 0.08633333333333329
19 0.71078515625 0.23279861111111114 0.04875781250000007 0.12698611111111113
7 0.7687187499999999 0.175 0.12682812499999993 0.35
14 0.240453125 0.033791666666666664 0.06262499999999997 0.06758333333333333
19 0.2760546875 0.08902777777777778 0.039453125 0.17805555555555555
18 0.45181250000000006 0.04590972222222222 0.11418750000000003 0.09181944444444444
16 0.5255273437500001 0.07087500000000001 0.10832031250000007 0.14175000000000001
2 0.6830429687499999 0.056916666666666664 0.07077343749999994 0.11383333333333333