14 0.36138671875 0.9935902777777778 0.013710937499999964 0.01281944444444447
2 0.2920390625 0.8761736111111111 0.083109375 0.2476527777777777
17 0.69275 0.9817152777777777 0.04949999999999992 0.03656944444444434
3 0.35423828124999995 0.8258611111111112 0.11619531249999997 0.27688888888888885
3 0.392640625 0.8025972222222222 0.09753124999999999 0.17574999999999996
19 0.217015625 0.7738263888888889 0.09090625000000001 0.13487499999999994
19 0.45490234375 0.7652916666666667 0.09371093750000004 0.15058333333333335
7 0.8060507812500001 0.6961805555555556 0.12096093749999995 0.31902777777777785
19 0.349078125 0.6291458333333333 0.03265624999999996 0.0736805555555555
14 0.59240625 0.6837777777777778 0.10484375000000004 0.18724999999999992
18 0.43427734375 0.4866388888888889 0.07372656249999995 0.12005555555555564
5 0.8179023437499999 0.26853472222222224 0.07772656249999992 0.12581944444444448
10 0.61646484375 0.23540972222222223 0.09222656249999997 0.1414027777777778
14 0.719828125 0.21228472222222222 0.040437499999999994 0.08820833333333332
19 0.39232421874999995 0.34147222222222223 0.06644531249999996 0.06872222222222225
0 0.5155546875 0.20028472222222224 0.11014062500000002 0.16304166666666664
2 0.437109375 0.1286111111111111 0.14265624999999998 0.23777777777777775
19 0.191046875 0.1420625 0.05384374999999999 0.09451388888888891
12 0.23879296874999997 0.11377083333333332 0.05316406249999996 0.14629166666666665
0 0.65203515625 0.13495833333333335 0.07761718749999993 0.12569444444444447
19 0.33865625 0.12470138888888889 0.09924999999999998 0.08393055555555556
18 0.352640625 0.05697222222222223 0.15559375000000003 0.11394444444444446
2 0.5648515625 0.017875 0.06600000000000002 0.03575
8 0.7138515625 0.07498611111111111 0.136921875 0.14997222222222223
19 0.26521484375 0.04877083333333333 0.05489843749999999 0.09754166666666667
11 0.46973828125 0.03365277777777778 0.08094531249999992 0.06730555555555556
19 0.623375 0.008541666666666668 0.034500000000000065 0.017083333333333336
18 0.11199218749999999 0.13903472222222224 0.10217187500000002 0.2780694444444445