19 0.58343359375 0.9590000000000001 0.03488281250000007 0.04522222222222215
3 0.2328125 0.9229166666666667 0.078125 0.15416666666666667
18 0.46258203125 0.8407916666666667 0.050695312500000075 0.1860000000000001
11 0.25064843750000004 0.7552638888888888 0.05240625000000003 0.09530555555555548
12 0.31215625 0.7717291666666667 0.06989062500000003 0.12609722222222217
18 0.36258203125 0.7992013888888888 0.024789062500000014 0.04623611111111106
19 0.37791015625 0.8611180555555555 0.0772109375 0.15387499999999996
17 0.403921875 0.7903263888888888 0.053234375000000035 0.057791666666666526
19 0.26446875 0.3706736111111111 0.25984375000000004 0.6125416666666667
19 0.37926171875000003 0.6392986111111111 0.10600781250000005 0.19293055555555558
19 0.46733593749999996 0.6960138888888889 0.05689062499999995 0.08783333333333335
19 0.558015625 0.5652222222222223 0.09723437500000003 0.18275000000000005
11 0.59684375 0.5662013888888889 0.12404687499999997 0.31093055555555554
17 0.71796484375 0.6143402777777779 0.04333593750000002 0.09140277777777771
19 0.35454296875 0.8305833333333333 0.02642968750000003 0.04855555555555561
19 0.4367851562499999 0.9232430555555555 0.016648437499999957 0.022958333333333296
17 0.7085625 0.5564791666666667 0.062171874999999946 0.07945833333333338
17 0.7934687500000001 0.44447916666666665 0.06085937500000007 0.10356944444444435
19 0.42841796875 0.49284027777777784 0.07255468749999996 0.17476388888888894
19 0.45962890625 0.4724444444444445 0.04307031250000008 0.11052777777777784
19 0.4906367187500001 0.4521736111111111 0.022757812500000085 0.06140277777777783
19 0.5210703125 0.46350694444444446 0.04348437500000006 0.08523611111111112
19 0.514671875 0.3731388888888889 0.08968749999999996 0.1065277777777778
19 0.58925 0.3745972222222222 0.05646874999999998 0.07958333333333331
19 0.72475 0.5066180555555555 0.05654687500000009 0.0920138888888889
3 0.39469140625 0.40357638888888886 0.06883593750000001 0.15679166666666663
19 0.38323828125 0.3350972222222222 0.05852343750000002 0.12463888888888887
19 0.692109375 0.3299930555555556 0.17615625000000001 0.37804166666666666
8 0.8184765625000001 0.23743055555555553 0.10023437500000006 0.2906944444444445
19 0.5906875 0.1516736111111111 0.22128125 0.3002916666666667
18 0.5748203125 0.2581597222222222 0.09410937500000002 0.1377083333333333
18 0.6113984375 0.3325277777777778 0.03356250000000003 0.04633333333333335
19 0.6252695312500001 0.2819861111111111 0.020664062500000035 0.05241666666666668
12 0.6285859374999999 0.1324722222222222 0.08189062499999995 0.2589444444444444
17 0.4845390625 0.116375 0.05404687500000005 0.08447222222222221
19 0.73866796875 0.07428472222222222 0.04997656250000002 0.07006944444444446
19 0.8299335937500001 0.05155555555555555 0.08696093749999996 0.1031111111111111
19 0.3130859375 0.05319444444444444 0.10942187499999996 0.10638888888888888
2 0.20659375 0.0563125 0.08601562500000001 0.112625
19 0.37599218749999996 0.12146527777777777 0.12639062499999998 0.13418055555555553
19 0.48365624999999995 0.03186805555555556 0.08309374999999992 0.06373611111111112
18 0.54948828125 0.041749999999999995 0.05558593750000007 0.08349999999999999
18 0.11199218749999999 0.13903472222222224 0.10217187500000002 0.2780694444444445