19 0.26640625 0.9784722222222222 0.0421875 0.043055555555555555
19 0.32020312500000003 0.9634027777777777 0.06353124999999996 0.0731944444444445
19 0.51367578125 0.9783333333333333 0.07264843750000001 0.0433333333333334
19 0.426171875 0.9298611111111111 0.11875 0.14027777777777778
19 0.48946484375 0.9255625 0.05060156249999999 0.07804166666666675
18 0.5842968749999999 0.8269722222222223 0.11976562499999996 0.32866666666666655
7 0.75190234375 0.7999305555555556 0.19224218750000005 0.4001388888888888
19 0.8090234374999999 0.9772222222222222 0.07132812500000005 0.045555555555555495
19 0.39169921875 0.9065555555555556 0.08011718749999996 0.15344444444444447
8 0.23159375 0.8641249999999999 0.10265624999999998 0.2622499999999999
19 0.2701171875 0.814298611111111 0.059687499999999984 0.12165277777777767
19 0.34761718750000004 0.7494652777777778 0.07632812500000004 0.1528194444444444
19 0.48129687500000007 0.7493333333333333 0.17365624999999998 0.3536666666666666
19 0.36893359375 0.8552083333333333 0.0405234375 0.08680555555555555
19 0.74513671875 0.5745416666666667 0.11096093749999998 0.14463888888888887
19 0.29469531250000003 0.6846111111111111 0.08795312500000003 0.15761111111111106
19 0.3799921875 0.6284097222222222 0.11373437500000003 0.2174027777777778
0 0.4551796875 0.5246388888888889 0.054031250000000065 0.11844444444444441
0 0.4328125 0.38790972222222225 0.08460937499999996 0.0994305555555556
18 0.24904687499999997 0.17829861111111112 0.158 0.3025694444444445
19 0.3544609375 0.3126805555555556 0.08209375000000003 0.1207222222222222
19 0.42552734374999995 0.21890972222222224 0.1892578125 0.30023611111111104
19 0.571671875 0.17402777777777778 0.07368749999999995 0.08916666666666664
11 0.6174765625 0.2215138888888889 0.13160937500000003 0.2555277777777778
19 0.6913867187499999 0.180625 0.10613281249999992 0.14347222222222225
19 0.25061718749999995 0.03996527777777777 0.09357812499999998 0.07993055555555555
18 0.11199218749999999 0.13903472222222224 0.10217187500000002 0.2780694444444445