0 0.423296875 0.9845138888888889 0.08246874999999995 0.030972222222222158
18 0.24489062500000003 0.7882777777777779 0.15712500000000001 0.2879166666666666
19 0.33707031249999997 0.9086805555555556 0.053828124999999984 0.11486111111111118
19 0.41801171875 0.8243125 0.18571093750000003 0.31223611111111105
19 0.5646328125 0.7631666666666667 0.07368749999999995 0.08916666666666673
11 0.60565625 0.8204166666666666 0.13160937500000003 0.2555277777777778
19 0.679859375 0.7831736111111111 0.10215624999999999 0.1582916666666667
19 0.24421484375000002 0.557423611111111 0.12546093750000004 0.23318055555555553
3 0.31153906249999996 0.3895972222222222 0.13129687499999995 0.22725
19 0.39593749999999994 0.4855763888888889 0.091953125 0.1634583333333334
19 0.46177343749999994 0.4819930555555555 0.11176562499999995 0.15929166666666675
19 0.644640625 0.47754166666666664 0.020859375000000034 0.05819444444444441
19 0.33663281250000004 0.2990347222222222 0.09576562500000003 0.17373611111111115
19 0.46967968750000005 0.33074305555555555 0.07964062500000005 0.18501388888888895
17 0.49632421875 0.13059722222222223 0.07155468749999994 0.18130555555555558
7 0.7912734374999999 0.07631944444444445 0.1126093749999999 0.1526388888888889
19 0.33912890625 0.010972222222222223 0.056289062499999966 0.021944444444444447
19 0.54269140625 0.15634722222222222 0.07767968750000005 0.1726111111111111
18 0.11199218749999999 0.13903472222222224 0.10217187500000002 0.2780694444444445