8 0.6396914062500001 0.9350208333333332 0.1698359374999999 0.12995833333333323
19 0.47182421874999997 0.9864861111111111 0.07192968749999995 0.027027777777777828
19 0.52078125 0.9943055555555556 0.019374999999999965 0.011388888888888952
12 0.42880859375 0.9022777777777777 0.05721093750000002 0.0988611111111112
19 0.3620625 0.8519375 0.11614062499999997 0.18612499999999998
9 0.49898046875 0.8268472222222223 0.16185156250000005 0.2311944444444445
19 0.788671875 0.8861111111111111 0.0609375 0.22777777777777777
10 0.6023632812499999 0.8714583333333334 0.13616406249999996 0.22669444444444448
8 0.72291015625 0.7751666666666667 0.12447656249999994 0.3294444444444445
17 0.22639843749999997 0.7362291666666667 0.056093749999999984 0.13112500000000005
19 0.4076171875 0.7091319444444444 0.08937500000000002 0.12276388888888887
9 0.78375390625 0.6786944444444445 0.1178828124999999 0.24319444444444446
17 0.37725390625 0.5957916666666667 0.07919531249999996 0.12375000000000003
19 0.60583203125 0.7541388888888889 0.08189843749999995 0.10402777777777783
19 0.6485624999999999 0.6642430555555555 0.06804687499999992 0.17568055555555556
19 0.70898046875 0.6286666666666666 0.06111718750000002 0.08330555555555558
19 0.52333984375 0.5801041666666666 0.05964843749999993 0.4074305555555556
19 0.48533593750000004 0.5656527777777778 0.03304687499999996 0.1245833333333334
19 0.403 0.5492916666666667 0.06726562499999997 0.1120833333333334
19 0.32921484375 0.4177430555555555 0.025898437499999982 0.04934722222222218
19 0.383796875 0.3987847222222222 0.06379687500000002 0.11137500000000003
19 0.6484335937499999 0.4985486111111111 0.07450781249999991 0.09112500000000003
10 0.6830859375 0.44054166666666666 0.14328125000000008 0.27449999999999997
10 0.7460703125 0.3915 0.12703125 0.26702777777777775
19 0.53340234375 0.32761111111111113 0.08197656250000004 0.0970277777777778
10 0.66444140625 0.20943055555555554 0.13263281249999997 0.27391666666666664
19 0.2973671875 0.27055555555555555 0.07582812499999995 0.07727777777777776
17 0.46923046875 0.2101944444444444 0.06572656250000009 0.18322222222222218
19 0.37809765625 0.2254861111111111 0.13900781250000005 0.24125
18 0.515390625 0.15611111111111112 0.17765625000000007 0.31222222222222223
19 0.40615234375 0.04435416666666667 0.09339843749999996 0.08870833333333333
11 0.64091796875 0.11553472222222222 0.1286171875000001 0.23106944444444444
19 0.8491953125 0.38760416666666664 0.10570312500000005 0.14906944444444445
19 0.8667109375 0.25886805555555553 0.032859374999999955 0.05393055555555553
19 0.22789453124999998 0.06161111111111111 0.08250781250000001 0.12322222222222222