19 0.39651562500000004 0.9846527777777777 0.035062499999999996 0.03069444444444432
19 0.703515625 0.9743055555555555 0.0453125 0.05138888888888889
8 0.53408984375 0.9283611111111111 0.03685156250000006 0.10916666666666654
7 0.58712890625 0.9152361111111111 0.0976640625 0.1695277777777777
19 0.31775 0.9551250000000001 0.023671874999999964 0.032972222222222236
19 0.4023359375 0.9194861111111111 0.013390625000000034 0.027499999999999938
19 0.36337890625 0.8116944444444445 0.009992187499999972 0.01927777777777793
19 0.472171875 0.8527708333333334 0.06734375000000004 0.2572638888888889
19 0.2432421875 0.7928263888888889 0.113078125 0.1911805555555556
19 0.39834765625 0.706576388888889 0.08530468750000005 0.12665277777777786
14 0.239734375 0.6006041666666667 0.1444375 0.352125
19 0.3931953125 0.6695902777777778 0.06317187500000002 0.09451388888888891
16 0.44355859375 0.5804930555555555 0.15596093749999995 0.24779166666666663
19 0.592671875 0.6241180555555556 0.019906250000000014 0.03295833333333336
19 0.43452343750000005 0.51725 0.06954687499999998 0.1617777777777778
17 0.3857421875 0.4341041666666667 0.06057812499999997 0.18087500000000004
19 0.12644531250000002 0.3642152777777778 0.11459375000000001 0.21195833333333336
19 0.2754296875 0.21222222222222223 0.043671874999999985 0.42444444444444446
19 0.52919921875 0.42771527777777774 0.11127343750000004 0.148375
19 0.45954296875 0.4544375 0.12980468750000002 0.14581944444444445
2 0.66120703125 0.29280555555555554 0.16625781249999996 0.3497777777777778
19 0.653140625 0.290625 0.09787499999999998 0.11538888888888886
19 0.56550390625 0.3107361111111111 0.08653906249999999 0.18863888888888888
19 0.49108984375000003 0.23922222222222222 0.18750781249999998 0.3376111111111112
19 0.20456640624999997 0.2705347222222222 0.08553906250000001 0.23690277777777777
19 0.26950390625 0.20940972222222223 0.04838281249999996 0.12840277777777775
19 0.40716796874999994 0.22781944444444444 0.018601562499999957 0.027972222222222204
10 0.38873828125 0.18935416666666663 0.09466406249999997 0.3024027777777778
17 0.22302343750000003 0.0915486111111111 0.07623437500000001 0.13004166666666667
19 0.3219296875 0.12726388888888887 0.014421875000000028 0.029305555555555547
19 0.28708203125 0.06125694444444445 0.07677343749999999 0.08351388888888889
14 0.46419140625 0.017437499999999998 0.056351562500000084 0.034874999999999996
19 0.76490234375 0.06334027777777777 0.06811718750000004 0.11009722222222222
9 0.30315625 0.00975 0.10396875000000003 0.0195
19 0.5042890625 0.026402777777777775 0.015453124999999979 0.022888888888888896
18 0.32021484375 0.6296666666666667 0.09319531249999997 0.2022500000000001