19 0.56716015625 0.8177222222222222 0.06286718750000002 0.22191666666666662
19 0.5152734375000001 0.9496527777777778 0.10445312500000004 0.10069444444444445
19 0.6408867187499999 0.9091666666666667 0.07017968749999995 0.16005555555555556
19 0.39458984375 0.8728819444444444 0.1647265625 0.24731944444444437
16 0.70351171875 0.8380624999999999 0.10196093749999999 0.19384722222222214
19 0.49788671874999996 0.7585833333333334 0.09319531249999997 0.16302777777777785
2 0.6984296874999999 0.6385208333333333 0.09949999999999992 0.1596805555555556
17 0.59528125 0.5965 0.08118750000000005 0.20936111111111114
2 0.5111562500000001 0.539 0.15150000000000005 0.22769444444444453
19 0.38609374999999996 0.647888888888889 0.07889062499999996 0.2259722222222223
17 0.2912578125 0.6116388888888888 0.07185937500000002 0.12550000000000003
0 0.24709374999999997 0.5600694444444444 0.08206249999999997 0.20124999999999996
19 0.758234375 0.4084930555555556 0.1426874999999999 0.22006944444444446
19 0.32473828125000004 0.4423402777777778 0.0741171875 0.22265277777777776
17 0.7392578125 0.27347222222222217 0.079875 0.14916666666666664
8 0.3672109375 0.37973611111111105 0.06654687500000005 0.11380555555555559
19 0.4843671875 0.36330555555555555 0.09856250000000007 0.13027777777777774
14 0.2883203125 0.3370972222222222 0.08570312500000003 0.16730555555555557
19 0.3480078125 0.2742777777777778 0.06553125 0.13730555555555557
17 0.404203125 0.24419444444444444 0.06435937499999995 0.14561111111111114
19 0.6523125 0.27397916666666666 0.10007812499999993 0.21934722222222228
10 0.5919140625 0.14097222222222222 0.11570312499999993 0.28194444444444444
19 0.5113671875 0.22378472222222223 0.07523437499999996 0.1564583333333333
14 0.39347656249999996 0.1673611111111111 0.22179687499999995 0.2447222222222222
19 0.6412890625000001 0.15258333333333332 0.11851562500000004 0.27627777777777773
19 0.2370234375 0.017409722222222222 0.039203124999999964 0.034819444444444445
14 0.306359375 0.04809722222222223 0.09829687499999995 0.09619444444444446
19 0.36553125 0.13768750000000002 0.09015625000000002 0.16776388888888888
19 0.45899999999999996 0.04009722222222222 0.10048437499999992 0.08019444444444444
19 0.5601093749999999 0.04071527777777778 0.075203125 0.08143055555555556