19 0.428125 0.8576388888888888 0.15390625 0.2847222222222222
16 0.31015625 0.9041666666666667 0.13046875 0.19166666666666668
14 0.58033984375 0.9756944444444444 0.07807031250000004 0.04861111111111111
11 0.48152734375 0.8730694444444443 0.16808593750000003 0.1529444444444443
19 0.514453125 0.95625 0.09140625 0.0875
3 0.59660546875 0.7972430555555555 0.25600781250000004 0.34365277777777786
19 0.2443828125 0.8734722222222222 0.03826562500000001 0.03580555555555552
19 0.28528125 0.7467430555555555 0.22056249999999994 0.23140277777777787
19 0.5066640625 0.5965138888888889 0.149609375 0.4164722222222223
19 0.42241015624999995 0.6620972222222222 0.12683593749999997 0.21674999999999991
19 0.3234765625 0.5195763888888888 0.07940624999999998 0.2172083333333333
19 0.7154570312499999 0.4534444444444445 0.07058593749999993 0.24325
19 0.5871875 0.5215347222222222 0.04742187500000004 0.11176388888888893
19 0.40024218749999996 0.5016527777777777 0.06396875000000005 0.14683333333333337
8 0.22757812500000002 0.2997361111111111 0.157375 0.3735833333333334
11 0.64833984375 0.2702638888888889 0.0994140625 0.28641666666666665
2 0.5496054687499999 0.33911111111111114 0.16942968749999993 0.3037777777777778
17 0.3951171875 0.3942569444444445 0.05489062499999999 0.11573611111111112
19 0.30198046875 0.37343055555555554 0.02888281250000002 0.06044444444444442
19 0.45637890625 0.3455208333333333 0.03952343749999994 0.060458333333333295
19 0.4731640625 0.13826388888888888 0.159765625 0.27652777777777776
19 0.3068359375 0.05027777777777778 0.028718749999999994 0.04633333333333333
19 0.5599296875 0.05555555555555555 0.0625 0.10130555555555555
19 0.67711328125 0.09722222222222222 0.16636718750000004 0.19444444444444445
19 0.824171875 0.07434722222222222 0.1075312499999999 0.14869444444444443
19 0.7875390624999999 0.025965277777777778 0.04864062500000008 0.051930555555555556
12 0.23896875 0.05535416666666666 0.062203125000000005 0.11070833333333333