19 0.4476210937499999 0.8891597222222222 0.13221093750000001 0.22168055555555574
19 0.52790625 0.878201388888889 0.08185937499999998 0.24359722222222205
19 0.5799023437499999 0.9753472222222223 0.08628906250000004 0.049305555555555554
18 0.68725390625 0.8740624999999999 0.05363281250000007 0.13026388888888885
19 0.482125 0.8192847222222223 0.06664062499999997 0.14895833333333333
19 0.48857421875 0.7068680555555555 0.07877343749999995 0.11443055555555554
17 0.27217578124999997 0.6255833333333334 0.07605468750000002 0.11980555555555554
19 0.34419921875 0.7132638888888888 0.0728515625 0.15625
19 0.27146484375 0.7476736111111112 0.01724218750000004 0.03162499999999997
7 0.39524218750000006 0.3894444444444444 0.09023437500000005 0.16097222222222218
17 0.5410546875000001 0.4010277777777778 0.07945312500000004 0.15711111111111112
11 0.61329296875 0.23415972222222223 0.12169531249999999 0.29054166666666664
12 0.7872265625000001 0.14791666666666667 0.08195312500000007 0.20083333333333336
18 0.46440624999999996 0.2717847222222222 0.08835937499999993 0.11754166666666666
19 0.35901562499999995 0.22601388888888888 0.02024999999999997 0.03602777777777778
12 0.5514921875000001 0.10847222222222222 0.11889062500000006 0.21694444444444444
19 0.3304609375 0.13358333333333333 0.027937499999999994 0.05066666666666665
19 0.41436328125 0.061486111111111116 0.09833593749999996 0.12297222222222223
19 0.46332812500000004 0.0976875 0.07517187500000003 0.11993055555555555
19 0.70337890625 0.01376388888888889 0.05266406250000007 0.02752777777777778
2 0.7378984375 0.09490277777777778 0.10181249999999994 0.18980555555555556
18 0.11199218749999999 0.13903472222222224 0.10217187500000002 0.2780694444444445