8 0.63390625 0.9701736111111111 0.07046875000000004 0.05965277777777784
19 0.8255078125 0.9241527777777777 0.14379687499999996 0.1516944444444445
19 0.38544140625 0.9692500000000001 0.12489843749999996 0.061499999999999964
19 0.47578906249999997 0.9572222222222221 0.06923437499999992 0.08555555555555543
19 0.28294921875 0.9388055555555557 0.08777343750000002 0.12238888888888874
17 0.19375 0.9673611111111111 0.0640625 0.06527777777777778
17 0.5522109375 0.9397569444444445 0.08360937499999999 0.12048611111111111
17 0.22593749999999999 0.8554861111111112 0.10978124999999998 0.13977777777777792
17 0.34659375 0.8812569444444445 0.08010937499999997 0.1319027777777778
19 0.40862890625000003 0.8907986111111111 0.07121093750000003 0.12659722222222236
19 0.4802578125 0.8243263888888889 0.209171875 0.14315277777777768
19 0.48426171875 0.8949652777777778 0.06527343749999996 0.06065277777777788
12 0.7065937499999999 0.7246388888888889 0.14984374999999997 0.3878611111111111
19 0.20894531249999998 0.6984930555555556 0.09717187499999999 0.16615277777777776
19 0.624625 0.6619027777777778 0.05192187500000003 0.14069444444444446
19 0.3734453125 0.5815833333333333 0.05793750000000002 0.15341666666666673
19 0.43625390625 0.6347013888888889 0.08174218750000004 0.20712499999999992
2 0.48003906250000006 0.5320069444444445 0.11692187500000006 0.4497916666666667
17 0.8093242187499999 0.7323680555555555 0.06527343750000006 0.12923611111111105
19 0.341 0.5766180555555556 0.03348437500000001 0.065625
19 0.3913125 0.47863194444444446 0.09701562500000005 0.1449861111111111
9 0.60405078125 0.46985416666666663 0.15882031249999998 0.18512499999999996
19 0.6381015624999999 0.9212152777777779 0.051515625000000044 0.06409722222222235
19 0.8639453125 0.70425 0.02379687500000003 0.029305555555555588
19 0.760953125 0.4267083333333333 0.01648437499999993 0.02386111111111104
19 0.313390625 0.5166666666666667 0.011328125 0.027472222222222183
19 0.16065234374999998 0.4065138888888889 0.036039062499999996 0.056972222222222195
19 0.28200390625 0.1904861111111111 0.04963281249999998 0.1290277777777778
19 0.3123046875 0.24215277777777777 0.05632812500000002 0.2926388888888889
19 0.330484375 0.3841111111111111 0.019578124999999957 0.02563888888888894
19 0.38683203125 0.3371527777777778 0.07314843750000004 0.14286111111111113
19 0.40846484375000003 0.20701388888888891 0.08757031249999998 0.13930555555555557
19 0.6123828125 0.10383333333333335 0.065234375 0.2076666666666667
19 0.43483984375 0.10600694444444445 0.05563281250000003 0.09706944444444446
19 0.306578125 0.057479166666666665 0.07932812499999997 0.08790277777777779
19 0.4425156250000001 0.03082638888888889 0.05264062500000009 0.053291666666666654