18 0.703515625 0.9694444444444444 0.21953125 0.06111111111111111
2 0.22812109375 0.9911180555555555 0.03217968750000004 0.01776388888888884
19 0.3376328125 0.9648749999999999 0.06614062499999998 0.0702499999999999
19 0.41386328125 0.9307083333333334 0.09671093749999997 0.1385833333333333
19 0.48753906249999995 0.9907708333333334 0.03679687499999993 0.01845833333333328
10 0.5844375 0.92625 0.159375 0.14750000000000008
18 0.762890625 0.8840277777777777 0.109375 0.23194444444444445
17 0.52373828125 0.8145277777777779 0.05846093749999994 0.11486111111111118
19 0.40509765625 0.7653055555555556 0.12477343750000003 0.20722222222222228
19 0.65392578125 0.7241805555555555 0.19049218749999994 0.29611111111111116
19 0.57959765625 0.7110555555555556 0.06617968750000003 0.1143888888888889
19 0.23024218750000003 0.6611180555555556 0.06259375 0.11437499999999995
19 0.407703125 0.6269444444444444 0.056984375000000045 0.11275000000000009
19 0.46721874999999996 0.5927847222222222 0.052390624999999955 0.057124999999999995
19 0.222734375 0.5321388888888888 0.07582812499999998 0.1511388888888888
19 0.17333203125000002 0.5103541666666667 0.02297656250000002 0.03404166666666665
19 0.30652734375 0.5674027777777777 0.08578906249999996 0.1701944444444444
19 0.38434375000000004 0.5042222222222221 0.048250000000000036 0.10074999999999995
19 0.4566875 0.45431944444444444 0.10425000000000004 0.1678888888888889
19 0.2154609375 0.38304166666666667 0.08426562500000001 0.1470833333333333
19 0.2908515625 0.44952777777777775 0.063671875 0.26188888888888884
19 0.3215 0.46678472222222217 0.0774375 0.11845833333333328
19 0.57887109375 0.3857777777777778 0.08352343750000006 0.23961111111111108
0 0.37974609375 0.4347777777777778 0.057445312500000026 0.06263888888888892
17 0.32226953125 0.38286111111111115 0.045273437500000034 0.0957777777777778
17 0.54327734375 0.4504375 0.08732031249999998 0.11029166666666662
5 0.347703125 0.306375 0.06434375 0.11763888888888888
2 0.41295703125000005 0.3157638888888889 0.13235156250000002 0.23611111111111116
2 0.6507226562499999 0.33540277777777777 0.0974609375 0.12386111111111116
12 0.71934375 0.2004375 0.10199999999999995 0.18301388888888886
19 0.5980078125 0.2625277777777778 0.06342187500000004 0.12419444444444447
19 0.44051953125 0.29454166666666665 0.19114843750000002 0.30797222222222226
2 0.6670703125 0.2090486111111111 0.13335937500000003 0.33912499999999995
10 0.3301953125 0.03602777777777778 0.06626562499999995 0.07205555555555555
19 0.44696875 0.072875 0.07720312499999996 0.0931388888888889
19 0.4497265625 0.042562499999999996 0.08823437500000005 0.08512499999999999
4 0.8380507812500001 0.041749999999999995 0.08732031249999998 0.08349999999999999