8 0.64988671875 0.8379513888888888 0.1902265625 0.32409722222222215
14 0.7830546875 0.9371111111111111 0.10499999999999998 0.1257777777777777
19 0.33984375 0.9666666666666667 0.06171875 0.06666666666666667
19 0.49155859375000005 0.9485972222222222 0.05832031250000007 0.06666666666666667
8 0.41531250000000003 0.9022708333333334 0.148625 0.19545833333333335
19 0.48743359374999995 0.8568888888888889 0.10311718750000001 0.15100000000000005
19 0.531625 0.8422499999999999 0.05415624999999995 0.09622222222222218
19 0.76781640625 0.8130347222222222 0.08767968750000002 0.1407916666666665
12 0.43348828125 0.7077500000000001 0.05721093750000002 0.0988611111111112
19 0.36497265624999997 0.6500347222222221 0.1161484375 0.18612499999999998
9 0.5065625 0.630611111111111 0.16185937500000006 0.2521666666666666
19 0.7888203125000001 0.6949444444444444 0.06993750000000007 0.21794444444444439
10 0.60381640625 0.6799097222222221 0.13616406249999996 0.22668055555555552
8 0.7243671875 0.5836180555555556 0.12446874999999995 0.3294305555555556
17 0.2249453125 0.5498680555555555 0.056093749999999984 0.13112499999999996
19 0.415203125 0.526375 0.08937500000000002 0.12277777777777775
9 0.78957421875 0.48715277777777777 0.1178828124999999 0.24319444444444446
17 0.37725390625 0.4100416666666667 0.07919531249999996 0.12375000000000003
19 0.59709765625 0.5574027777777778 0.08189843749999995 0.10402777777777775
19 0.6485624999999999 0.477875 0.06804687499999992 0.1756666666666667
19 0.70024609375 0.4241736111111111 0.06111718750000002 0.08331944444444446
19 0.5300976562499999 0.37489583333333326 0.0697265625 0.41340277777777773
19 0.48701953124999997 0.3709166666666667 0.03303906249999997 0.12458333333333335
19 0.4046875 0.36504166666666665 0.06726562499999997 0.11208333333333335
19 0.33005859374999996 0.22301388888888893 0.025898437499999982 0.04936111111111114
19 0.382109375 0.19805555555555554 0.06379687499999998 0.11138888888888887
19 0.6484335937499999 0.3121736111111111 0.07450781249999991 0.09112499999999998
10 0.6932812500000001 0.23863888888888887 0.14328125000000008 0.27449999999999997
10 0.748984375 0.20254166666666665 0.12703125 0.26702777777777775
19 0.53424609375 0.132875 0.08197656250000004 0.09702777777777775
10 0.652046875 0.0709375 0.09918750000000003 0.141875
19 0.29483984375 0.06684027777777778 0.07583593749999995 0.07729166666666668
17 0.46782421875 0.051694444444444446 0.06572656250000009 0.10338888888888889
19 0.37176953125 0.07493055555555556 0.12807031250000006 0.1498611111111111
18 0.5452578125 0.052513888888888895 0.10251562500000003 0.10502777777777779
19 0.8532421875 0.1808888888888889 0.10570312500000015 0.14905555555555555
19 0.8677265625 0.05574305555555555 0.032859374999999955 0.05393055555555555