19 0.5971015625 0.9698472222222222 0.04790624999999995 0.059000000000000025
7 0.7317109374999999 0.945 0.2007968749999999 0.11000000000000007
0 0.36784375 0.9463194444444445 0.06659375000000001 0.10736111111111105
12 0.5014140625000001 0.9640277777777778 0.15014062500000006 0.07194444444444438
12 0.47859375000000004 0.8401944444444444 0.09781250000000004 0.15291666666666653
16 0.34239453124999997 0.7988819444444445 0.09633593749999995 0.12359722222222223
19 0.42932421875 0.8793263888888889 0.06272656249999997 0.1254305555555555
3 0.58384375 0.8402361111111112 0.08579687499999995 0.1817500000000002
19 0.73920703125 0.785986111111111 0.2426640625000001 0.22141666666666668
19 0.4586875 0.7048472222222222 0.09045312499999998 0.17888888888888882
0 0.40451953124999995 0.48867361111111113 0.09352343750000003 0.17790277777777783
18 0.51288671875 0.6618055555555555 0.05094531250000003 0.09083333333333331
2 0.5748359375 0.5837847222222223 0.2788281250000001 0.41226388888888876
19 0.705109375 0.5904652777777778 0.14817187500000006 0.17918055555555554
17 0.69759375 0.5965972222222222 0.09743750000000002 0.11702777777777776
17 0.3578984375 0.6112083333333334 0.08426562499999997 0.15761111111111115
17 0.56609765625 0.5293402777777778 0.08163281250000001 0.10923611111111108
19 0.55381640625 0.6143888888888889 0.04127343749999994 0.05150000000000006
19 0.31598046874999997 0.5045833333333334 0.0490234375 0.14688888888888887
19 0.48271484375 0.43011805555555555 0.09685156250000002 0.14856944444444448
16 0.74687109375 0.38127777777777777 0.14282031250000005 0.26069444444444445
18 0.25587890625000004 0.3329444444444444 0.09344531250000002 0.19433333333333327
12 0.17774218749999998 0.3490138888888889 0.080078125 0.14197222222222225
19 0.35472265625 0.3495625 0.10007031250000002 0.20912500000000003
2 0.42582812500000006 0.3877986111111111 0.049156250000000054 0.17009722222222226
2 0.5219453125 0.3269375 0.13606250000000006 0.15137499999999998
12 0.8041562499999999 0.18565972222222224 0.08075000000000002 0.14034722222222223
19 0.5197578125 0.1943125 0.08954687499999991 0.1544583333333333
3 0.5943671875 0.18243055555555554 0.08339062500000001 0.12327777777777776
18 0.5948046875 0.19335416666666666 0.04564062500000006 0.08270833333333336
13 0.45259765625000004 0.15668055555555555 0.12991406249999998 0.2496944444444444
14 0.23709375000000002 0.061173611111111116 0.13606249999999998 0.12234722222222223
3 0.33453515625 0.14497222222222222 0.09919531250000002 0.20130555555555554
19 0.2963515625 0.19179166666666667 0.04389062499999996 0.12016666666666664
3 0.39422265625 0.10049305555555554 0.035992187499999995 0.09987499999999999
18 0.5491601562499999 0.05102777777777778 0.08075781249999991 0.10205555555555557
19 0.4389921875000001 0.027625 0.16064062499999995 0.05525