19 0.14708203125 0.9065972222222223 0.10400781249999999 0.18680555555555556
8 0.67834375 0.946375 0.06956249999999997 0.10725000000000004
19 0.42561328125 0.8872430555555556 0.28363281249999994 0.22551388888888874
19 0.61553515625 0.9740624999999999 0.029445312500000043 0.05187499999999987
10 0.573046875 0.96875 0.04140625 0.0625
19 0.57781640625 0.8213958333333333 0.03560156249999995 0.14301388888888894
19 0.74321484375 0.7541458333333334 0.19882031249999993 0.2669583333333334
19 0.48646875000000006 0.895361111111111 0.1287968750000001 0.10377777777777782
3 0.278875 0.7855625 0.14837499999999998 0.3491805555555556
19 0.40055078124999993 0.7219027777777778 0.11864843749999995 0.26636111111111105
18 0.5014140625 0.7075138888888889 0.10532812499999995 0.32766666666666666
19 0.656671875 0.5734722222222222 0.059375 0.1746388888888889
13 0.41414453125 0.5482847222222222 0.17503906249999995 0.29009722222222223
14 0.5028984375000001 0.47179861111111115 0.056375000000000064 0.13187500000000008
19 0.76538671875 0.39674999999999994 0.19749218749999997 0.3495555555555556
18 0.676109375 0.3409375 0.13523437499999993 0.18076388888888886
19 0.56174609375 0.4032222222222222 0.04302343749999995 0.044833333333333295
19 0.41634374999999996 0.33087500000000003 0.11271874999999998 0.2309722222222222
19 0.32204296875 0.5844791666666667 0.016335937499999974 0.047208333333333345
3 0.4771601562500001 0.3088402777777778 0.1409296874999999 0.2287916666666667
19 0.24783203125000003 0.24619444444444444 0.08777343750000002 0.23538888888888893
19 0.307265625 0.10895833333333334 0.10281250000000001 0.21791666666666668
12 0.5507421875 0.18524305555555556 0.07789062500000003 0.14631944444444445
12 0.7243984375 0.17422222222222222 0.18051562499999996 0.26933333333333326
19 0.4450234375 0.15008333333333335 0.08901562500000004 0.15511111111111112
19 0.20827343750000002 0.06216666666666666 0.09271875000000003 0.12433333333333332
19 0.746046875 0.02479861111111111 0.07540624999999998 0.04959722222222222
10 0.6959765625000001 0.017625000000000002 0.03956250000000008 0.03319444444444444
7 0.46046875 0.07806944444444444 0.12485937499999995 0.14966666666666667
19 0.36960546875 0.03249305555555555 0.07911718750000003 0.0649861111111111
19 0.35667578125 0.1010763888888889 0.0934609375 0.05273611111111111