2 0.175 0.9708333333333333 0.09140625 0.058333333333333334
18 0.28707812499999996 0.9624652777777778 0.076265625 0.07506944444444438
3 0.270109375 0.7787013888888888 0.08426562500000001 0.11984722222222217
19 0.42983203125 0.8647916666666666 0.21517968750000005 0.24375
2 0.25096484374999994 0.9223125000000001 0.05442968749999997 0.15537499999999985
18 0.57315625 0.8171458333333333 0.1477499999999999 0.2698749999999999
19 0.2081640625 0.893861111111111 0.073046875 0.09633333333333319
19 0.28895312500000003 0.789138888888889 0.13365625000000003 0.22244444444444447
19 0.65786328125 0.7852430555555555 0.051742187500000016 0.06790277777777792
10 0.58120703125 0.600111111111111 0.09124218749999997 0.28124999999999994
17 0.39111328125 0.6849305555555555 0.058085937499999976 0.09930555555555555
19 0.29853515625 0.6904513888888889 0.11499218750000004 0.23409722222222215
19 0.32280859375 0.19504166666666667 0.08089843749999996 0.08708333333333332
2 0.7153515625000001 0.6821458333333333 0.20117187500000008 0.28265277777777775
14 0.8147500000000001 0.7116388888888889 0.05784374999999997 0.12172222222222229
19 0.47342968750000003 0.6200694444444446 0.07143750000000004 0.1337777777777777
19 0.417578125 0.5714583333333334 0.05500000000000003 0.09125000000000007
19 0.5303476562499999 0.6313055555555556 0.03541406249999994 0.09925000000000005
19 0.698453125 0.7262777777777779 0.16871875000000003 0.20466666666666677
11 0.7996328125000001 0.3802083333333333 0.06651562500000008 0.3109722222222222
10 0.70742578125 0.5253611111111111 0.15666406249999998 0.17338888888888893
19 0.26685546875 0.5050555555555556 0.06467968749999997 0.1544444444444445
19 0.53933984375 0.5220902777777777 0.06278906249999991 0.15495833333333325
19 0.58871875 0.37577083333333333 0.1094843749999999 0.1835138888888889
19 0.67173828125 0.3987291666666667 0.09133593750000006 0.09670833333333333
2 0.41813671875 0.4377083333333333 0.10122656249999995 0.16591666666666668
19 0.4855703125 0.3490138888888889 0.08745312500000005 0.1680277777777778
18 0.49675 0.45057638888888885 0.049125000000000085 0.0377083333333333
19 0.325703125 0.3907777777777778 0.12281250000000003 0.2859999999999999
19 0.59684375 0.20696527777777776 0.09271875000000004 0.15801388888888887
19 0.7039453125 0.2404166666666667 0.13039062500000007 0.23111111111111107
17 0.653640625 0.31840277777777776 0.06209375000000002 0.13930555555555554
12 0.4243359375 0.26014583333333335 0.042671874999999915 0.1925138888888889
12 0.3181640625 0.042222222222222223 0.05851562499999998 0.08444444444444445
14 0.3931640625 0.09479166666666666 0.03929687499999997 0.06791666666666668
16 0.21051953125000003 0.14997916666666664 0.05736718750000003 0.15704166666666663
19 0.4995078125000001 0.19117361111111109 0.1022343750000001 0.14818055555555557
17 0.781640625 0.18885416666666666 0.06078125000000005 0.140625
19 0.8159882812500001 0.15124305555555556 0.025820312500000143 0.106125
18 0.513625 0.0609375 0.11850000000000005 0.121875
2 0.6321328125 0.07953472222222223 0.08778124999999992 0.15906944444444446
19 0.67114453125 0.10487500000000001 0.056085937499999974 0.09102777777777776
14 0.37622656250000003 0.2079375 0.04937500000000004 0.16906944444444447
16 0.44193750000000004 0.052548611111111115 0.08900000000000001 0.10509722222222223
19 0.54485546875 0.3205347222222222 0.06935156249999999 0.22940277777777773
16 0.81066796875 0.058576388888888886 0.10491406249999997 0.11715277777777777