19 0.492984375 0.9735694444444445 0.01793750000000003 0.05286111111111103
19 0.6105078125 0.9808333333333332 0.04460937499999993 0.038333333333333205
19 0.691796875 0.9375 0.125 0.125
10 0.798578125 0.9607638888888889 0.04768750000000006 0.07847222222222222
18 0.38979296875 0.8740069444444446 0.0684609375 0.12587500000000015
16 0.28594140625 0.9065833333333333 0.0731328125 0.09361111111111124
19 0.546640625 0.7594652777777777 0.05350000000000001 0.06787499999999985
12 0.6266953125 0.8809236111111111 0.10590624999999995 0.19073611111111102
19 0.6661015625 0.8233611111111112 0.05687499999999997 0.10127777777777788
19 0.21484375 0.8587777777777779 0.03125 0.04605555555555567
19 0.46160156249999995 0.9080972222222221 0.02567187499999992 0.057694444444444395
19 0.25834375 0.7402361111111111 0.129125 0.1628055555555556
18 0.54813671875 0.5967083333333333 0.061820312500000085 0.16472222222222224
19 0.3183984375 0.5772986111111111 0.08023437500000004 0.08523611111111112
12 0.28028515625 0.4978819444444444 0.10900781249999998 0.16618055555555553
19 0.38831249999999995 0.45665972222222223 0.10893750000000005 0.15329166666666666
19 0.28578125 0.3585555555555555 0.13296875000000002 0.23599999999999993
19 0.36249609375 0.30086805555555557 0.11516406250000003 0.21062499999999998
18 0.5066601562499999 0.47695138888888894 0.050429687499999966 0.0666527777777778
19 0.5784804687499999 0.4135138888888889 0.12678906249999997 0.11091666666666669
19 0.4983671875 0.39895833333333336 0.05998437499999998 0.0936666666666667
18 0.5554296875 0.34705555555555556 0.07853124999999998 0.13272222222222219
11 0.7899140625 0.4053888888888889 0.1356406249999999 0.19536111111111107
11 0.3616328125 0.20174305555555555 0.13165624999999997 0.17876388888888894
19 0.44936328124999997 0.2911458333333333 0.17564843749999998 0.11687499999999997
19 0.44862890625 0.21961805555555555 0.04144531249999996 0.04420833333333331
19 0.672171875 0.31649305555555557 0.03049999999999997 0.057763888888888934
19 0.42341796875000004 0.0996388888888889 0.07583593749999995 0.14530555555555555
19 0.24041406250000003 0.10232638888888888 0.01931250000000002 0.03954166666666666
19 0.31560546875 0.030722222222222224 0.07958593750000001 0.06144444444444445
19 0.54791796875 0.08431944444444443 0.05849218749999992 0.11024999999999999
19 0.5452734374999999 0.03020138888888889 0.08367187499999992 0.06040277777777778
2 0.48763671875000003 0.03852083333333333 0.06319531250000007 0.07704166666666666
19 0.64050390625 0.04600694444444445 0.05363281250000007 0.0920138888888889
14 0.6757265625 0.18553472222222223 0.04632812499999996 0.057791666666666686
19 0.40810546875 0.007305555555555556 0.016664062499999986 0.014611111111111111
18 0.11199218749999999 0.13903472222222224 0.10217187500000002 0.2780694444444445