18 0.47380468750000004 0.9097430555555556 0.036453125000000065 0.11920833333333324
18 0.624546875 0.8530555555555556 0.07014062499999998 0.10125000000000013
10 0.700875 0.7301458333333333 0.09674999999999993 0.2588194444444444
14 0.50520703125 0.6595902777777778 0.08336718750000002 0.20634722222222213
12 0.606828125 0.6351180555555557 0.087109375 0.21770833333333342
12 0.7871523437500001 0.5864027777777777 0.14507031250000005 0.23808333333333329
3 0.5598671874999999 0.29510416666666667 0.1032343749999999 0.1521527777777778
6 0.240484375 0.20345833333333335 0.08278125 0.11219444444444443
14 0.43514453125 0.2109166666666667 0.09263281249999995 0.15433333333333335
2 0.34868750000000004 0.3107638888888889 0.09000000000000004 0.08000000000000003
19 0.3072265625 0.8243263888888889 0.23764062500000005 0.35115277777777776
10 0.563546875 0.1409166666666667 0.173625 0.27138888888888896
15 0.6569375 0.054520833333333324 0.08595312499999999 0.09859722222222224
18 0.23669140625 0.026493055555555554 0.05736718750000005 0.05298611111111111
5 0.20429296875 0.14277777777777778 0.04211718749999997 0.11180555555555557
10 0.71792578125 0.060375 0.059273437499999915 0.12075
19 0.42266796875 0.4667152777777777 0.03732031249999999 0.04470833333333341
19 0.83833203125 0.6472986111111111 0.036507812500000014 0.0579305555555556
16 0.46889062499999995 0.3202638888888889 0.06193749999999998 0.1016388888888889
0 0.6194726562499999 0.9594930555555556 0.03777343749999993 0.0689861111111112
0 0.50577734375 0.9846527777777777 0.10188281250000006 0.03069444444444432
19 0.11971875000000001 0.2946736111111111 0.123734375 0.5893472222222222