19 0.368359375 0.9361111111111111 0.21796875 0.12777777777777777
19 0.36445703125 0.757625 0.12405468749999997 0.48474999999999996
17 0.592578125 0.9361111111111111 0.06875 0.12777777777777777
8 0.80522265625 0.9041388888888889 0.11383593750000003 0.18205555555555544
8 0.6924375 0.7499652777777777 0.18670312500000003 0.3667083333333333
19 0.557421875 0.7735972222222223 0.09859375000000004 0.17855555555555547
19 0.43506640625 0.8283402777777777 0.03811718749999997 0.08470833333333334
19 0.22358984375 0.867486111111111 0.060476562499999977 0.09599999999999985
19 0.20623437500000003 0.7414583333333333 0.23932812499999995 0.29480555555555554
17 0.197671875 0.6558125 0.054265625000000005 0.05412500000000004
5 0.2594375 0.6497291666666667 0.048968749999999964 0.06940277777777781
19 0.57260546875 0.5789652777777777 0.13910156249999997 0.2259305555555555
19 0.45249999999999996 0.5621944444444444 0.10320312499999992 0.14791666666666667
19 0.17575 0.3529375 0.07839062500000002 0.17259722222222224
19 0.25846874999999997 0.3323402777777778 0.13132812500000002 0.3038472222222222
19 0.485171875 0.3627430555555556 0.18531250000000005 0.305875
19 0.38976171875 0.4754583333333333 0.02757031249999997 0.060777777777777764
17 0.56126171875 0.4039305555555555 0.04633593749999996 0.11766666666666671
15 0.36272265625 0.3254791666666667 0.05738281250000003 0.19212500000000005
12 0.45335156249999997 0.7050347222222222 0.13817187500000006 0.1750694444444444
12 0.20561328125 0.21464583333333337 0.05607031249999998 0.09987499999999998
15 0.6132734375 0.25858333333333333 0.11814062500000003 0.1835555555555555
19 0.5228359374999999 0.17354861111111114 0.08973437499999992 0.16651388888888888
19 0.44733593749999995 0.10800694444444445 0.061765624999999956 0.19412500000000002
14 0.6916367187500001 0.05113888888888888 0.10699218750000003 0.1
8 0.48201953125 0.09231944444444444 0.06077343749999997 0.12744444444444444
5 0.32049609375 0.03194444444444444 0.08161718750000002 0.06388888888888888