12 0.6789140625 0.975298611111111 0.06953125 0.04940277777777769
19 0.40433593749999996 0.9359513888888888 0.04085937499999996 0.12809722222222225
19 0.257078125 0.9378819444444444 0.09612499999999997 0.12423611111111117
19 0.411328125 0.9180555555555555 0.11484375 0.1638888888888889
13 0.6527578125 0.8654583333333333 0.18457812499999998 0.2504722222222221
19 0.27316406249999997 0.8620763888888889 0.06104687499999999 0.1037916666666667
19 0.33626953125 0.7445694444444445 0.15278906249999996 0.24750000000000005
14 0.46794921875 0.7302777777777777 0.15539843750000001 0.3072222222222223
12 0.20943359374999998 0.8073541666666668 0.08919531249999998 0.17137500000000014
12 0.37086718750000003 0.6131180555555555 0.07134374999999996 0.12990277777777773
8 0.201015625 0.5678472222222223 0.15546875 0.32250000000000006
19 0.56952734375 0.6369791666666667 0.1390546875 0.1909305555555556
19 0.7821796875 0.5817152777777778 0.12096874999999993 0.17898611111111112
14 0.2903515625 0.5341111111111111 0.0944375 0.18483333333333338
19 0.8477382812500001 0.3762986111111111 0.1315546874999999 0.21656944444444443
19 0.767359375 0.4222222222222222 0.03914062499999993 0.05147222222222215
19 0.515453125 0.4565972222222222 0.1295 0.16647222222222224
19 0.4851015625 0.29918750000000005 0.12535937500000002 0.283375
12 0.35519531249999997 0.30791666666666667 0.13892187499999994 0.22388888888888883
19 0.40875000000000006 0.37354166666666666 0.060249999999999956 0.09569444444444442
17 0.6250195312500001 0.4395416666666667 0.07005468750000006 0.13030555555555548
7 0.72769140625 0.3405694444444444 0.05941406249999996 0.2165555555555555
19 0.5417109375 0.18203472222222222 0.08032812499999994 0.15620833333333334
19 0.7194882812500001 0.11938194444444444 0.02885156250000005 0.07143055555555557
19 0.4634765625 0.13861805555555556 0.04635937499999994 0.06959722222222224
19 0.40991015624999994 0.07113888888888889 0.1349609375 0.14227777777777778
19 0.55516796875 0.061062500000000006 0.1576171875 0.12212500000000001
19 0.69682421875 0.009784722222222222 0.032960937500000044 0.019569444444444445
19 0.25520703125 0.06418750000000001 0.01241406249999999 0.022069444444444444
19 0.5245703125000001 0.017548611111111112 0.04215625000000003 0.035097222222222224