19 0.4765625 0.9645833333333333 0.11015625 0.07083333333333333
19 0.37820312500000003 0.9843333333333334 0.043906250000000036 0.031333333333333255
19 0.35517578125 0.9374722222222223 0.052804687500000023 0.1250555555555555
19 0.31875390625 0.9285277777777777 0.08942968750000002 0.13066666666666657
19 0.5174921875 0.8890694444444445 0.09610937499999998 0.22186111111111112
19 0.21796875 0.9138888888888889 0.11015625 0.17222222222222222
19 0.44256640624999993 0.8496666666666667 0.05322656250000009 0.0808888888888889
19 0.27723437500000003 0.7310833333333333 0.14421875 0.31875
19 0.6084296875 0.8270833333333333 0.09581250000000008 0.1780000000000001
19 0.695484375 0.8290833333333334 0.06387499999999999 0.19961111111111116
19 0.55640625 0.6888402777777778 0.10514062499999995 0.1944583333333334
19 0.4466875 0.7421041666666668 0.075203125 0.15387499999999996
17 0.20767578125 0.7896944444444445 0.07727343749999997 0.1061944444444445
17 0.38796093750000005 0.7657569444444445 0.06078125000000001 0.17987499999999998
17 0.82528515625 0.7704930555555556 0.08858593749999999 0.14837499999999998
2 0.61514453125 0.5369930555555555 0.33794531249999993 0.28931944444444435
19 0.41837109375 0.5562291666666667 0.09886718749999997 0.1372916666666667
19 0.1778125 0.6047222222222222 0.06287500000000001 0.09522222222222215
19 0.33830078124999996 0.7367708333333334 0.02217968749999999 0.05851388888888896
19 0.24934765624999997 0.5300069444444445 0.1144609375 0.15018055555555554
19 0.48789453125 0.5281736111111112 0.05150781250000005 0.09890277777777783
19 0.51931640625 0.46590277777777783 0.04017968750000005 0.0915833333333334
19 0.41990234375 0.4346944444444444 0.07416406250000004 0.11377777777777773
19 0.26587109375 0.35567361111111107 0.14936718749999997 0.18387499999999998
19 0.7696484375000001 0.3128958333333333 0.10201562500000003 0.2108472222222222
19 0.65839453125 0.2735902777777778 0.05872656250000006 0.12820833333333334
4 0.3462421875 0.20393750000000002 0.16998437500000002 0.40684722222222225
17 0.21643359375 0.4887916666666667 0.0525390625 0.08241666666666671
17 0.47810546875000004 0.09777777777777778 0.08344531249999995 0.13919444444444445
17 0.5161757812500001 0.038152777777777785 0.07942968750000005 0.07527777777777778
19 0.5151953125 0.18385416666666668 0.027812499999999928 0.05129166666666667
14 0.6511875 0.12432638888888889 0.06078124999999997 0.10440277777777776
19 0.24140234375 0.044798611111111115 0.0469765625 0.08959722222222223
12 0.42931640625 0.05224305555555555 0.08900781250000005 0.09670833333333333
19 0.5343984375 0.04455555555555556 0.03956250000000008 0.07252777777777777