19 0.28359375 0.9631944444444445 0.06328125 0.07361111111111111
19 0.312578125 0.85425 0.11203124999999999 0.2915000000000001
19 0.73046484375 0.9812847222222222 0.05314843749999998 0.03743055555555562
10 0.45142578125000005 0.9316319444444444 0.1320390625 0.13673611111111117
19 0.26549609375000005 0.8856875000000001 0.05932031250000005 0.11868055555555562
17 0.4590859375 0.8536041666666667 0.09939062500000002 0.10020833333333345
17 0.7628281250000001 0.8848333333333334 0.07737500000000005 0.14325000000000013
19 0.6346328124999999 0.8518472222222223 0.045984374999999925 0.09758333333333333
19 0.478140625 0.7255138888888889 0.09195312500000004 0.16041666666666668
19 0.6413515624999999 0.7266041666666666 0.14242187499999998 0.15209722222222222
17 0.32569140625 0.7162847222222223 0.0743203125 0.1213194444444444
2 0.62670703125 0.5685902777777778 0.3128828125 0.34990277777777784
19 0.39621093749999997 0.5414444444444445 0.1078125 0.24772222222222223
19 0.2859921875 0.5913125 0.10674999999999998 0.09256944444444441
19 0.43698046875 0.4944305555555556 0.09519531249999998 0.1824166666666667
14 0.24220703124999998 0.4939444444444444 0.13611718750000001 0.20977777777777773
19 0.46967968750000005 0.4478055555555555 0.1064375 0.1877777777777778
19 0.61432421875 0.41747916666666673 0.11880468749999995 0.08134722222222229
19 0.22613671875 0.3416875 0.08419531249999998 0.13626388888888888
19 0.20944921875000003 0.2016111111111111 0.06811718750000002 0.10872222222222225
19 0.40723828125 0.20652083333333332 0.06067968750000001 0.24834722222222222
19 0.5469492187499999 0.3219097222222222 0.20905468749999995 0.16704166666666664
8 0.7089609374999999 0.35266666666666663 0.13228124999999996 0.19783333333333333
18 0.7997773437500001 0.2192083333333333 0.12872656250000009 0.25380555555555556
19 0.49075390625 0.24668055555555554 0.09888281249999994 0.11530555555555554
15 0.55875390625 0.1372986111111111 0.16813281250000003 0.22418055555555558
18 0.6737265625 0.09443750000000001 0.20768749999999994 0.18681944444444443
19 0.69103125 0.2109166666666667 0.11126562500000006 0.0901111111111111
8 0.5580742187500001 0.015902777777777776 0.13488281250000006 0.03180555555555555
19 0.2434453125 0.02630555555555555 0.044625000000000005 0.05055555555555556
19 0.35637890624999996 0.08709722222222221 0.07269531249999997 0.10022222222222221