9 0.793921875 0.9707638888888888 0.06528124999999996 0.0584722222222221
17 0.367578125 0.9611111111111111 0.075 0.07777777777777778
19 0.6484375 0.9791666666666666 0.06796875 0.041666666666666664
19 0.70392578125 0.9724999999999999 0.04777343750000007 0.054999999999999875
19 0.51534375 0.8949305555555556 0.050406249999999986 0.21013888888888882
19 0.48186328125 0.9427916666666666 0.03303906249999997 0.09944444444444432
19 0.3959765625 0.9336111111111112 0.06726562499999997 0.1120833333333334
19 0.32173828125 0.7966666666666667 0.025898437499999982 0.049361111111111064
19 0.37668749999999995 0.7710555555555555 0.06379687500000002 0.11138888888888895
19 0.650015625 0.8831041666666666 0.07449999999999993 0.09112499999999986
10 0.6778671875000001 0.8277361111111111 0.14328125000000008 0.2744999999999999
10 0.7364296875 0.7827083333333332 0.12703124999999993 0.26702777777777775
19 0.5293554687500001 0.7230694444444444 0.08197656250000004 0.09702777777777771
10 0.6630273437499999 0.6041736111111111 0.13263281249999997 0.27390277777777783
19 0.29716796875 0.6437291666666667 0.07583593749999995 0.07729166666666663
17 0.4579062499999999 0.5869583333333334 0.06571874999999991 0.16166666666666663
19 0.3857734375 0.581201388888889 0.15921874999999996 0.282625
18 0.5303125000000001 0.5579861111111111 0.13117187500000008 0.30508333333333326
19 0.40826562499999997 0.3594930555555556 0.10049999999999995 0.20704166666666662
11 0.63452734375 0.4861736111111111 0.1262578125000001 0.2497916666666667
19 0.844140625 0.7859375 0.10570312500000005 0.14906944444444434
19 0.8533671875 0.6485763888888889 0.032859374999999955 0.053930555555555613
19 0.2773828125 0.328125 0.06875 0.11333333333333337
19 0.3368671875 0.29857638888888893 0.07232812500000003 0.19604166666666664
10 0.5160546874999999 0.34591666666666665 0.11435937500000008 0.1365833333333334
19 0.534921875 0.20225694444444445 0.22296875000000008 0.2750694444444445
19 0.22668359374999997 0.45634722222222224 0.08250781250000001 0.12322222222222226
16 0.36561328125000003 0.19806944444444446 0.07158593749999995 0.1186388888888889
19 0.30250000000000005 0.08881944444444445 0.08375000000000003 0.17319444444444446
19 0.25694140625 0.10591666666666666 0.06810156249999996 0.09155555555555558
19 0.49787890625 0.02667361111111111 0.06330468749999998 0.05334722222222222