16 0.6496562499999999 0.8409444444444445 0.06570312499999993 0.11000000000000007
7 0.59013671875 0.9683263888888888 0.05563281250000003 0.06334722222222208
17 0.6313359375 0.9906180555555556 0.045140624999999976 0.018763888888888875
19 0.24919140625000002 0.9240208333333333 0.07800781250000002 0.14856944444444448
19 0.5341171875 0.9497638888888887 0.1241093750000001 0.1004722222222221
19 0.4115078125 0.9573125 0.09115625000000005 0.08537500000000003
19 0.6756249999999999 0.9562291666666667 0.07193749999999995 0.08754166666666663
14 0.4601484375 0.8682430555555556 0.158140625 0.18345833333333322
18 0.56446875 0.7837569444444443 0.08481249999999996 0.08723611111111104
18 0.3631953125 0.7439513888888889 0.06915624999999999 0.117375
3 0.462203125 0.9835208333333333 0.024812499999999994 0.03295833333333336
12 0.18240625000000002 0.6172847222222222 0.10468750000000002 0.18573611111111113
19 0.4031015625 0.6511250000000001 0.090046875 0.21636111111111114
17 0.5875585937500001 0.5552986111111111 0.06166406250000005 0.17531944444444447
19 0.54214453125 0.6326666666666667 0.029929687499999958 0.06522222222222228
18 0.46840234375000006 0.5978402777777778 0.01944531250000008 0.031236111111111124
19 0.5174765625 0.5464583333333333 0.07262500000000002 0.10799999999999998
19 0.43534765625 0.32228472222222226 0.09225781249999998 0.2892916666666666
18 0.31941406250000004 0.4631527777777778 0.028671875000000034 0.07355555555555561
18 0.53476953125 0.43743055555555554 0.06163281250000008 0.09305555555555556
19 0.478421875 0.39481944444444445 0.07768750000000005 0.20230555555555552
18 0.680765625 0.42180555555555554 0.14231250000000006 0.20277777777777778
19 0.7986523437499999 0.4139305555555555 0.11988281250000003 0.2625833333333333
2 0.6517578125 0.22384027777777782 0.25554687499999995 0.3365694444444445
11 0.34471484375 0.11326388888888889 0.07211718749999996 0.22652777777777777
19 0.44399609375000004 0.0940625 0.0810546875 0.18612499999999998
19 0.383625 0.060541666666666674 0.05656250000000003 0.12108333333333335
16 0.50520703125 0.17586805555555557 0.06500781250000003 0.190625
19 0.58626171875 0.035020833333333334 0.22542968749999998 0.07004166666666667