19 0.704953125 0.9438888888888889 0.12665624999999991 0.11222222222222215
3 0.49778125000000006 0.9098472222222221 0.15868749999999993 0.18030555555555547
14 0.3682890625 0.8778194444444444 0.11421875000000004 0.23958333333333334
8 0.60840625 0.8858888888888887 0.07125000000000004 0.22822222222222213
14 0.22302734374999997 0.9375416666666666 0.017710937499999968 0.04750000000000006
3 0.2711796875 0.8065486111111112 0.06996874999999995 0.1149583333333333
3 0.43755468750000004 0.8256319444444443 0.08801562500000001 0.1795694444444444
5 0.8099257812499999 0.8269305555555555 0.10139843749999997 0.18052777777777781
17 0.71370703125 0.7593958333333333 0.10172656250000003 0.13143055555555547
17 0.51473046875 0.7339722222222222 0.08913281249999994 0.10961111111111113
3 0.5118750000000001 0.8216527777777778 0.02631250000000005 0.06047222222222217
19 0.41538671875000005 0.6262638888888888 0.13255468750000002 0.31969444444444456
2 0.647734375 0.6135694444444444 0.2321406249999999 0.33388888888888896
14 0.797984375 0.41402777777777783 0.06623437499999998 0.13411111111111107
19 0.42088281250000004 0.5091597222222222 0.08626562500000001 0.09448611111111108
18 0.48766406250000005 0.38264583333333335 0.15328125000000004 0.24331944444444448
19 0.5342617187500001 0.43727777777777777 0.07086718750000003 0.09311111111111106
13 0.17079687500000001 0.42238194444444443 0.07625000000000001 0.15026388888888892
4 0.6521679687499999 0.3832361111111111 0.05003906249999997 0.08569444444444446
14 0.5619492187499999 0.9331875 0.026960937499999994 0.07665277777777785
8 0.74799609375 0.25745833333333334 0.062382812499999926 0.13152777777777777
17 0.3598046875 0.3533472222222222 0.05006250000000003 0.09311111111111114
19 0.62707421875 0.2184583333333333 0.1917890625 0.2589166666666667
19 0.36519921875 0.24102083333333332 0.042367187500000014 0.11234722222222221
19 0.39061328125 0.17875694444444443 0.09627343750000002 0.25331944444444443
12 0.45801171875 0.2033541666666667 0.040054687499999984 0.10273611111111113
18 0.51540234375 0.25269444444444444 0.09471093750000001 0.2834444444444445
18 0.63682421875 0.022354166666666665 0.034195312499999984 0.04470833333333333
19 0.46999218749999994 0.07657638888888889 0.08503124999999993 0.15315277777777778
19 0.39096875000000003 0.024819444444444446 0.06562500000000004 0.04963888888888889
18 0.39420703125 0.03796527777777778 0.07578906250000003 0.07593055555555556