19 0.48678124999999994 0.9818055555555555 0.03715624999999996 0.03638888888888895
15 0.22720703125 0.9834722222222223 0.0642265625 0.03305555555555549
0 0.6248671875 0.9809027777777778 0.06365625000000001 0.03819444444444445
0 0.32472265625 0.8842569444444444 0.05974218750000002 0.09968055555555554
19 0.3488984375 0.9783333333333333 0.073921875 0.0433333333333334
10 0.7733554687499999 0.8867291666666666 0.14594531249999995 0.22068055555555538
18 0.36983593750000004 0.9654166666666667 0.02350000000000003 0.03430555555555562
14 0.6530703125 0.7993611111111111 0.09796875000000008 0.1501666666666665
18 0.50586328125 0.738986111111111 0.05183593749999993 0.11961111111111104
3 0.44978515625000004 0.8477986111111111 0.13113281249999997 0.2758750000000001
19 0.55950390625 0.8265555555555556 0.08713281249999998 0.10233333333333341
19 0.43637890625000003 0.6356319444444445 0.09044531249999999 0.1287916666666667
15 0.7496796875 0.600111111111111 0.06768750000000008 0.1573333333333333
19 0.2482890625 0.655875 0.10007812500000002 0.34713888888888894
4 0.3762578125 0.6179513888888889 0.06509374999999995 0.14768055555555562
4 0.6502578125 0.5641319444444444 0.07807812500000004 0.11187499999999993
18 0.47210546875 0.48790972222222223 0.08225781249999997 0.1862638888888889
18 0.2473359375 0.5022847222222223 0.05423437499999997 0.11437500000000003
2 0.3495859375 0.599013888888889 0.16920312499999998 0.23855555555555563
19 0.65254296875 0.47091666666666665 0.050429687499999966 0.09758333333333333
4 0.5582890624999999 0.35565277777777776 0.048531249999999915 0.08627777777777779
17 0.5135898437499999 0.24283333333333335 0.10250781250000003 0.12377777777777778
8 0.42703125000000003 0.126875 0.11031250000000004 0.25375
18 0.17375 0.1835 0.023265624999999977 0.07255555555555557
14 0.3453125 0.09518055555555556 0.09926562499999995 0.19036111111111112
2 0.55923046875 0.10302083333333333 0.12805468750000007 0.20604166666666665
12 0.8201289062499999 0.0785138888888889 0.06286718749999994 0.1570277777777778
19 0.372078125 0.26535416666666667 0.05334374999999998 0.09540277777777778
2 0.23717968749999999 0.9117222222222223 0.11648437500000001 0.1765555555555554
19 0.12076171875 0.2946736111111111 0.1258203125 0.5893472222222222