19 0.61251171875 0.921875 0.12013281249999999 0.15625
10 0.81750390625 0.9277847222222222 0.08086718750000008 0.14443055555555556
2 0.29128906250000003 0.9591319444444444 0.09148437500000002 0.08173611111111098
16 0.41052343750000003 0.8782569444444445 0.14012500000000006 0.21845833333333328
17 0.5267578125 0.8756041666666666 0.07682812499999994 0.18968055555555546
19 0.48591796875000004 0.8842916666666666 0.052773437499999964 0.22852777777777772
17 0.29843359375 0.8647638888888889 0.08527343749999998 0.14119444444444457
7 0.32875 0.6762222222222222 0.19999999999999996 0.29661111111111105
19 0.45930859375000005 0.645048611111111 0.09702343750000005 0.12526388888888895
19 0.60201171875 0.6655138888888888 0.05646093749999999 0.08063888888888882
0 0.58366796875 0.5793611111111111 0.0455078125 0.07075000000000008
12 0.64559375 0.4572222222222222 0.12914062499999995 0.23541666666666666
19 0.7671523437500001 0.4525902777777777 0.08197656250000004 0.16326388888888882
19 0.46180859375 0.5182291666666666 0.08021093750000005 0.17415277777777777
19 0.524921875 0.4912222222222222 0.07945312500000004 0.1260833333333333
19 0.537359375 0.348875 0.07934374999999996 0.1573888888888889
0 0.3219453125 0.3203472222222222 0.08940625000000005 0.1663888888888889
19 0.4104765625 0.25106249999999997 0.04728124999999998 0.09456944444444448
10 0.54985546875 0.06584027777777778 0.11502343750000002 0.1299861111111111
17 0.6766875 0.2371388888888889 0.08560937499999995 0.11041666666666666
16 0.6690039062500001 0.09361111111111112 0.12866406250000004 0.16811111111111113
19 0.62060546875 0.3255138888888889 0.10550781249999996 0.12458333333333335
19 0.41845703125 0.14788194444444444 0.09324218749999998 0.08465277777777776
19 0.55169140625 0.1974513888888889 0.11041406249999994 0.1332361111111111
14 0.47114453124999994 0.04791666666666667 0.07697656249999998 0.09366666666666666