2 0.6093046875 0.9545486111111111 0.15139062499999997 0.09090277777777785
2 0.483890625 0.9170486111111111 0.09809374999999995 0.1624305555555556
19 0.30546875 0.93125 0.08046875 0.1375
19 0.42598046875 0.9185277777777776 0.13678906249999997 0.16294444444444436
19 0.5536328125 0.7694652777777777 0.117578125 0.2278194444444444
19 0.6749687499999999 0.778875 0.10279687499999994 0.07877777777777782
19 0.7885312499999999 0.8622916666666667 0.13949999999999996 0.23402777777777778
10 0.30656640625 0.7124583333333334 0.12375781249999998 0.24991666666666673
19 0.6499453125 0.6312430555555556 0.20667187499999998 0.30526388888888883
18 0.3933359375 0.5950347222222222 0.09770312499999996 0.18993055555555555
8 0.5063085937499999 0.5231111111111112 0.14730468749999998 0.1584444444444445
19 0.2698828125 0.4936597222222222 0.12976562500000002 0.1645416666666667
10 0.5562109375000001 0.3006319444444444 0.08414062500000004 0.26876388888888886
10 0.41946875000000006 0.32545138888888886 0.08965624999999999 0.14020833333333335
8 0.30329296875 0.19089583333333332 0.061429687499999996 0.10206944444444446
8 0.36428515625 0.2513402777777778 0.12880468750000001 0.1937916666666667
2 0.4702578125 0.28118055555555554 0.09948437499999993 0.14097222222222222
17 0.224421875 0.1463888888888889 0.08962500000000002 0.12805555555555553
18 0.4240234375 0.022361111111111113 0.07632812500000004 0.044722222222222226
18 0.577265625 0.03951388888888889 0.053749999999999964 0.07902777777777778
18 0.11199218749999999 0.13903472222222224 0.10217187500000002 0.2780694444444445