18 0.66358203125 0.9260486111111111 0.050789062499999996 0.14401388888888897
18 0.6938046874999999 0.798625 0.06414062499999992 0.11747222222222212
3 0.6245625 0.8184027777777778 0.1599375 0.3379166666666666
3 0.32496093750000005 0.9516666666666668 0.17835937499999996 0.0933333333333334
18 0.51015625 0.9409722222222222 0.07109375 0.11805555555555555
2 0.7631875 0.8900624999999999 0.13846875 0.21540277777777767
2 0.43519531250000004 0.9435138888888888 0.04446875000000006 0.11091666666666652
13 0.541578125 0.5896111111111111 0.38043750000000004 0.6492222222222223
12 0.2615546875 0.8296111111111112 0.07167187500000001 0.12738888888888894
2 0.70604296875 0.6618263888888889 0.06047656250000007 0.11673611111111105
18 0.26768359375 0.49069444444444443 0.08689843750000001 0.35613888888888884
3 0.29698046875 0.5887361111111111 0.1527265625 0.3680555555555556
8 0.21737109375000002 0.49036111111111114 0.04191406249999998 0.08627777777777779
8 0.31312109375 0.4879791666666667 0.05738281250000003 0.16073611111111114
18 0.82466015625 0.43966666666666665 0.03369531250000009 0.06522222222222228
3 0.36298046875 0.4415416666666667 0.08471093750000006 0.15294444444444444
14 0.6878398437500001 0.2591736111111111 0.06497656250000006 0.0847361111111111
0 0.6295390625 0.05370833333333334 0.03706250000000004 0.10741666666666667
0 0.5190234375 0.060361111111111115 0.11779687499999998 0.11763888888888889
19 0.11711328125 0.2946736111111111 0.11852343749999998 0.5893472222222222
19 0.2655703125 0.21035416666666668 0.024796875000000006 0.04095833333333335
19 0.6515039062500001 0.3053888888888889 0.02667968750000007 0.05425000000000001
19 0.6999609375 0.41084027777777776 0.03492187500000003 0.07362499999999998
4 0.3193671875 0.8144027777777778 0.06907812499999996 0.2090833333333333