10 0.4196640625 0.8218611111111112 0.13499999999999995 0.20213888888888884
18 0.66725 0.6433333333333333 0.11814062500000003 0.1529166666666667
19 0.5795312499999999 0.6627777777777778 0.03734374999999997 0.053611111111111144
10 0.8432421874999999 0.46370833333333333 0.062890625 0.2646388888888888
7 0.706953125 0.3127152777777778 0.24390625000000005 0.3712638888888889
12 0.4134062500000001 0.18958333333333333 0.20584375000000002 0.3452777777777778
16 0.21508984375 0.12148611111111111 0.0968828125 0.13836111111111113
19 0.497703125 0.07650694444444446 0.08004687500000003 0.15043055555555557
19 0.6164375000000001 0.09805555555555555 0.09370312500000004 0.1496388888888889
16 0.39010937500000004 0.5644652777777778 0.11937499999999997 0.2171527777777778
12 0.5611718750000001 0.5546388888888889 0.06481250000000002 0.09925000000000005
19 0.12076171875 0.2946736111111111 0.1258203125 0.5893472222222222