14 0.21339843749999998 0.9634722222222222 0.08460937499999999 0.07305555555555543
17 0.5098164062499999 0.9786458333333333 0.04338281249999998 0.042708333333333334
17 0.52490234375 0.8204305555555556 0.1095703125 0.12886111111111107
19 0.4109375 0.9631944444444445 0.11875 0.07361111111111111
12 0.72675 0.9744444444444444 0.09321874999999995 0.051111111111111045
16 0.5717265625 0.6532083333333334 0.14014062500000007 0.19808333333333333
18 0.47009765625 0.9176319444444444 0.11969531250000003 0.12581944444444432
18 0.8025781249999999 0.8899583333333333 0.09626562499999994 0.22008333333333338
10 0.7921484375 0.5433749999999999 0.13968749999999996 0.3425833333333333
14 0.38777734375 0.7661805555555555 0.04697656250000004 0.12502777777777777
16 0.20690234375000002 0.8208472222222222 0.0708984375 0.18802777777777793
8 0.7376367187499999 0.7392083333333334 0.11902343749999993 0.1555833333333333
18 0.7773749999999999 0.6626319444444445 0.11518749999999996 0.19245833333333323
19 0.46757031250000003 0.7212708333333333 0.03610937500000002 0.06087499999999998
18 0.2653203125 0.5802638888888889 0.079296875 0.2111111111111111
14 0.4725546875 0.6101388888888889 0.076171875 0.1756666666666667
17 0.6605 0.46895138888888893 0.05418749999999992 0.09734722222222227
17 0.5773320312499999 0.945048611111111 0.07996093749999993 0.10990277777777793
3 0.65487890625 0.9270138888888888 0.08308593749999993 0.1459722222222221
19 0.56231640625 0.43674305555555554 0.1830234375 0.34515277777777775
3 0.20713281249999999 0.532513888888889 0.06606249999999998 0.20638888888888893
17 0.4070078125 0.45089583333333333 0.04042187500000001 0.14709722222222218
18 0.44959375 0.40875 0.061812499999999916 0.22988888888888886
17 0.26836328125 0.32955555555555555 0.07680468749999995 0.21486111111111109
7 0.35170703124999997 0.3141805555555555 0.07407031249999996 0.1960555555555555
18 0.19110546874999998 0.3910625 0.03238281249999999 0.06776388888888883
19 0.24489453125 0.3250486111111111 0.06583593749999998 0.11259722222222221
19 0.34369140625 0.24863194444444442 0.11144531249999998 0.35309722222222223
17 0.47455078125000005 0.2413125 0.062460937500000036 0.10956944444444443
17 0.63201953125 0.18255555555555555 0.041367187500000034 0.17600000000000002
14 0.7797734374999999 0.30659722222222224 0.04643749999999995 0.07805555555555554
16 0.7021093749999999 0.18106944444444445 0.07346874999999997 0.1970277777777778
0 0.50368359375 0.1335625 0.1072265625 0.267125
17 0.7772421875000001 0.030743055555555558 0.06332812500000004 0.061486111111111116
2 0.2786796875 0.057013888888888885 0.048968749999999964 0.11402777777777777
19 0.23688281249999998 0.04125 0.066703125 0.0825
16 0.42638671875 0.0295625 0.04338281249999998 0.059125
19 0.45658203124999996 0.13 0.03341406249999999 0.07922222222222221