8 0.57441015625 0.9765902777777777 0.07805468750000007 0.0468194444444445
17 0.33527734374999996 0.7329097222222222 0.07647656249999998 0.12723611111111105
17 0.44631250000000006 0.7704166666666667 0.08996875000000007 0.13999999999999993
2 0.715703125 0.7418194444444445 0.16328125 0.25586111111111115
17 0.6611484375000001 0.4395208333333333 0.05754687500000007 0.12540277777777772
12 0.5416328125000001 0.46474305555555556 0.09954687500000006 0.22134722222222222
18 0.51923046875 0.6468125 0.09841406250000002 0.18723611111111105
19 0.303828125 0.619638888888889 0.05 0.07372222222222227
18 0.5445625 0.7451180555555555 0.03025000000000002 0.07615277777777775
19 0.43078125 0.3934722222222222 0.0953125 0.11055555555555559
17 0.36280078125 0.2230277777777778 0.08205468749999997 0.14116666666666663
13 0.36540234374999997 0.9263888888888889 0.13450781249999996 0.14722222222222223
13 0.20146484375 0.8723055555555557 0.03785156250000001 0.06372222222222237
12 0.42169140625 0.5340625 0.10838281250000001 0.16715277777777782
3 0.338984375 0.6757291666666666 0.12218750000000003 0.09937499999999994
18 0.2867734375 0.9309930555555557 0.035734375000000006 0.048847222222222327
19 0.6209609375 0.32079166666666664 0.07885937500000004 0.19452777777777777
8 0.71510546875 0.3155069444444445 0.10603906250000002 0.3284305555555556
3 0.46204296875000006 0.3082986111111111 0.09544531250000006 0.10576388888888885
12 0.44649218749999997 0.1988958333333333 0.06826562500000008 0.11640277777777779
19 0.6250078125 0.13933333333333334 0.12985937500000003 0.18133333333333335
2 0.36241796875 0.1076388888888889 0.08492968749999999 0.12402777777777779
19 0.48344531249999995 0.042173611111111106 0.10673437499999991 0.08120833333333333
18 0.5474218750000001 0.1083611111111111 0.034375 0.05161111111111111
8 0.623640625 0.06777083333333334 0.09353125000000002 0.10220833333333333
10 0.7158984375 0.023958333333333335 0.031593750000000045 0.04791666666666667
19 0.8408515624999999 0.5237638888888889 0.030640624999999845 0.05802777777777774
19 0.53548046875 0.3122222222222222 0.02544531249999995 0.061666666666666634
19 0.297046875 0.27369444444444446 0.01690624999999999 0.03711111111111115
19 0.36534765625 0.40683333333333327 0.06489843749999995 0.10911111111111108
19 0.43709375 0.41007638888888887 0.11546874999999997 0.08429166666666674
18 0.11199218749999999 0.13903472222222224 0.10217187500000002 0.2780694444444445