19 0.56953125 0.9857638888888889 0.06437500000000007 0.02847222222222222
17 0.6384296875 0.9711805555555556 0.048140624999999916 0.05763888888888889
2 0.8074023437500001 0.9615972222222222 0.06488281250000005 0.07680555555555549
17 0.5923281250000001 0.9194722222222222 0.08706250000000004 0.11311111111111119
19 0.5730390625 0.8246805555555555 0.07462499999999998 0.09472222222222229
17 0.48189453125000004 0.775486111111111 0.08175781250000007 0.12791666666666654
12 0.23809375 0.7710347222222222 0.10943750000000003 0.22598611111111117
12 0.7881484375000001 0.7232708333333333 0.06535937500000007 0.17487500000000003
10 0.7064726562500001 0.7565416666666667 0.13544531249999991 0.10694444444444444
18 0.3160859375 0.7975486111111111 0.037687500000000006 0.07490277777777786
14 0.373046875 0.5983819444444445 0.05843749999999996 0.4060138888888888
19 0.16986328125 0.8307083333333334 0.07110156250000002 0.20966666666666672
19 0.6740546875 0.6162291666666667 0.16685937499999995 0.21440277777777778
16 0.5313125000000001 0.6408750000000001 0.09742187500000003 0.2156666666666667
17 0.215578125 0.6328402777777777 0.07781250000000002 0.06268055555555554
16 0.29653515625 0.6769236111111111 0.08347656250000002 0.1772083333333333
10 0.7614023437499999 0.5201944444444445 0.06180468749999992 0.27847222222222223
19 0.8308085937499999 0.45352777777777775 0.08410156250000007 0.16499999999999992
16 0.19656250000000003 0.4674027777777777 0.13984375000000002 0.2730555555555556
16 0.432640625 0.3535 0.07390624999999998 0.19736111111111115
16 0.514703125 0.3684236111111111 0.08512500000000003 0.15054166666666666
18 0.453515625 0.5976527777777778 0.018593749999999964 0.033861111111111106
17 0.681390625 0.49928472222222225 0.07300000000000004 0.11718055555555557
11 0.57021875 0.28131944444444446 0.13070312499999998 0.18138888888888893
17 0.7164531249999999 0.3500972222222222 0.06687499999999993 0.15130555555555553
19 0.6328085937500001 0.21680555555555558 0.1332890625000001 0.26361111111111113
10 0.83151953125 0.1986388888888889 0.08086718750000008 0.2952222222222222
2 0.30140625 0.280625 0.10562500000000004 0.25513888888888886
16 0.410640625 0.12185416666666667 0.14521874999999995 0.24370833333333333
17 0.52842578125 0.09483333333333334 0.07683593749999992 0.18966666666666668
19 0.50900390625 0.1799236111111111 0.06332031249999996 0.23265277777777776
17 0.30974609374999995 0.08004861111111111 0.08527343749999998 0.14120833333333332