2 0.27931640625 0.9770833333333333 0.0607421875 0.04583333333333333
19 0.3462421875 0.9898680555555555 0.028843749999999967 0.020263888888888776
19 0.43771484374999997 0.9683194444444444 0.0587890625 0.06336111111111097
19 0.6859843750000001 0.8385 0.10756250000000005 0.3229999999999999
3 0.58896484375 0.9254930555555556 0.1257578125 0.14901388888888883
19 0.1923828125 0.9486319444444444 0.022140625000000004 0.033736111111111064
19 0.4993125 0.9031388888888888 0.07512500000000007 0.13736111111111124
19 0.579625 0.7406180555555556 0.13925 0.2870972222222223
17 0.39591796875 0.9319027777777779 0.07369531250000003 0.13619444444444437
12 0.34482421875 0.8467430555555555 0.06867968749999998 0.11573611111111101
19 0.36753125 0.7011597222222222 0.18457812499999995 0.09462499999999999
19 0.383984375 0.5328402777777778 0.049687499999999975 0.12845833333333334
19 0.515140625 0.5086666666666667 0.23046875 0.4368888888888888
19 0.52765625 0.5166180555555555 0.20984374999999994 0.4050694444444444
8 0.6419531249999999 0.5711805555555556 0.08421874999999997 0.17513888888888893
19 0.3487265625 0.5065972222222223 0.05354687499999997 0.0970833333333333
19 0.6668398437499999 0.36747916666666663 0.09010156249999994 0.1439861111111111
14 0.8527812499999999 0.48897222222222225 0.18039062500000008 0.2666944444444444
19 0.640625 0.3833958333333334 0.02575000000000003 0.0457916666666667
19 0.52413671875 0.27426388888888886 0.11416406250000008 0.10836111111111109
19 0.436125 0.2353472222222222 0.051515625000000044 0.08975000000000001
19 0.23215625 0.172625 0.05943750000000003 0.34280555555555553
9 0.26921875 0.11569444444444445 0.14625000000000002 0.21305555555555555
11 0.6152265625 0.25606944444444446 0.14764062500000003 0.1990833333333334
19 0.709734375 0.22266666666666665 0.09873437500000008 0.11688888888888886
12 0.45339453124999995 0.18149305555555556 0.08758593749999992 0.17618055555555556
10 0.7536406250000001 0.12213194444444445 0.09693750000000004 0.09706944444444443
19 0.8422890625000001 0.02947222222222222 0.09890624999999993 0.05894444444444444
19 0.5486796875000001 0.08075694444444445 0.17101562500000006 0.1615138888888889
19 0.43226171874999997 0.06518750000000001 0.06799218749999998 0.13037500000000002
19 0.33485546875 0.058777777777777776 0.13917968750000004 0.11755555555555555
19 0.5950390624999999 0.1111388888888889 0.04532812499999998 0.08241666666666667
15 0.6723046875 0.1038125 0.13804687500000004 0.20329166666666668