10 0.45 0.9680555555555556 0.075 0.06388888888888888
19 0.26708984375 0.5691597222222222 0.2424765625 0.7207361111111112
19 0.6149023437500001 0.9576458333333333 0.1267578125 0.08470833333333334
19 0.70669921875 0.8604930555555557 0.29888281249999993 0.27901388888888873
19 0.52177734375 0.8955486111111112 0.07905468750000004 0.20365277777777793
12 0.39140625 0.9732222222222222 0.05218749999999996 0.05355555555555548
17 0.43216015625 0.8430416666666667 0.10588281249999998 0.2507777777777777
13 0.5447265625 0.6167361111111112 0.2095625 0.3550833333333333
19 0.4142421875 0.6687569444444444 0.05625 0.09418055555555548
19 0.63075 0.7371458333333334 0.04471875000000001 0.09070833333333325
10 0.65664453125 0.5788472222222222 0.04455468749999998 0.12186111111111113
9 0.40542187499999993 0.5181388888888888 0.07996874999999996 0.1650277777777777
18 0.707828125 0.5785972222222223 0.07742187499999993 0.10947222222222214
19 0.6410859375 0.4402083333333333 0.04320312499999997 0.07252777777777782
3 0.71421875 0.36288194444444444 0.21207812500000003 0.34929166666666667
19 0.18505468749999998 0.38452083333333337 0.06520312499999999 0.1337361111111111
19 0.42302343750000004 0.3714236111111111 0.08925000000000001 0.17815277777777774
19 0.534 0.41570833333333335 0.03049999999999997 0.05486111111111111
10 0.33715234375 0.3187916666666667 0.05514843750000002 0.22941666666666669
17 0.5599453125 0.26193055555555556 0.07279687500000005 0.13922222222222225
19 0.45461328125 0.28252083333333333 0.06286718750000002 0.07451388888888885
19 0.46840234374999995 0.24231944444444445 0.017648437499999937 0.052944444444444454
19 0.42593749999999997 0.2157638888888889 0.06287500000000001 0.09819444444444443
19 0.50316796875 0.1805625 0.09600781250000008 0.12943055555555555
19 0.16883984375 0.09486805555555557 0.06617968749999999 0.1274583333333333
10 0.7379609375 0.050868055555555555 0.2404375 0.10173611111111111
10 0.29402734374999995 0.0978125 0.07610156249999997 0.19215277777777778
11 0.5592812500000001 0.0664375 0.1764687500000001 0.11373611111111111
19 0.23942968750000002 0.05859722222222222 0.07940624999999998 0.10980555555555556
19 0.426375 0.09390972222222221 0.09375 0.17643055555555556
17 0.39163671875 0.05369444444444444 0.07721093750000003 0.10391666666666666
17 0.46277734375 0.017534722222222222 0.02757031249999997 0.035069444444444445