19 0.49519531250000004 0.8974722222222223 0.149609375 0.20505555555555538
19 0.408984375 0.9597222222222223 0.1046875 0.08055555555555556
19 0.32656640625 0.8913402777777779 0.07941406249999998 0.21720833333333317
19 0.707640625 0.8442222222222223 0.054062500000000034 0.20597222222222217
19 0.57726171875 0.9148680555555556 0.047429687500000026 0.11176388888888893
19 0.38876953125 0.8843680555555555 0.06397656250000003 0.1373750000000001
8 0.21964062499999998 0.6707083333333335 0.15737500000000001 0.37358333333333343
11 0.64083984375 0.6549722222222223 0.0994140625 0.2864166666666667
2 0.5434296875 0.7002916666666668 0.1694218750000001 0.3037777777777778
17 0.38541406250000004 0.7664166666666665 0.05489062500000004 0.11574999999999996
19 0.2966875 0.7601041666666666 0.028890625000000014 0.060458333333333295
19 0.45262890625 0.7365069444444444 0.03952343749999994 0.060458333333333295
19 0.5083593750000001 0.5060763888888888 0.24029687499999994 0.35109722222222217
19 0.30377343749999997 0.43970833333333337 0.028718749999999994 0.04633333333333335
19 0.5426953125 0.46099305555555553 0.04132812500000007 0.0686527777777777
19 0.6391171875 0.3818611111111111 0.214265625 0.4271111111111111
19 0.8182148437500001 0.4610347222222222 0.10753906250000007 0.16048611111111105
19 0.7780546875000001 0.38304861111111116 0.06451562500000003 0.1119305555555556
12 0.236296875 0.4432361111111111 0.062203125000000005 0.11072222222222226
3 0.31355078125 0.2012083333333333 0.15366406250000003 0.3923055555555555
19 0.44419140625000003 0.2709722222222222 0.04255468750000002 0.12666666666666665
19 0.5109296875 0.3214583333333333 0.07940625000000008 0.13411111111111115
2 0.834421875 0.20992361111111113 0.15353124999999998 0.25515277777777773
19 0.3828125 0.12569444444444444 0.11609374999999997 0.2513888888888889
19 0.49616796875 0.1831736111111111 0.06694531250000005 0.11145833333333334
12 0.684296875 0.15744444444444441 0.04328125000000007 0.09594444444444442
12 0.64521875 0.06388888888888888 0.04595312499999995 0.08333333333333333
18 0.59237109375 0.17418055555555556 0.07444531249999997 0.12091666666666667
19 0.48069921875 0.09411805555555555 0.05514843749999994 0.062097222222222234
10 0.5119140625 0.0678263888888889 0.11040624999999996 0.1356527777777778
19 0.57478125 0.05998611111111111 0.08393750000000004 0.11997222222222222