2 0.23743750000000002 0.9607638888888889 0.12675 0.07847222222222222
18 0.74409765625 0.9356944444444444 0.15774218750000008 0.12861111111111098
19 0.488671875 0.9680555555555556 0.0609375 0.06388888888888888
19 0.56796875 0.9479166666666666 0.11484375 0.10416666666666667
7 0.30048046875 0.8832638888888888 0.07372656250000001 0.2334722222222221
16 0.44041015625 0.9130555555555555 0.08324218749999997 0.17388888888888895
18 0.38011328125 0.9153194444444444 0.050664062500000016 0.16936111111111118
12 0.49548046874999996 0.8506180555555555 0.12136718749999993 0.173736111111111
10 0.60477734375 0.7729791666666667 0.10671093749999994 0.23851388888888891
10 0.6739609375 0.7724583333333332 0.14471875 0.23552777777777775
14 0.7129140625 0.7891805555555556 0.05876562500000002 0.07430555555555556
19 0.19691796875 0.7951111111111111 0.03311718749999999 0.06563888888888887
14 0.323203125 0.7663055555555556 0.10892187499999997 0.15461111111111103
14 0.39778125 0.7060138888888889 0.12579687499999997 0.24616666666666676
10 0.47707421875000006 0.6723541666666667 0.14367968750000007 0.17998611111111107
16 0.5756601562499999 0.6713611111111111 0.05321093749999992 0.25944444444444437
14 0.599140625 0.5678888888888889 0.10101562499999997 0.16611111111111115
2 0.17512500000000003 0.6012916666666667 0.09757812499999999 0.16977777777777778
19 0.26362109375 0.5488333333333333 0.0415078125 0.09072222222222213
19 0.4652890625 0.5005763888888889 0.17307812499999997 0.18387499999999998
16 0.21116406250000003 0.4368125 0.09429687500000002 0.2008194444444445
17 0.290078125 0.3272569444444444 0.0734375 0.17770833333333336
14 0.51987890625 0.6305416666666667 0.08021093750000005 0.11758333333333329
14 0.7215859375 0.3507986111111111 0.07103125000000006 0.11420833333333331
19 0.55451171875 0.4363125 0.030976562500000072 0.07123611111111106
19 0.32084765625 0.5580625 0.031960937499999974 0.04559722222222228
2 0.41460937500000006 0.2864097222222222 0.19453125 0.35254166666666664
19 0.5266249999999999 0.3591597222222222 0.04284374999999994 0.11637499999999999
14 0.5799531250000001 0.2563402777777778 0.1386875 0.09351388888888887
19 0.67083203125 0.24208333333333334 0.06411718749999995 0.14194444444444443
19 0.7853242187499999 0.2970555555555556 0.08607031249999997 0.28077777777777774
18 0.26448046875 0.21813888888888888 0.09991406249999998 0.16761111111111113
16 0.22824218749999997 0.09055555555555556 0.04854687499999999 0.09005555555555556
2 0.34812890625 0.08565277777777779 0.08713281249999998 0.17130555555555557
2 0.45046093749999994 0.08034027777777777 0.06079687499999995 0.10987500000000001
10 0.6054765625 0.09555555555555555 0.07092187499999998 0.1911111111111111
0 0.5337890625 0.07515972222222222 0.07507812499999993 0.1469861111111111
19 0.40510156249999996 0.059215277777777776 0.03810937499999998 0.11843055555555555
18 0.68624609375 0.030027777777777778 0.01875781249999999 0.060055555555555556
19 0.7471171875 0.11834722222222223 0.15298437500000003 0.1801111111111111