19 0.99477734375 0.01670138888888889 0.010445312499999915 0.03340277777777778
19 0.5889453125 0.8987916666666667 0.24398437499999998 0.2024166666666667
19 0.28984375 0.98125 0.090625 0.0375
17 0.3865078125 0.9313680555555555 0.08754687499999995 0.1372638888888888
19 0.456265625 0.9035625 0.073828125 0.18879166666666675
17 0.32522265624999996 0.8688958333333333 0.08986718749999997 0.14054166666666673
19 0.2839453125 0.9326527777777778 0.055078125 0.08225000000000003
19 0.234296875 0.8395972222222222 0.125 0.21222222222222215
3 0.40676171875 0.8395902777777777 0.08658593749999999 0.176486111111111
19 0.38931250000000006 0.7087083333333333 0.14496874999999995 0.22083333333333333
19 0.55019921875 0.7579305555555556 0.11505468749999999 0.2306388888888888
19 0.50732421875 0.8869097222222223 0.03317968750000002 0.054180555555555544
19 0.6545703125 0.7368263888888889 0.06867187500000008 0.20173611111111112
19 0.773921875 0.8734027777777776 0.06934375 0.10569444444444431
19 0.69639453125 0.7396111111111111 0.03958593750000006 0.0806944444444444
19 0.7611015624999999 0.7489236111111112 0.017468749999999922 0.05201388888888895
19 0.47552343750000003 0.7111875000000001 0.046812500000000055 0.12587500000000007
17 0.50458984375 0.6102708333333333 0.08130468749999994 0.11881944444444438
19 0.46334765624999996 0.6343541666666667 0.012164062499999951 0.02509722222222229
19 0.19006249999999997 0.7206319444444444 0.059374999999999976 0.11679166666666663
19 0.29623046875000003 0.6923194444444445 0.06739843749999999 0.13208333333333327
19 0.33387500000000003 0.574951388888889 0.11179687500000002 0.15043055555555548
19 0.32878125 0.5605763888888889 0.17651562500000004 0.17856944444444436
19 0.2616640625 0.45097916666666665 0.048765624999999965 0.07715277777777771
19 0.5450703125 0.5055555555555555 0.06267187500000002 0.11052777777777784
19 0.61358203125 0.5710625 0.025023437499999978 0.04593055555555563
19 0.5237421875 0.4295069444444444 0.035218749999999945 0.06381944444444451
19 0.5605078124999999 0.3467569444444445 0.06746874999999992 0.15256944444444448
19 0.3848515625 0.3734930555555555 0.09673437499999996 0.18559722222222222
12 0.4733125 0.34745833333333337 0.08656249999999996 0.2063055555555555
8 0.43398828125 0.14301388888888888 0.1609296875 0.28602777777777777
19 0.2740078125 0.16575694444444444 0.10239062499999996 0.127625
18 0.20519140624999999 0.29584722222222226 0.03289843750000001 0.07280555555555558
19 0.3542265625 0.13602777777777778 0.075484375 0.12066666666666666
19 0.5432578125 0.05285416666666667 0.07029687500000001 0.10570833333333333
18 0.23641406250000002 0.06009027777777778 0.07509375 0.12018055555555555
19 0.28493359375 0.058361111111111114 0.06192968749999998 0.11672222222222223
19 0.4069375 0.03959027777777778 0.06778124999999999 0.07918055555555556
19 0.41201171875 0.5448541666666666 0.01869531250000005 0.04190277777777772
18 0.11199218749999999 0.13903472222222224 0.10217187500000002 0.2780694444444445