19 0.28596875 0.9665277777777778 0.09681249999999997 0.0669444444444445
19 0.5090195312500001 0.9665277777777778 0.08742968750000006 0.0669444444444445
18 0.209578125 0.9381388888888887 0.08190625000000003 0.12372222222222212
19 0.21095703125000004 0.815888888888889 0.05460156249999999 0.08216666666666678
12 0.36936328125 0.7508472222222222 0.1254921875 0.21691666666666676
18 0.4564453125 0.7931111111111112 0.05160937499999996 0.07558333333333343
19 0.55547265625 0.8344027777777777 0.17750781250000003 0.30647222222222226
2 0.65657421875 0.9510347222222222 0.09305468749999993 0.09612500000000004
18 0.760140625 0.8946111111111111 0.12543749999999995 0.1551666666666667
18 0.6745078125 0.870875 0.05582812500000003 0.07677777777777774
16 0.68045703125 0.7388958333333333 0.11150781250000001 0.24531944444444437
7 0.7486015625 0.8648958333333334 0.09368750000000006 0.2702083333333333
16 0.47144531250000005 0.6566319444444444 0.07498437500000002 0.11812499999999994
16 0.5269296875 0.6678194444444443 0.03962500000000002 0.09861111111111104
18 0.5301796875 0.51675 0.11603124999999999 0.2180833333333333
18 0.7266015625 0.5709652777777778 0.117578125 0.1770416666666667
18 0.87137890625 0.5426597222222223 0.08182031250000002 0.20309722222222223
3 0.3022265625 0.35249305555555555 0.3511875 0.6974861111111111
17 0.5905039062499999 0.44813888888888886 0.08953906249999992 0.12952777777777777
3 0.7817578125000001 0.32509027777777777 0.17382812500000008 0.314625
19 0.455109375 0.5388888888888889 0.04065624999999997 0.10116666666666671
19 0.47850000000000004 0.37628472222222226 0.05481250000000006 0.0947083333333333
19 0.6761171874999999 0.2384791666666667 0.05046874999999993 0.08062500000000002
19 0.5083984375 0.12786805555555555 0.08273437500000007 0.22184722222222225
18 0.69476953125 0.21688888888888888 0.09728906249999998 0.17947222222222217
18 0.73866015625 0.08489583333333334 0.07680468749999995 0.15734722222222225
18 0.5710507812500001 0.09029166666666667 0.12535156250000004 0.12733333333333335
19 0.6563749999999999 0.06761805555555556 0.14220312499999999 0.1352361111111111
8 0.8428203125 0.062 0.10217187500000006 0.124
12 0.8860078124999999 0.06855555555555555 0.06635937500000004 0.1371111111111111