19 0.49517187499999993 0.9646111111111111 0.05887499999999992 0.07077777777777783
19 0.14346874999999998 0.8828263888888889 0.18468749999999998 0.23434722222222223
19 0.42457812500000003 0.9779097222222223 0.03751562499999998 0.03634722222222232
19 0.43691015625 0.9086736111111111 0.07039843749999992 0.09598611111111097
19 0.5372773437499999 0.9812222222222222 0.026070312499999915 0.0375555555555555
18 0.2952265625 0.9599305555555555 0.09664062500000004 0.08013888888888895
17 0.5516484375 0.9124513888888889 0.06801562499999995 0.09968055555555554
10 0.26008593750000003 0.8444027777777778 0.134984375 0.20286111111111105
19 0.35827343749999996 0.8218888888888889 0.10478125 0.16830555555555565
19 0.48101953124999997 0.8406319444444444 0.13108593749999997 0.17112500000000005
14 0.68684375 0.8607013888888889 0.06617187500000003 0.17973611111111124
18 0.370234375 0.9399791666666666 0.08123437499999997 0.10620833333333338
18 0.59284765625 0.6770763888888889 0.1461015625 0.3385694444444444
2 0.74598046875 0.7758819444444445 0.07717968749999997 0.18423611111111116
19 0.43875390625 0.7311388888888888 0.04080468750000001 0.06275000000000001
19 0.5159570312499999 0.7014722222222222 0.07169531249999998 0.13605555555555554
19 0.16709765625 0.7080416666666666 0.10808593750000002 0.16666666666666657
14 0.2644296875 0.6801319444444445 0.18060937500000002 0.3355972222222222
19 0.4263515625 0.6119236111111112 0.12682812499999999 0.20531944444444442
19 0.67294140625 0.5870208333333333 0.05180468749999996 0.10156944444444443
14 0.74080078125 0.6533819444444444 0.06969531250000002 0.12009722222222217
19 0.65641015625 0.3335347222222222 0.27436718750000005 0.32595833333333335
19 0.62934765625 0.5338958333333333 0.06988281250000003 0.10165277777777786
19 0.2792578125 0.3411180555555556 0.111125 0.1997916666666667
10 0.33903906250000004 0.4202152777777778 0.08807812500000001 0.2431527777777778
19 0.4659531250000001 0.41086805555555556 0.1716875 0.3262083333333333
19 0.33637890625 0.20490277777777774 0.1135703125 0.2029722222222222
19 0.43123046875000004 0.1682013888888889 0.10036718750000002 0.18431944444444445
19 0.7692851562499999 0.14663194444444444 0.10367968749999994 0.17254166666666665
19 0.16597265625 0.16918055555555556 0.017648437499999982 0.07255555555555557
3 0.1885859375 0.07429861111111111 0.1466875 0.14859722222222221
19 0.28012890625 0.0946736111111111 0.060664062499999984 0.1274583333333333
19 0.61818359375 0.10643749999999999 0.06838281249999997 0.143125
18 0.33251953125 0.06231944444444445 0.06617968750000003 0.11763888888888888
18 0.46266406250000003 0.12996527777777778 0.11029687500000004 0.20195833333333332
18 0.42296093749999997 0.0664513888888889 0.12573437500000004 0.1329027777777778
17 0.57239453125 0.15938194444444445 0.06510156249999995 0.15098611111111107
17 0.523328125 0.12800694444444444 0.04632812499999996 0.1784305555555555
19 0.5415273437500001 0.029201388888888888 0.03860156250000006 0.058402777777777776
19 0.63629296875 0.04479166666666667 0.1635859374999999 0.08958333333333333