17 0.860265625 0.8915833333333334 0.058453125000000127 0.1253055555555556
6 0.21658984375 0.8801597222222223 0.1102421875 0.19848611111111122
19 0.530234375 0.5487222222222223 0.09937500000000003 0.33644444444444455
12 0.33006250000000004 0.45379861111111114 0.10515625000000002 0.15176388888888886
12 0.44272656250000003 0.5178333333333333 0.10617187500000003 0.24358333333333332
12 0.6714414062499999 0.15585416666666668 0.11430468749999996 0.3014305555555556
10 0.567578125 0.27826388888888887 0.08914062499999993 0.24597222222222218
8 0.33356640625 0.17916666666666667 0.09410156250000004 0.29555555555555557
6 0.83741015625 0.4705902777777778 0.039789062499999875 0.0759305555555555
19 0.42398828125000004 0.9729375 0.053085937500000034 0.05412500000000004
19 0.529859375 0.9466111111111111 0.10110937500000006 0.10677777777777793
2 0.646140625 0.8439652777777777 0.20776562500000004 0.3120694444444445
17 0.76796875 0.9409722222222222 0.08046875 0.11805555555555555
7 0.434375 0.8819444444444444 0.17734375 0.2361111111111111
17 0.3665859375 0.914076388888889 0.09399999999999994 0.1491527777777779
19 0.33214062499999997 0.7415138888888889 0.06106249999999998 0.2102499999999999
19 0.2492734375 0.7335138888888889 0.10756249999999998 0.15116666666666664
19 0.5509609375 0.754361111111111 0.03576562499999998 0.08291666666666674
19 0.36978125 0.7068125 0.05153125000000003 0.13598611111111114
19 0.30649609375000003 0.5875972222222223 0.09233593750000005 0.11813888888888881
19 0.6166875 0.6696666666666666 0.05221874999999994 0.08538888888888883
19 0.64449609375 0.5509166666666667 0.054445312500000044 0.10166666666666672
19 0.72628125 0.6261805555555556 0.08648437500000003 0.14791666666666667
19 0.38294921875 0.590125 0.08699218750000001 0.1411944444444444
9 0.20441796874999998 0.33916666666666667 0.1908203125 0.2720833333333333
19 0.56733984375 0.4429652777777778 0.1490078125 0.18306944444444448
19 0.511859375 0.2999236111111111 0.06185937500000005 0.11656944444444442
19 0.4793359375 0.4544027777777778 0.05476562499999993 0.13872222222222222
19 0.42131640625000005 0.3403611111111111 0.04971093750000004 0.08388888888888886
19 0.46007421875 0.3256805555555556 0.04128906249999993 0.0808888888888889
10 0.37354296875 0.30668055555555557 0.08291406250000004 0.2109166666666667
19 0.4488984374999999 0.19872916666666665 0.08074999999999992 0.19254166666666667
19 0.50437890625 0.17472916666666663 0.07161718750000005 0.16970833333333332
19 0.62481640625 0.3439583333333333 0.07302343750000002 0.13605555555555557
19 0.21034375 0.14565972222222223 0.13953125000000002 0.165375
19 0.8016874999999999 0.05028472222222222 0.10192187500000002 0.10056944444444443