19 0.40572656249999994 0.5366944444444444 0.1675625 0.4933888888888888
10 0.61339453125 0.3930069444444445 0.07346093749999998 0.19845833333333332
19 0.5404375 0.44766666666666666 0.07954687499999995 0.1717222222222222
19 0.3689140625 0.40959027777777773 0.07765624999999998 0.18981944444444437
19 0.338921875 0.24349305555555556 0.11404687500000002 0.12668055555555552
19 0.4975625 0.35272916666666665 0.17595312500000002 0.1912916666666667
17 0.38101953125000004 0.13055555555555556 0.05824218750000001 0.12294444444444443
14 0.2515625 0.9743055555555555 0.075 0.05138888888888889
12 0.47505468749999996 0.9680763888888889 0.09201562499999998 0.06384722222222226
12 0.54529296875 0.9779791666666666 0.05582031250000004 0.044041666666666715
17 0.5894648437500001 0.9753402777777778 0.04835156250000008 0.04931944444444443
14 0.710453125 0.9324444444444444 0.05057812500000001 0.10786111111111123
19 0.59030859375 0.8589236111111112 0.11630468749999992 0.2013194444444445
19 0.6758515624999999 0.8592777777777779 0.09537499999999995 0.11513888888888901
19 0.5022265625 0.7369305555555556 0.1296875 0.29013888888888895
10 0.77726953125 0.7609722222222222 0.16483593750000008 0.1632777777777777
14 0.24407031249999997 0.7066805555555556 0.183984375 0.28374999999999995
10 0.2330859375 0.7670208333333334 0.10718750000000002 0.2963194444444444
19 0.5939375 0.7359722222222221 0.10482812500000005 0.2424166666666666
19 0.6547460937499999 0.6479791666666668 0.14830468749999995 0.2864583333333334
12 0.760546875 0.5804375 0.09200000000000008 0.19873611111111117
8 0.60409375 0.03680555555555556 0.06928125000000004 0.07361111111111111
17 0.3996484375 0.03249305555555555 0.08992187500000001 0.0649861111111111
19 0.4943476562500001 0.24618055555555557 0.17472656250000007 0.11216666666666665
2 0.51673046875 0.05298611111111111 0.08869531249999998 0.10597222222222222
19 0.68775390625 0.3322986111111111 0.030164062499999922 0.10270833333333336