19 0.17800390625 0.9907152777777777 0.03788281250000001 0.01856944444444429
7 0.74876953125 0.8295069444444445 0.09866406249999997 0.3409861111111111
15 0.659765625 0.9048611111111111 0.159375 0.19027777777777777
2 0.44911328125 0.9069236111111111 0.22610156250000008 0.18615277777777775
2 0.334765625 0.8763888888888889 0.12265625 0.24722222222222223
18 0.4278671875000001 0.7614097222222221 0.24578124999999998 0.44445833333333334
19 0.6677421875 0.7291666666666666 0.09892187499999991 0.18413888888888888
19 0.2971796875 0.6611111111111111 0.035546875 0.2134166666666667
19 0.60826953125 0.7525763888888889 0.06891406250000003 0.1462083333333333
19 0.56325390625 0.46131249999999996 0.2855703125 0.5287083333333334
17 0.41406640625 0.5114166666666666 0.09044531249999999 0.060777777777777764
17 0.48271484375 0.41181249999999997 0.08161718750000002 0.10990277777777777
10 0.570296875 0.45271527777777776 0.07289062499999996 0.30023611111111104
10 0.2684296875 0.39972222222222226 0.06850000000000005 0.2649166666666667
19 0.39758984375 0.4333402777777778 0.07389843750000002 0.0862638888888889
19 0.75908984375 0.4449444444444445 0.11025781250000008 0.3060555555555556
10 0.38711328125 0.31757638888888884 0.15441406250000003 0.18234722222222216
19 0.5155820312499999 0.33596527777777774 0.030882812499999978 0.12156944444444441
19 0.549421875 0.2843958333333333 0.0375 0.041180555555555526
17 0.5621875000000001 0.16783333333333333 0.05328125000000004 0.07955555555555557
17 0.29905468749999997 0.14318055555555556 0.07279687500000005 0.12000000000000002
19 0.245453125 0.29377083333333337 0.12176562500000002 0.17645833333333336
19 0.1733203125 0.12670833333333334 0.03309375000000001 0.07294444444444446
19 0.21037890625000003 0.08906944444444444 0.08867968749999999 0.15294444444444444
19 0.52074609375 0.1372986111111111 0.03705468750000005 0.09881944444444445
19 0.23684765624999998 0.04511805555555556 0.05161718749999995 0.09023611111111111
0 0.49382421875000004 0.07236111111111111 0.14294531250000003 0.14116666666666666