14 0.45144140625 0.9482222222222223 0.1035234375 0.10355555555555548
3 0.28495312500000003 0.9525902777777778 0.16693750000000004 0.09481944444444441
12 0.26133984374999997 0.8540833333333334 0.07814843749999997 0.1363611111111112
11 0.43752734374999996 0.8405625000000001 0.14761718750000002 0.198513888888889
0 0.54458984375 0.7653541666666666 0.06253906249999996 0.18015277777777783
11 0.46620703125 0.7671805555555555 0.12082031250000007 0.3601944444444443
14 0.2913671875 0.7977777777777777 0.17289062499999996 0.36944444444444446
2 0.37050390625 0.6892847222222224 0.08566406250000003 0.15104166666666674
17 0.50165234375 0.38138888888888883 0.08189843749999995 0.1558888888888889
7 0.2705078125 0.45260416666666664 0.20073437500000005 0.3476805555555556
18 0.41994921874999996 0.5176180555555555 0.08763281250000002 0.15279166666666666
10 0.62025 0.4387013888888889 0.08031249999999997 0.23373611111111106
14 0.799078125 0.35936111111111113 0.10304687499999998 0.16486111111111112
17 0.49658203125 0.4876736111111111 0.08513281250000002 0.15548611111111119
17 0.4216171875 0.39749999999999996 0.09104687499999997 0.14444444444444443
18 0.60816015625 0.26890972222222226 0.18928906249999997 0.2780972222222223
17 0.71834765625 0.2289722222222222 0.08372656250000006 0.14516666666666664
7 0.302640625 0.2050972222222222 0.20262499999999997 0.35352777777777783
3 0.41930468750000005 0.33314583333333336 0.161515625 0.26537499999999997
14 0.7385546875 0.06628472222222222 0.061484375000000036 0.10840277777777779
2 0.60312890625 0.9579027777777777 0.11838281249999998 0.0841944444444443
18 0.42496875 0.6986388888888888 0.07085937500000003 0.22352777777777785
17 0.2803203125 0.6930625 0.036968750000000036 0.07804166666666675
19 0.3949296875 0.9776041666666667 0.07548437499999996 0.04479166666666667
10 0.2430859375 0.15085416666666668 0.12015624999999999 0.24481944444444442