19 0.5675390625 0.8999583333333334 0.040078124999999964 0.20008333333333325
19 0.3458984375 0.8857916666666666 0.09820312500000003 0.21925000000000017
16 0.58050390625 0.8355347222222222 0.11049218750000005 0.13998611111111106
17 0.47430859375 0.791423611111111 0.08932031249999994 0.13823611111111106
19 0.6779609375 0.8073472222222222 0.095703125 0.17708333333333334
2 0.749578125 0.7035138888888889 0.20912499999999995 0.3057777777777778
13 0.2593671875 0.9719166666666667 0.07503124999999997 0.05616666666666674
19 0.6221093750000001 0.7020694444444444 0.06556250000000005 0.08111111111111116
19 0.45004687499999996 0.6282569444444445 0.13424999999999998 0.2471250000000001
0 0.54079296875 0.6632499999999999 0.09836718750000006 0.23447222222222214
17 0.594921875 0.5895416666666667 0.06459375000000005 0.12097222222222226
14 0.22928515625 0.6380625 0.1690390625 0.3227916666666667
14 0.21906250000000002 0.4494652777777778 0.08574999999999999 0.10448611111111114
19 0.7910078125 0.4391388888888889 0.21039062500000005 0.29066666666666663
19 0.43081250000000004 0.44950694444444445 0.12981250000000003 0.16909722222222223
19 0.5330703124999999 0.37485416666666665 0.11120312499999993 0.23943055555555554
19 0.64811328125 0.48659722222222224 0.05813281250000006 0.16927777777777778
19 0.6514960937500001 0.3340694444444444 0.13549218750000006 0.20222222222222225
19 0.21075390624999998 0.33422916666666663 0.1255703125 0.24623611111111107
8 0.21614062500000003 0.21456944444444445 0.11037499999999997 0.19197222222222227
19 0.37226953125 0.2553125 0.06657031250000003 0.11368055555555559
19 0.42653515625000005 0.2519652777777778 0.09353906250000002 0.24329166666666668
19 0.47917578125000004 0.029520833333333333 0.08194531250000008 0.059041666666666666
19 0.5241015625000001 0.2675 0.178515625 0.3133333333333333
19 0.761171875 0.26181944444444444 0.07514062500000004 0.08613888888888886
19 0.80519140625 0.2227083333333333 0.03227343749999996 0.16875
19 0.17594531249999998 0.3361388888888889 0.026578124999999987 0.038944444444444476
19 0.87140625 0.40186111111111106 0.051953125 0.0783333333333333
19 0.2301328125 0.09165972222222223 0.08073437500000002 0.12859722222222222
19 0.29665234375 0.058444444444444445 0.05216406249999998 0.10936111111111109
19 0.32937890625 0.08334722222222223 0.06257031250000003 0.16669444444444445
19 0.35601953124999997 0.1270277777777778 0.046867187500000004 0.14655555555555552
19 0.41590625000000003 0.09048611111111111 0.11884375000000005 0.18097222222222223
19 0.55664453125 0.04555555555555555 0.06827343750000008 0.0911111111111111
19 0.80770703125 0.1426875 0.07782031250000002 0.1383472222222222
19 0.7886914062500001 0.14894444444444443 0.1439453125000001 0.25066666666666665