8 0.39313281250000004 0.9215 0.17835937499999996 0.15699999999999995
19 0.27951953125 0.84025 0.16188281250000003 0.31949999999999995
18 0.5668671875 0.9294930555555556 0.1592812500000001 0.14101388888888886
19 0.18747265625000004 0.8396944444444445 0.038382812500000016 0.09883333333333345
19 0.6880468750000001 0.9117083333333335 0.034375 0.06375000000000013
7 0.69941796875 0.7448055555555555 0.1429609375 0.31611111111111106
10 0.807640625 0.7224583333333333 0.08482812499999995 0.29727777777777775
19 0.20471093749999997 0.6825694444444445 0.08470312499999999 0.12236111111111114
19 0.53261328125 0.8224374999999999 0.038382812500000085 0.07293055555555554
19 0.49721093750000006 0.6961666666666667 0.08470312500000006 0.18352777777777768
19 0.668015625 0.6866805555555555 0.04499999999999993 0.13647222222222222
19 0.419734375 0.6212222222222222 0.148109375 0.2728055555555556
19 0.30552343750000005 0.5497777777777777 0.10140624999999996 0.20141666666666663
17 0.5711796875 0.6262361111111111 0.08337500000000002 0.0849444444444444
19 0.6160664062500001 0.5843402777777779 0.033195312500000004 0.06470833333333338
19 0.38453125000000005 0.3519444444444444 0.16390624999999998 0.3346111111111111
19 0.48413671875 0.4660486111111111 0.015445312499999985 0.03137500000000004
7 0.5662265625 0.3779652777777778 0.154109375 0.3605138888888888
8 0.7502500000000001 0.22549305555555554 0.14825 0.3267916666666667
19 0.46837890625000006 0.2864375 0.05422656250000006 0.14215277777777782
19 0.463984375 0.11333333333333333 0.18499999999999997 0.22361111111111112
10 0.57840234375 0.09754861111111111 0.15257031249999997 0.14868055555555554
5 0.34310546875000003 0.11879166666666667 0.05330468750000002 0.09966666666666665
17 0.80633984375 0.10473611111111111 0.11213281250000007 0.20947222222222223
19 0.5085468750000001 0.01895138888888889 0.1544062499999999 0.03790277777777778
19 0.61424609375 0.011604166666666667 0.023898437499999935 0.023208333333333334
15 0.5888320312499999 0.7726319444444444 0.1086796875000001 0.20879166666666665