19 0.5276953125 0.9352777777777778 0.08414062500000004 0.1294444444444445
12 0.3262734375 0.8534583333333333 0.10515625000000002 0.15177777777777773
12 0.43282421875 0.8874930555555556 0.10616406250000003 0.22501388888888887
12 0.66661328125 0.5461666666666667 0.11955468749999998 0.34491666666666665
10 0.5664453125 0.68825 0.08914062499999993 0.24597222222222226
8 0.333890625 0.5581666666666667 0.09410937500000002 0.2955555555555555
6 0.8267304687499999 0.8687847222222224 0.039789062499999875 0.07593055555555565
19 0.44538671875 0.3491666666666666 0.17280468750000005 0.2841666666666667
19 0.7384765625 0.3554791666666667 0.10257812499999996 0.16179166666666667
16 0.303921875 0.4074305555555556 0.1408125 0.23486111111111113
12 0.24373828125000002 0.12189583333333336 0.07861718749999999 0.14851388888888892
19 0.2972734375 0.954951388888889 0.09234375000000003 0.09009722222222206
19 0.63991015625 0.9364861111111111 0.054445312500000044 0.10166666666666672
19 0.7069375 0.969736111111111 0.06034375000000001 0.060527777777777673
19 0.3878046875 0.9549791666666666 0.08698437500000003 0.09004166666666656
9 0.19941015625 0.7475277777777778 0.1908203125 0.2720833333333334
19 0.55564453125 0.8258402777777778 0.1490078125 0.18306944444444437
19 0.50458203125 0.7183958333333333 0.061867187500000045 0.11656944444444453
19 0.47084374999999995 0.8318819444444445 0.05476562499999993 0.13873611111111125
19 0.42544140625000004 0.7303611111111111 0.04971093750000009 0.08388888888888893
19 0.45910546874999997 0.7217222222222222 0.04128906249999993 0.0808888888888889
10 0.3771796875 0.6975416666666667 0.08292187499999999 0.21091666666666675
19 0.44865234374999996 0.5839791666666666 0.08074218749999992 0.19254166666666667
19 0.52404296875 0.5366736111111111 0.11774218750000003 0.23876388888888883
19 0.61996484375 0.7645833333333333 0.07302343750000002 0.1360555555555556
19 0.21407812499999998 0.5576527777777778 0.12984375 0.13305555555555548
19 0.79381640625 0.4288680555555555 0.09830468750000003 0.14151388888888888
17 0.25291406250000004 0.2799861111111111 0.10309375000000003 0.10019444444444442
19 0.3694375 0.23349305555555558 0.07423437499999999 0.18226388888888892
19 0.559484375 0.40477083333333336 0.1154375 0.10037499999999998
19 0.663140625 0.29946527777777776 0.05814062500000006 0.08987499999999997
19 0.6806015624999999 0.23240972222222223 0.14964062499999997 0.0981527777777778
17 0.72702734375 0.22534722222222223 0.06828906250000007 0.16680555555555557
16 0.7668671874999999 0.06724305555555556 0.10321874999999991 0.1344861111111111
19 0.48705859375000005 0.1009513888888889 0.17833593749999999 0.2019027777777778
2 0.31194140625 0.09461111111111112 0.07583593749999995 0.18922222222222224
19 0.37439062500000003 0.07438194444444444 0.05934375000000003 0.1487638888888889
10 0.21504296875 0.03319444444444444 0.053929687499999976 0.06638888888888889
19 0.38006640625 0.0240625 0.04266406249999997 0.048125