10 0.64680078125 0.9645416666666667 0.06108593750000004 0.07091666666666659
17 0.809859375 0.9778819444444443 0.06121875000000001 0.04423611111111098
19 0.28005078125000005 0.9778125 0.05514843750000002 0.04437500000000006
14 0.22922265625000002 0.9507291666666666 0.06974218749999998 0.09854166666666674
12 0.270609375 0.8546111111111112 0.1055625 0.1617777777777778
19 0.36918749999999995 0.8720416666666667 0.16343750000000004 0.2559166666666667
18 0.54717578125 0.9399305555555556 0.13864843750000003 0.12013888888888889
19 0.49291015624999995 0.8541458333333334 0.07482031249999999 0.12659722222222236
19 0.6277734374999999 0.7868194444444444 0.054390624999999915 0.11222222222222215
18 0.34807421875 0.7102777777777778 0.08636718749999997 0.15099999999999997
19 0.4056875 0.7927291666666666 0.09979687500000001 0.2886805555555555
18 0.39230078125 0.6210069444444445 0.04536718750000004 0.09862499999999999
19 0.46283203125000005 0.6487847222222223 0.030429687500000035 0.05720833333333341
19 0.51262109375 0.7311458333333334 0.12230468749999997 0.17034722222222226
12 0.58946484375 0.630736111111111 0.0890703125 0.15458333333333327
18 0.6790546875000001 0.5272777777777777 0.17632812500000003 0.38041666666666657
10 0.82875 0.7233402777777779 0.13065625000000008 0.19968055555555553
18 0.8019140625000001 0.5731180555555555 0.08729687499999991 0.23404166666666665
17 0.256953125 0.5882708333333333 0.09867187499999996 0.19654166666666664
19 0.580453125 0.8502083333333333 0.12314062499999992 0.21561111111111111
19 0.2978828125 0.5213125000000001 0.07757812499999997 0.12201388888888892
19 0.31484375 0.43428472222222225 0.059218749999999966 0.09829166666666664
17 0.22190624999999997 0.38634722222222223 0.1046875 0.18944444444444442
17 0.48137890625000007 0.4642013888888889 0.07788281250000004 0.15704166666666658
19 0.37812890625 0.23826388888888886 0.07266406249999999 0.11869444444444442
19 0.7396484375 0.3104652777777777 0.11024999999999992 0.13487499999999997
19 0.7562734375 0.19245138888888888 0.03909374999999997 0.08231944444444445
19 0.8738750000000002 0.25636111111111115 0.023265625000000158 0.028888888888888905
19 0.5238359375 0.3620416666666667 0.07162500000000005 0.07938888888888884
19 0.17132421875 0.33895833333333336 0.03405468750000003 0.07055555555555554
19 0.28140234375 0.39190972222222226 0.043960937499999984 0.10868055555555556
19 0.2447890625 0.13798611111111111 0.03792187499999997 0.06441666666666666
19 0.5019296875 0.044243055555555556 0.09932812500000007 0.08848611111111111
11 0.57227734375 0.016520833333333332 0.0451171875 0.033041666666666664
19 0.6404765625 0.04252777777777778 0.06904687500000009 0.08505555555555556
19 0.2064140625 0.01875 0.046578125000000005 0.0375