19 0.5442421875000001 0.8913263888888889 0.11631250000000008 0.09604166666666679
19 0.5764375 0.7966736111111111 0.05798437500000002 0.09229166666666673
3 0.51581640625 0.9814166666666667 0.05942968749999995 0.03716666666666665
3 0.73455859375 0.9921805555555555 0.06275781249999994 0.015638888888888876
8 0.5678125 0.8578611111111111 0.10460937500000007 0.14825000000000002
10 0.65324609375 0.9512291666666667 0.07783593750000009 0.0975416666666667
17 0.51837890625 0.8575694444444445 0.05617968750000006 0.10300000000000012
18 0.5871367187500001 0.8001249999999999 0.05969531250000006 0.10497222222222212
14 0.44296875 0.9347222222222222 0.14296875 0.13055555555555556
14 0.285546875 0.9270833333333334 0.10546875 0.14583333333333334
19 0.36026171875 0.9506388888888889 0.04022656250000001 0.08125
2 0.8336953125000001 0.7479722222222221 0.2892812499999999 0.48138888888888887
19 0.558609375 0.6059166666666667 0.10082812499999996 0.23250000000000004
18 0.27263671875 0.7450486111111112 0.18527343749999997 0.2097916666666666
16 0.46818359374999996 0.66125 0.17788281250000004 0.3486666666666667
19 0.62959375 0.5227361111111111 0.10893750000000005 0.3638055555555556
2 0.62899609375 0.7945763888888889 0.0742109375 0.15656944444444448
19 0.23121875000000003 0.8884513888888889 0.02790625000000002 0.05976388888888885
17 0.4176796875 0.7127638888888888 0.10849999999999996 0.14233333333333337
2 0.252984375 0.6723125000000001 0.11176562500000002 0.10487500000000007
19 0.73646484375 0.5861805555555555 0.15597656249999997 0.20597222222222217
7 0.7402265625 0.2865347222222222 0.21173437499999997 0.38948611111111103
18 0.28887109375 0.4953333333333333 0.08303906249999997 0.21163888888888888
18 0.36726171875 0.5768125 0.07892968750000003 0.10112499999999992
19 0.50898046875 0.5028402777777778 0.19377343749999998 0.2715138888888889
0 0.38779296875 0.384875 0.0736328125 0.14052777777777783
12 0.51100390625 0.2618472222222222 0.1905390624999999 0.24166666666666664
12 0.49526171875 0.06960416666666666 0.09567968750000003 0.13420833333333332
16 0.3395625 0.048236111111111105 0.08342187499999998 0.09647222222222221
19 0.4348515625 0.09310416666666667 0.08110937499999996 0.14606944444444447
3 0.60549609375 0.10554166666666666 0.12746093750000007 0.21108333333333332
19 0.7671875 0.07089583333333334 0.20435937499999995 0.14179166666666668