19 0.7355859375 0.9902083333333332 0.03039062500000007 0.019583333333333206
19 0.439140625 0.9827569444444444 0.05296874999999997 0.03448611111111101
12 0.486328125 0.91875 0.11484375 0.1625
19 0.38414843750000005 0.759451388888889 0.11568749999999998 0.38229166666666664
19 0.42854296875 0.7991527777777779 0.06457031250000003 0.11375000000000013
19 0.39842578125 0.6978055555555555 0.12800781249999998 0.14347222222222217
19 0.4490625 0.5260416666666666 0.021468750000000016 0.053416666666666716
19 0.37433203125 0.4342083333333333 0.07563281249999995 0.23505555555555557
19 0.509375 0.25947916666666665 0.13515625 0.2849305555555555
19 0.6149140624999999 0.4377847222222222 0.14770312499999996 0.1770416666666667
0 0.37375390625 0.4937430555555556 0.14260156249999997 0.18620833333333325
19 0.597765625 0.30540277777777775 0.018484375000000063 0.04663888888888887
19 0.7347421875 0.17009722222222223 0.032140625000000075 0.1239722222222222
19 0.20239453125 0.07005555555555555 0.017257812500000004 0.056472222222222215
19 0.36794921875000003 0.05528472222222222 0.06675781250000004 0.11056944444444444
19 0.634984375 0.017013888888888887 0.07862500000000008 0.034027777777777775
17 0.4117109375 0.02363888888888889 0.05637500000000002 0.04727777777777778