19 0.419703125 0.34099999999999997 0.1675625 0.4933888888888889
10 0.61688671875 0.20353472222222221 0.07346093749999998 0.19845833333333332
19 0.5404375 0.2627569444444445 0.07954687499999995 0.15018055555555554
19 0.363671875 0.2107986111111111 0.07765625000000002 0.18981944444444437
19 0.35639453125 0.06333333333333334 0.11403906249999998 0.12666666666666668
19 0.523234375 0.15390277777777778 0.17595312500000002 0.2
3 0.69696484375 0.9545138888888889 0.09544531250000006 0.09097222222222222
19 0.5057031249999999 0.9618472222222222 0.24674999999999994 0.07630555555555563
14 0.2458125 0.8180625000000001 0.07484374999999996 0.1234305555555554
19 0.31639453125 0.8770833333333333 0.11725781250000003 0.1808333333333334
16 0.40599609374999995 0.8761805555555556 0.07886718750000003 0.15458333333333327
12 0.48314453124999995 0.844875 0.09200781249999998 0.18052777777777781
12 0.55540625 0.8340972222222222 0.08009374999999999 0.15175
17 0.59856640625 0.8186736111111111 0.04835156250000008 0.12426388888888892
19 0.726703125 0.8948611111111112 0.06824999999999992 0.12877777777777782
14 0.7079257812499999 0.7212291666666666 0.05057031250000001 0.10784722222222227
19 0.5892968749999999 0.6504097222222222 0.11631250000000008 0.2013194444444445
19 0.6868046875 0.6585416666666666 0.09537499999999995 0.11513888888888893
19 0.5010078124999999 0.5341666666666666 0.1296875 0.29013888888888884
10 0.7889179687500001 0.5590694444444444 0.16483593749999992 0.1632777777777777
14 0.256203125 0.5362777777777777 0.183984375 0.28374999999999995
10 0.2306640625 0.5620972222222222 0.10718750000000002 0.29633333333333334
19 0.5927265625 0.5590972222222221 0.10482812500000005 0.2424166666666666
19 0.6608085937499999 0.4603125 0.14830468749999995 0.2864583333333333
12 0.7593320312499999 0.3733611111111111 0.09200781249999998 0.19872222222222227
19 0.50283984375 0.05634722222222222 0.17472656250000007 0.11216666666666668
19 0.6993046875 0.14858333333333332 0.030171874999999914 0.10269444444444442