12 0.333203125 0.9805555555555555 0.10546875 0.03888888888888889
12 0.65933203125 0.7402916666666667 0.11955468749999998 0.34491666666666665
10 0.5734375 0.88125 0.0890625 0.2375
8 0.3288359375 0.7594861111111112 0.09410937500000002 0.2955555555555555
19 0.44077734374999994 0.552625 0.16500781250000002 0.3113611111111112
19 0.738984375 0.5488888888888889 0.10656250000000007 0.17194444444444437
16 0.3049296875 0.6051666666666667 0.1408125 0.23486111111111108
12 0.24343749999999997 0.31937499999999996 0.07953124999999997 0.1484722222222222
18 0.6444375 0.23193750000000002 0.12982812500000004 0.17904166666666663
15 0.6094140625 0.05430555555555556 0.07445312499999997 0.10861111111111112
17 0.69628125 0.042166666666666665 0.08306249999999996 0.08433333333333333
19 0.2972734375 0.954951388888889 0.09234375000000003 0.09009722222222206
19 0.63991015625 0.9364861111111111 0.054445312500000044 0.10166666666666672
19 0.7069375 0.969736111111111 0.06034375000000001 0.060527777777777673
19 0.3878046875 0.9549791666666666 0.08698437500000003 0.09004166666666656
9 0.20232031250000002 0.9015138888888887 0.190828125 0.19697222222222213
19 0.54578515625 0.8613194444444444 0.13333593750000006 0.1947222222222223
19 0.5104804687500001 0.8981527777777779 0.061867187500000045 0.11658333333333341
19 0.4674726562499999 0.978625 0.054773437499999925 0.04274999999999996
19 0.416171875 0.9161041666666667 0.049718750000000034 0.08387500000000014
19 0.44225390624999994 0.9344305555555555 0.04128906249999993 0.0808888888888889
10 0.36791015625 0.8787916666666666 0.0829140625 0.21091666666666684
19 0.44743749999999993 0.8018402777777779 0.08074999999999992 0.19254166666666675
19 0.5313203125 0.7286527777777778 0.11773437500000003 0.23875000000000005
19 0.6037851562500001 0.8684444444444446 0.07302343750000002 0.09572222222222232
19 0.2097109375 0.7750902777777778 0.12984374999999998 0.1330416666666666
19 0.7857890624999999 0.6139166666666667 0.10264062500000008 0.17005555555555563
17 0.25291406250000004 0.46377083333333335 0.10309375000000003 0.10018055555555555
19 0.36640625 0.4168472222222222 0.07423437499999999 0.1822777777777778
19 0.5507500000000001 0.6035694444444444 0.1154375 0.1003611111111111
19 0.6587734375000001 0.5013680555555555 0.05814062500000006 0.08987500000000005
19 0.6820546875 0.4291319444444444 0.14964062499999997 0.09815277777777773
17 0.71368359375 0.4259583333333333 0.06828906250000007 0.1668055555555556
16 0.764421875 0.24413888888888888 0.10803125000000006 0.17327777777777775
19 0.4746796875 0.19027777777777777 0.20017187500000003 0.38055555555555554
2 0.31278515625000003 0.26236805555555553 0.07583593749999995 0.26112499999999994
19 0.36581640625 0.2518958333333333 0.045554687499999955 0.1412916666666667
10 0.22640625 0.14854166666666668 0.05812499999999998 0.2401388888888889
10 0.2673828125 0.14514583333333334 0.048046875 0.11390277777777777
19 0.37503125 0.14885416666666668 0.05415624999999995 0.18506944444444445
19 0.33648046875 0.10322916666666668 0.05672656250000001 0.14201388888888888
19 0.33015625 0.06068055555555555 0.08343749999999997 0.1213611111111111
19 0.550484375 0.1303263888888889 0.04887499999999996 0.08093055555555558
19 0.4851875 0.04570138888888889 0.1491250000000001 0.09140277777777778