17 0.70703125 0.9340277777777778 0.08359375 0.13194444444444445
19 0.52471875 0.9017708333333334 0.059562500000000004 0.16234722222222236
19 0.399609375 0.8680555555555556 0.21484375 0.2638888888888889
14 0.486609375 0.953951388888889 0.08712499999999998 0.09209722222222215
14 0.49340624999999994 0.8470833333333333 0.13776562499999995 0.2117222222222223
19 0.35579296875 0.7781666666666667 0.10588281249999998 0.23999999999999994
19 0.7958671875000001 0.7150277777777777 0.09396875000000007 0.1694166666666667
19 0.6629765624999999 0.6284791666666667 0.07606249999999992 0.16290277777777773
19 0.52631640625 0.6709513888888889 0.0595703125 0.2509861111111112
19 0.43889843749999996 0.6586944444444445 0.06407812499999999 0.15902777777777777
17 0.57108203125 0.9772222222222222 0.06705468749999995 0.045555555555555495
8 0.724609375 0.467625 0.09924999999999998 0.27641666666666664
9 0.39935546874999994 0.40269444444444447 0.19080468749999996 0.2971666666666667
18 0.63639453125 0.4104305555555555 0.0957109375 0.22680555555555554
19 0.53932421875 0.3668402777777778 0.11560156250000002 0.2254583333333334
19 0.8141367187499998 0.5006944444444444 0.02339843749999986 0.04538888888888882
12 0.8282031249999999 0.23993055555555556 0.13921874999999995 0.2843055555555556
10 0.4631796875 0.14555555555555558 0.09792187499999994 0.22055555555555556
18 0.6167109375 0.19972222222222225 0.134984375 0.22527777777777777
19 0.6934765625000001 0.16793055555555556 0.07414062500000007 0.10997222222222224
19 0.8728085937500001 0.10294444444444445 0.051617187500000127 0.0941111111111111
12 0.75699609375 0.20411805555555557 0.05558593750000007 0.10823611111111112
19 0.5293515624999999 0.18412499999999998 0.03970312499999995 0.1435277777777778
19 0.8142851562500001 0.07702083333333333 0.02757031249999997 0.03529166666666666
8 0.37399609375000004 0.6505833333333334 0.1335703125 0.18869444444444447
19 0.25466796875000003 0.5687986111111112 0.023054687499999994 0.03676388888888893
19 0.29279296875 0.5325069444444444 0.014554687499999996 0.026819444444444368
19 0.21190625000000002 0.24629861111111112 0.016781250000000015 0.030263888888888917
19 0.21262890625000003 0.016847222222222222 0.03199218750000001 0.033694444444444444
12 0.48726171875 0.03152777777777778 0.11360156250000006 0.06305555555555556
17 0.677453125 0.015652777777777776 0.03970312499999995 0.030583333333333337
17 0.36397265624999997 0.20425000000000001 0.07444531249999997 0.14869444444444443