19 0.2809375 0.89025 0.14421875 0.21949999999999995
19 0.6140625 0.9611111111111111 0.0875 0.07777777777777778
19 0.703515625 0.9611111111111111 0.0796875 0.07777777777777778
19 0.54590234375 0.8925069444444444 0.10883593749999995 0.21498611111111107
19 0.450390625 0.93125 0.075 0.1375
17 0.205859375 0.9652777777777778 0.06875 0.06944444444444445
17 0.3842578125 0.9192291666666667 0.06078125000000001 0.16154166666666658
17 0.82528515625 0.9492499999999999 0.08858593749999999 0.1014999999999999
2 0.61267578125 0.7325972222222222 0.33794531249999993 0.2893333333333332
19 0.41590234375 0.7496319444444445 0.09886718749999997 0.13729166666666662
19 0.174109375 0.7728333333333333 0.06287500000000001 0.13261111111111112
19 0.33335546875 0.9148263888888888 0.02217968749999999 0.049652777777777775
19 0.25182031250000003 0.7190208333333332 0.114453125 0.15018055555555562
19 0.48666015625000003 0.7215763888888889 0.05150781250000005 0.09890277777777783
19 0.5150078125 0.6549166666666666 0.04639062500000009 0.0915833333333334
19 0.4161953125 0.6259027777777777 0.07417187500000004 0.11377777777777773
19 0.26587109375 0.5512847222222222 0.14936718749999997 0.18387499999999998
19 0.76346875 0.5063124999999999 0.10201562499999994 0.21084722222222216
19 0.6534492187500001 0.4735902777777778 0.05872656250000006 0.12820833333333326
4 0.33882421875 0.39734722222222224 0.16997656249999996 0.40683333333333344
17 0.21519531249999999 0.6844027777777778 0.05254687499999999 0.08241666666666671
17 0.47316015624999996 0.29997222222222225 0.08344531249999995 0.13919444444444448
17 0.47538671875 0.17441666666666666 0.09922656249999999 0.11922222222222223
19 0.5114882812499999 0.3772638888888889 0.027820312499999923 0.05127777777777776
14 0.6474765625 0.31993750000000004 0.06078124999999997 0.10440277777777776
19 0.2482421875 0.19207638888888892 0.06304687500000003 0.18195833333333333
12 0.42808203125000005 0.22034027777777776 0.08900781250000005 0.1559861111111111
19 0.5319296875 0.2379583333333333 0.03956250000000008 0.07252777777777782
3 0.34957812499999996 0.10279166666666666 0.12981249999999997 0.1626388888888889
19 0.6431914062499999 0.0907013888888889 0.03708593750000002 0.09451388888888891
14 0.6982031249999999 0.04894444444444445 0.08035937499999993 0.07252777777777777
19 0.7637265625 0.12916666666666668 0.02843750000000007 0.03955555555555554
19 0.37739453125 0.03026388888888889 0.09889843750000002 0.04836111111111112
2 0.43364453125 0.03820833333333334 0.06305468750000003 0.07641666666666667
7 0.55108984375 0.09974999999999999 0.16689843750000008 0.19949999999999998
19 0.6357421875 0.16549305555555555 0.013593750000000071 0.0279861111111111