17 0.41034765625 0.954375 0.061179687499999955 0.09125000000000007
11 0.5359375 0.9881944444444445 0.03125 0.02361111111111111
17 0.44184375 0.8598611111111112 0.05256249999999998 0.1290833333333334
11 0.627734375 0.8777430555555555 0.112109375 0.134263888888889
2 0.5137265624999999 0.8041666666666667 0.08524999999999991 0.1358055555555555
19 0.21369921874999998 0.8553819444444445 0.06502343750000002 0.06904166666666672
17 0.27894921875 0.8379999999999999 0.06989843750000002 0.1373055555555554
19 0.3394921875 0.8449583333333334 0.07257812499999998 0.1421388888888888
18 0.26571875 0.6565902777777778 0.15390625 0.30968055555555557
19 0.365984375 0.6731527777777777 0.047562499999999994 0.1326944444444444
19 0.42198437499999997 0.6230625000000001 0.07270312499999995 0.13351388888888888
2 0.53151171875 0.6169583333333333 0.16057031249999998 0.19502777777777772
19 0.56753515625 0.6943333333333332 0.03694531249999997 0.09588888888888884
19 0.646125 0.5567222222222222 0.09382812499999993 0.18566666666666676
14 0.717390625 0.5510972222222221 0.06804687499999992 0.1627500000000001
16 0.39360546875 0.7701527777777778 0.08527343749999998 0.1260833333333333
17 0.22922265625 0.5605 0.0692265625 0.10055555555555552
14 0.34734375 0.42840277777777774 0.069234375 0.08405555555555554
7 0.452359375 0.43696527777777777 0.15028125000000006 0.2117083333333334
19 0.5707890625 0.4748888888888889 0.09368750000000006 0.10050000000000002
19 0.5783671874999999 0.3502708333333333 0.05810937500000009 0.1380694444444444
0 0.28219921875000004 0.2964791666666667 0.08161718750000002 0.14884722222222224
18 0.44763671875 0.2594236111111111 0.10621093750000003 0.178625
14 0.52748046875 0.32684027777777774 0.07599218749999999 0.17887499999999995
17 0.5622890625 0.2112986111111111 0.09917187500000005 0.14740277777777777
11 0.67310546875 0.20875000000000002 0.11253906249999997 0.10472222222222222
17 0.423140625 0.15272916666666667 0.07528124999999997 0.18762499999999996
14 0.29930859375 0.0957638888888889 0.17238281249999998 0.1915277777777778
19 0.27714453125 0.194 0.04080468750000001 0.06755555555555554
2 0.34996484375000003 0.27843055555555557 0.07810156250000003 0.1563611111111111
16 0.17090234375 0.051972222222222225 0.10272656250000001 0.10394444444444445
2 0.64160546875 0.12264583333333334 0.22655468750000002 0.24529166666666669
16 0.49314843750000004 0.05572222222222222 0.07457812500000002 0.11144444444444444
19 0.39921484375 0.05134722222222222 0.0654296875 0.10269444444444444