19 0.99477734375 0.01670138888888889 0.010445312499999915 0.03340277777777778
19 0.42682421875000004 0.9902847222222222 0.015835937499999987 0.01943055555555557
19 0.371390625 0.9459722222222222 0.05543750000000003 0.10805555555555549
19 0.5326718749999999 0.9114027777777777 0.08699999999999992 0.15219444444444435
18 0.45651953125 0.9002083333333333 0.029648437500000034 0.06022222222222208
10 0.586203125 0.8161597222222222 0.17620312499999996 0.12381944444444457
19 0.43339453124999994 0.7260763888888888 0.05557031250000009 0.10231944444444446
19 0.48506640624999997 0.668125 0.08625781250000006 0.24263888888888896
19 0.4042265625 0.6102847222222223 0.10635937500000003 0.17445833333333335
19 0.44619921875 0.6341805555555555 0.026242187499999937 0.04586111111111109
19 0.5506093750000001 0.7462152777777777 0.03821875000000006 0.05684722222222231
3 0.72691015625 0.641625 0.07463281249999998 0.18527777777777774
10 0.310875 0.7036597222222222 0.16920312500000004 0.11098611111111115
19 0.27582031249999994 0.6004513888888889 0.11031250000000004 0.11084722222222215
19 0.547296875 0.6614861111111111 0.12703124999999993 0.20694444444444443
3 0.592140625 0.46847916666666667 0.11878124999999998 0.26218055555555553
19 0.42276171875 0.46849305555555554 0.11121093749999997 0.1060972222222222
19 0.32940234375 0.4084652777777778 0.11057031249999998 0.29065277777777776
18 0.39759375 0.36584722222222227 0.10067187500000001 0.11791666666666664
19 0.52028125 0.29756944444444444 0.07198437500000007 0.26069444444444445
19 0.3693359375 0.14963194444444444 0.29070312499999995 0.2992638888888889
18 0.11199218749999999 0.13903472222222224 0.10217187500000002 0.2780694444444445