12 0.296828125 0.9732430555555556 0.06696875000000002 0.053513888888888854
19 0.2732109375 0.9432222222222222 0.06349999999999997 0.10358333333333324
19 0.442578125 0.9770833333333333 0.05234375 0.04583333333333333
19 0.51267578125 0.9291805555555556 0.1107421875 0.14163888888888893
2 0.6004296874999999 0.9547916666666666 0.117578125 0.09041666666666653
19 0.3373046875 0.6771250000000001 0.09771875000000003 0.1758055555555556
19 0.48078125000000005 0.641798611111111 0.06828125000000007 0.18943055555555555
17 0.5175078125 0.5902569444444444 0.05748437499999994 0.1385694444444444
0 0.24737890625000003 0.49191666666666667 0.08825781250000002 0.17077777777777783
17 0.34289453124999997 0.3527152777777778 0.08500781249999996 0.1641527777777778
19 0.4275546875 0.5236736111111111 0.09537499999999999 0.12456944444444452
17 0.39133593749999995 0.2344513888888889 0.07504687499999996 0.15212499999999998
18 0.435328125 0.1827430555555556 0.03371875000000006 0.06784722222222224
19 0.600546875 0.8152916666666666 0.20265625000000007 0.36758333333333343
19 0.41865625 0.6409791666666667 0.07971874999999998 0.1894305555555556
19 0.6184453125 0.5891736111111111 0.08279687500000002 0.12501388888888887
19 0.22452343749999998 0.6258472222222222 0.058609374999999984 0.08383333333333336
8 0.77119921875 0.40925000000000006 0.07867968750000003 0.2075833333333334
18 0.5522812500000001 0.19539583333333332 0.07106250000000003 0.1330972222222222
0 0.76396484375 0.2581805555555555 0.07475781250000005 0.12236111111111114
19 0.40871484375 0.5314305555555555 0.03863281250000004 0.040833333333333305
19 0.5927617187499999 0.044104166666666667 0.1004765625000001 0.08820833333333333
18 0.11199218749999999 0.13903472222222224 0.10217187500000002 0.2780694444444445