19 0.56073828125 0.9559305555555555 0.23157031250000007 0.08813888888888893
19 0.23543750000000002 0.9456458333333333 0.09165624999999997 0.10870833333333331
14 0.6769296875 0.8396527777777777 0.12945312500000003 0.18336111111111109
19 0.56140625 0.7447013888888888 0.08748437500000002 0.16606944444444435
17 0.48628125000000005 0.7858124999999999 0.08823437500000005 0.13381944444444432
17 0.30303125 0.7781944444444444 0.08312499999999998 0.18086111111111114
16 0.324796875 0.741125 0.19593749999999996 0.47741666666666666
19 0.43608203125000006 0.8550972222222223 0.04150781250000009 0.09533333333333348
19 0.45629687499999994 0.9204097222222223 0.04637499999999992 0.0703750000000001
19 0.4887968750000001 0.6211736111111111 0.10110937500000006 0.17245833333333327
19 0.61978125 0.5612499999999999 0.08578124999999996 0.1356111111111111
19 0.19784765625 0.6788333333333333 0.08282031249999999 0.19249999999999995
19 0.39149609375 0.6302777777777778 0.14074218750000003 0.24805555555555558
2 0.2245625 0.6259652777777778 0.17484375000000002 0.23943055555555554
19 0.33449609375 0.4674791666666666 0.22805468750000008 0.3071805555555555
16 0.43841015624999996 0.4279097222222222 0.11161718749999996 0.18643055555555557
19 0.45533984375000003 0.5002777777777777 0.07171093749999997 0.0949166666666667
7 0.5825546875 0.46314583333333337 0.16274999999999995 0.16054166666666672
8 0.777015625 0.44872916666666673 0.034531250000000034 0.11209722222222228
15 0.7393984375 0.3358402777777778 0.06109375000000004 0.19029166666666666
19 0.76123046875 0.5107986111111111 0.020476562500000028 0.044736111111111164
19 0.424296875 0.3862222222222222 0.06673437500000001 0.09347222222222219
19 0.5100703125 0.335625 0.11425 0.17072222222222225
19 0.6093164062499999 0.33616666666666667 0.08186718749999997 0.10072222222222224
9 0.6462265625000001 0.25618749999999996 0.1233281250000001 0.2715138888888889
19 0.428171875 0.2540763888888889 0.10212500000000002 0.22954166666666664
19 0.5506367187500001 0.1 0.055648437500000016 0.2
19 0.36780859375 0.1655486111111111 0.03033593750000003 0.17676388888888886
17 0.09126562499999999 0.011173611111111112 0.054765625000000005 0.022347222222222223
19 0.43598437500000004 0.12185416666666667 0.04209375000000008 0.07870833333333332
17 0.45426171874999993 0.010694444444444444 0.061789062499999936 0.021388888888888888
19 0.19119531250000002 0.07822222222222222 0.07292187500000002 0.15644444444444444