19 0.6851875 0.9525972222222222 0.09184374999999996 0.09480555555555555
17 0.731484375 0.9706319444444444 0.05625 0.05873611111111106
19 0.37578125 0.96875 0.05234375 0.0625
8 0.6673828125 0.6633611111111111 0.17554687500000005 0.44294444444444453
19 0.5577187499999999 0.7238958333333334 0.2905468750000001 0.5522083333333332
3 0.8553750000000001 0.8995972222222222 0.1298749999999999 0.20080555555555546
19 0.23278906250000003 0.9375347222222222 0.16940625000000004 0.12493055555555561
19 0.27590234375 0.8592291666666666 0.07522656249999997 0.08654166666666659
19 0.46583593749999996 0.8547638888888888 0.18564062499999995 0.24444444444444444
12 0.27959375 0.7249861111111111 0.09085937499999996 0.22922222222222216
12 0.20685156249999997 0.6670347222222222 0.06946875 0.1856527777777778
12 0.78705859375 0.7338541666666667 0.08852343749999995 0.1455972222222222
12 0.76826953125 0.8148194444444444 0.050226562499999974 0.06847222222222216
10 0.8133359375 0.6278194444444444 0.08478124999999999 0.22052777777777774
9 0.3886328125 0.5596805555555556 0.202640625 0.36666666666666664
3 0.3696328125 0.4364305555555555 0.10948437500000004 0.16149999999999995
19 0.8441367187500001 0.4368888888888889 0.029445312500000043 0.06138888888888895
19 0.77680859375 0.5206875 0.05139843750000006 0.08687499999999994
3 0.8143046875 0.31325694444444446 0.12982812499999996 0.19412499999999996
19 0.53673046875 0.3469027777777777 0.18405468749999992 0.2382222222222222
8 0.6355078125 0.25610416666666663 0.154296875 0.2772083333333334
19 0.38109375 0.3808333333333333 0.03953125000000002 0.43027777777777787
0 0.45768359374999995 0.45656944444444447 0.05125781249999992 0.08363888888888893
19 0.464453125 0.30530555555555555 0.07078124999999993 0.11983333333333329
19 0.52892578125 0.2365347222222222 0.06316406249999992 0.08362499999999998
7 0.29987890625 0.11547222222222223 0.1476484375 0.23094444444444445
17 0.5237773437500001 0.12375694444444443 0.0749921875 0.11834722222222219
19 0.5532656250000001 0.06824305555555556 0.08510937500000004 0.1364861111111111
16 0.43732812499999996 0.04402777777777778 0.07753125000000001 0.08805555555555555
19 0.48998828125000005 0.042555555555555555 0.061507812500000016 0.08511111111111111