18 0.5570546875 0.9706250000000001 0.06214062499999997 0.058749999999999934
6 0.7297304687499999 0.8785138888888888 0.1285234375 0.0879722222222221
18 0.58583203125 0.40850694444444446 0.09100781250000001 0.12134722222222223
16 0.33089453124999996 0.46425 0.05666406249999998 0.09480555555555555
13 0.2876796875 0.2470833333333333 0.07589062499999999 0.09222222222222219
12 0.6501015625 0.06684722222222221 0.11526562499999997 0.0943611111111111
10 0.5337500000000001 0.5842638888888888 0.14429687500000005 0.23549999999999993
17 0.5096484375 0.13172222222222224 0.086328125 0.11961111111111111
12 0.523578125 0.035694444444444445 0.18809375 0.07138888888888889
12 0.42312500000000003 0.17659722222222224 0.05875000000000004 0.11347222222222221
12 0.22341796875000003 0.296201388888889 0.0669921875 0.12134722222222227
12 0.21344921874999997 0.81375 0.05324218749999998 0.11186111111111106
18 0.34304687500000003 0.0730486111111111 0.104390625 0.1460972222222222
17 0.43125390625 0.4505416666666667 0.08166406249999998 0.1341666666666667
18 0.265 0.40625694444444443 0.11503125 0.11848611111111107
19 0.730265625 0.3039513888888889 0.16821875000000003 0.34573611111111113
19 0.6513046875 0.5299166666666666 0.06457812500000007 0.09536111111111106
10 0.45191796875 0.8097222222222222 0.1830234375 0.38055555555555554
18 0.26778124999999997 0.8817013888888888 0.02162499999999996 0.038263888888888827
18 0.30253515625 0.6499097222222221 0.030726562500000033 0.07334722222222215
18 0.43980078125000005 0.33861111111111114 0.028445312500000063 0.03558333333333334
19 0.37815234375 0.21551388888888892 0.06494531249999999 0.15452777777777776
17 0.50400390625 0.2365763888888889 0.0931640625 0.07906944444444446
19 0.38304296875 0.5938541666666667 0.0807578125 0.12329166666666665
17 0.42321875000000003 0.5586388888888889 0.06848437500000001 0.09791666666666667
14 0.39979296875000003 0.035041666666666665 0.054601562500000034 0.07008333333333333
2 0.43077734375 0.26836111111111116 0.04253906250000004 0.07738888888888892
19 0.5810898437500001 0.4862152777777778 0.04991406250000008 0.052569444444444474
19 0.6055859375000001 0.2800069444444444 0.036046875000000075 0.090375
18 0.1316640625 0.21155555555555555 0.12370312499999998 0.4231111111111111