19 0.392578125 0.925 0.128125 0.15
19 0.54496875 0.9070902777777778 0.2022343750000001 0.1858194444444444
19 0.69591015625 0.7698819444444445 0.09017968750000005 0.1549305555555555
19 0.779171875 0.9381319444444444 0.07609374999999999 0.12373611111111099
10 0.7754843749999999 0.8015833333333333 0.189375 0.18775000000000008
19 0.6242421874999999 0.8121944444444444 0.19890624999999992 0.29077777777777786
19 0.40175390625 0.8302777777777777 0.11905468750000003 0.1369444444444443
19 0.29301562500000006 0.7804513888888889 0.10882812499999997 0.22640277777777776
17 0.48401562499999995 0.8624722222222222 0.07445312499999997 0.14605555555555566
19 0.4605546875 0.6816666666666666 0.14773437499999997 0.19597222222222224
19 0.394984375 0.6565625 0.09718749999999998 0.273513888888889
19 0.5115195312499999 0.5557986111111112 0.1936640624999999 0.3004861111111111
19 0.5725976562499999 0.4756944444444444 0.20596093750000008 0.3065555555555556
19 0.222765625 0.6424097222222223 0.11934375 0.3550138888888889
19 0.31691796875 0.5126527777777778 0.06227343750000003 0.11472222222222225
19 0.43511328124999993 0.30616666666666664 0.1390546875 0.16819444444444448
19 0.528546875 0.4353125 0.11364062500000002 0.16209722222222223
3 0.64958203125 0.3101388888888889 0.26010156250000005 0.4627777777777777
16 0.240828125 0.5422847222222222 0.08089062499999997 0.15129166666666677
19 0.3954453125 0.42156250000000006 0.07582812499999995 0.17431944444444444
19 0.25940234375 0.30486111111111114 0.13052343749999998 0.1736111111111111
17 0.4238046875 0.23676388888888888 0.09268750000000003 0.1455
10 0.6454570312500001 0.12302083333333334 0.09041406250000002 0.2460416666666667
17 0.83856640625 0.04113194444444444 0.08072656249999995 0.08226388888888889
19 0.53809765625 0.1928125 0.053929687499999976 0.10484722222222223
19 0.54357421875 0.07768055555555556 0.1744140625 0.15536111111111112
17 0.3298046875 0.1665972222222222 0.06492187500000002 0.18263888888888888
19 0.3904296875 0.16587499999999997 0.06664062499999997 0.11241666666666664
8 0.3812109375 0.08347222222222224 0.11710937499999999 0.10333333333333335
19 0.22824218749999997 0.14118055555555556 0.140546875 0.20319444444444446
19 0.28894140625000003 0.026090277777777778 0.05757031250000004 0.052180555555555556
14 0.23140234375 0.0200625 0.06202343749999999 0.040125