2 0.54416015625 0.9720833333333333 0.12824218750000008 0.055833333333333394
12 0.659765625 0.9458333333333333 0.1109375 0.10833333333333334
19 0.7375625 0.9511805555555556 0.04425000000000008 0.09763888888888883
19 0.2479375 0.9549027777777778 0.10656249999999998 0.09019444444444452
19 0.56884765625 0.8900486111111111 0.10224218749999991 0.11498611111111107
19 0.5808203125 0.7897916666666667 0.12032812499999998 0.11705555555555552
19 0.40202734375000004 0.9086111111111111 0.17816406249999997 0.18211111111111095
19 0.29375 0.8472222222222222 0.11796875 0.3055555555555556
19 0.32645703125000003 0.7520347222222222 0.1009765625 0.18884722222222225
19 0.7966562500000001 0.9537222222222224 0.06403125000000003 0.08630555555555569
19 0.28757812499999996 0.6761527777777777 0.03409374999999999 0.04747222222222215
19 0.4466640625 0.7856458333333335 0.166234375 0.14884722222222233
19 0.43704296875 0.7016111111111112 0.05200781249999995 0.0580833333333334
12 0.72141796875 0.6984166666666667 0.0767578125 0.15875
8 0.52675390625 0.6605347222222222 0.13988281249999995 0.1327916666666667
19 0.6032734375 0.5551527777777778 0.09184374999999996 0.31505555555555553
19 0.63897265625 0.6638263888888889 0.09716406249999991 0.1997916666666667
17 0.18728906250000002 0.6403402777777778 0.06062500000000002 0.1695694444444445
19 0.6534296875 0.5135833333333333 0.057656249999999964 0.12769444444444453
9 0.738359375 0.4366875 0.1033125 0.20454166666666665
19 0.39810937500000004 0.5909027777777778 0.13851562499999998 0.2588611111111111
17 0.4767734375 0.5337569444444444 0.05764062499999998 0.12581944444444448
12 0.52687890625 0.5258333333333333 0.05975781250000001 0.11863888888888884
16 0.22037890625000003 0.4673819444444444 0.08217968750000001 0.1335972222222223
11 0.28691015625 0.4904513888888889 0.0955078125 0.25387499999999996
19 0.34139062499999995 0.47838888888888886 0.05979687499999997 0.13005555555555554
19 0.41465625 0.4164444444444444 0.11931250000000002 0.16575000000000004
11 0.4972890625 0.39212500000000006 0.06335937499999993 0.2076388888888889
10 0.3593671875 0.3726597222222222 0.06778124999999999 0.13665277777777776
19 0.677234375 0.2292708333333333 0.281 0.36354166666666665
19 0.43647265625000004 0.1842013888888889 0.1810703125 0.3122916666666667
17 0.22736718749999998 0.16524305555555555 0.08354687500000002 0.188125
19 0.40963671875 0.1481736111111111 0.05864843749999995 0.11684722222222221
10 0.33429296875 0.15897222222222224 0.05967968749999999 0.3001666666666667
19 0.54578125 0.1370138888888889 0.06484375 0.07041666666666666
19 0.25659765625 0.0639375 0.06038281249999997 0.127875
19 0.21201171875 0.043340277777777776 0.062492187500000004 0.08668055555555555
19 0.4378984375 0.03266666666666666 0.053359374999999966 0.06533333333333333