16 0.21468359374999996 0.9608888888888888 0.09428906250000002 0.07822222222222214
17 0.2865625 0.9088958333333333 0.0734375 0.17770833333333338
14 0.71103515625 0.9344166666666667 0.07103906250000006 0.11419444444444449
2 0.41039062499999995 0.8552708333333333 0.19453125 0.2894583333333334
19 0.5255703125 0.9444305555555556 0.03792187499999997 0.11113888888888887
14 0.5658828125 0.8392291666666667 0.1386875 0.09351388888888879
19 0.6596992187499999 0.8231944444444446 0.06411718749999995 0.1419444444444445
19 0.77764453125 0.8688888888888889 0.08607031250000005 0.26222222222222213
18 0.25885156249999997 0.7922777777777779 0.09990625 0.1676111111111112
16 0.2275390625 0.6721944444444444 0.04854687499999999 0.09005555555555553
2 0.3428671875 0.6410416666666666 0.08504687500000001 0.22630555555555562
2 0.43991406250000004 0.657625 0.05095312500000002 0.10608333333333332
10 0.59738671875 0.608375 0.07725781250000008 0.3012500000000001
0 0.5323828125 0.6455416666666667 0.07507812499999993 0.14700000000000005
19 0.392078125 0.6014722222222222 0.04864062499999999 0.21477777777777776
18 0.6763945312499999 0.6061388888888889 0.01875781249999999 0.06005555555555557
19 0.724859375 0.6957986111111111 0.10298437499999995 0.17106944444444439
17 0.61944140625 0.4356041666666667 0.07669531250000006 0.12070833333333329
19 0.6744765625 0.5119236111111112 0.05628124999999997 0.1200694444444445
19 0.46996093749999995 0.4474930555555555 0.11257812499999993 0.25693055555555555
3 0.55754296875 0.46874305555555557 0.06680468749999999 0.16948611111111106
16 0.42102734374999995 0.4978263888888889 0.054179687499999976 0.13384722222222223
19 0.3401015625 0.41996527777777776 0.07948437500000001 0.1744861111111111
19 0.7429453125000001 0.371 0.04996875000000003 0.11575000000000005
19 0.447359375 0.29555555555555557 0.13090624999999995 0.1563888888888889
19 0.8120976562500001 0.3217291666666666 0.09908593749999994 0.12012499999999997
19 0.67087890625 0.22015277777777775 0.23707031250000005 0.34274999999999994
19 0.5370390625000001 0.33375 0.11748437500000009 0.09499999999999997
11 0.49836328124999996 0.19122916666666667 0.07249218749999997 0.09476388888888891
16 0.56378125 0.21873611111111113 0.048531249999999915 0.10225000000000001
17 0.827140625 0.1925277777777778 0.08696875000000004 0.15761111111111115
15 0.340734375 0.08418055555555555 0.11398437499999999 0.1683611111111111
0 0.43276171874999997 0.07892361111111111 0.1072265625 0.15784722222222222
19 0.53787890625 0.08943055555555555 0.10132031250000004 0.1788611111111111
19 0.64975390625 0.051909722222222225 0.13424218749999994 0.10381944444444445
3 0.7506484375 0.059416666666666666 0.07429687499999993 0.11883333333333333