17 0.41319921875 0.9363819444444443 0.08716406249999994 0.12723611111111097
14 0.50538671875 0.8328958333333333 0.10935156250000003 0.20801388888888886
18 0.315296875 0.8955625 0.078015625 0.10398611111111096
18 0.41925390625 0.8136666666666668 0.08232031249999996 0.13994444444444443
19 0.35917187500000003 0.8164930555555555 0.051640625000000016 0.09118055555555568
18 0.32548046875000003 0.7601249999999999 0.052101562500000045 0.08052777777777781
3 0.34888671875000005 0.7178055555555556 0.09058593750000003 0.10300000000000004
14 0.5966484375 0.692625 0.06645312499999996 0.1551111111111112
14 0.6735585937499999 0.5557430555555556 0.12116406249999993 0.31573611111111116
19 0.37683984375 0.46272222222222226 0.11513281249999996 0.22911111111111115
2 0.472359375 0.6343611111111112 0.14614062499999997 0.3583611111111111
19 0.3043515625 0.43943055555555555 0.08353124999999997 0.1756666666666667
18 0.32860546875 0.5646805555555555 0.034554687500000014 0.07619444444444447
19 0.388890625 0.6124930555555554 0.08526562500000004 0.0825416666666666
19 0.5872695312499999 0.4325277777777778 0.04592968749999997 0.06199999999999998
17 0.5780625 0.559375 0.044656250000000064 0.07911111111111116
19 0.4872734375 0.3939166666666667 0.08201562500000001 0.12727777777777777
18 0.4892890625 0.6076111111111111 0.08778124999999992 0.15358333333333338
8 0.6750625 0.4886736111111111 0.12576562500000002 0.19254166666666667
17 0.620984375 0.5047013888888888 0.06909375000000004 0.1642916666666666
18 0.5829257812499999 0.3812152777777778 0.12585156249999993 0.21981944444444443
18 0.6980195312499999 0.37325694444444446 0.11119531249999995 0.09104166666666665
3 0.41167187499999996 0.3058541666666667 0.09946874999999995 0.14568055555555556
2 0.60124609375 0.22977083333333334 0.1296953125 0.127875
19 0.58140234375 0.3084236111111111 0.07025781250000004 0.08059722222222218
3 0.49838281249999994 0.2913888888888889 0.04632812499999996 0.07477777777777782
14 0.49458593749999996 0.25108333333333327 0.07074999999999995 0.12677777777777774
17 0.40499609375 0.2217222222222222 0.08485156249999996 0.12655555555555556
18 0.26678515625 0.2728611111111111 0.1978359375 0.2934444444444444
19 0.7103203125 0.29282638888888884 0.03781250000000007 0.06393055555555552
19 0.67797265625 0.29528472222222224 0.029257812500000036 0.06393055555555552
16 0.67207421875 0.18143749999999997 0.05960156249999997 0.11795833333333335
14 0.5538789062499999 0.08074305555555557 0.07900781250000008 0.15543055555555554
3 0.47875781250000005 0.14877083333333335 0.08534375000000001 0.140875
3 0.71921875 0.15981944444444443 0.05884374999999995 0.07375000000000001
14 0.41262890625 0.0856736111111111 0.11924218750000004 0.14304166666666665
19 0.7388828125 0.06624305555555556 0.11192187499999999 0.1324861111111111
19 0.26413281250000004 0.08502777777777777 0.07387499999999995 0.16516666666666668
19 0.3394765625 0.06039583333333333 0.1309375 0.12079166666666666