19 0.68721484375 0.9526319444444444 0.06010156250000005 0.09473611111111116
12 0.3802890625 0.9479097222222223 0.09989062499999997 0.10418055555555554
19 0.49093359375 0.8739444444444444 0.03407031249999992 0.24905555555555547
19 0.5690390625 0.8889791666666668 0.15581250000000005 0.22204166666666653
19 0.691859375 0.7794791666666667 0.13025000000000003 0.1883749999999999
10 0.81039453125 0.8079166666666666 0.07132031249999997 0.14727777777777773
19 0.36882031249999997 0.8916111111111111 0.029609374999999983 0.05897222222222227
18 0.39148046875 0.686763888888889 0.0684609375 0.12586111111111103
16 0.2859375 0.7103541666666666 0.073140625 0.09362499999999996
19 0.5524921875000001 0.5704861111111111 0.05350000000000001 0.06788888888888889
12 0.627671875 0.6867569444444445 0.10590624999999995 0.18723611111111105
19 0.6661015625 0.6231111111111111 0.05687499999999997 0.10127777777777772
19 0.21437499999999998 0.6626944444444445 0.028781250000000026 0.0433333333333334
19 0.46111328124999995 0.7208541666666667 0.025679687499999916 0.05768055555555552
19 0.25541796875 0.5512569444444445 0.12911718749999998 0.16279166666666672
18 0.5544765625 0.4094583333333333 0.06182812500000008 0.16472222222222224
19 0.3195703125 0.39525 0.08375000000000003 0.08522222222222224
12 0.28292578125 0.3017916666666667 0.1142578125 0.1755277777777778
19 0.39123437499999997 0.26317361111111115 0.10893750000000005 0.15329166666666666
19 0.28754296874999996 0.17025 0.13178906250000005 0.2506111111111111
19 0.36015625 0.11099305555555554 0.11515625000000003 0.21170833333333333
18 0.50802734375 0.2852152777777778 0.04875781250000007 0.06068055555555555
19 0.5808242187499999 0.22106944444444443 0.12678906249999997 0.11091666666666669
19 0.4971953125 0.21066666666666667 0.05998437499999998 0.09366666666666666
18 0.5601093749999999 0.15044444444444444 0.07853124999999998 0.1327222222222222
11 0.7927226562499999 0.20690277777777777 0.13564843750000008 0.19536111111111115
11 0.36105078125 0.04570138888888889 0.13166406249999998 0.09140277777777778
19 0.45080859375 0.10125 0.17853906249999998 0.11805555555555555
19 0.45155078125000003 0.028208333333333332 0.04144531249999996 0.04422222222222222
19 0.6763984375 0.11949305555555555 0.02776562499999997 0.049375000000000016
18 0.11199218749999999 0.13903472222222224 0.10217187500000002 0.2780694444444445