19 0.43286328125000006 0.9818055555555555 0.05853906250000005 0.03638888888888895
11 0.523828125 0.9805555555555555 0.05 0.03888888888888889
7 0.213 0.9043055555555556 0.149171875 0.19138888888888883
8 0.6683671875 0.893486111111111 0.252109375 0.21302777777777793
19 0.8087851562500001 0.9556666666666666 0.06428906249999997 0.08866666666666655
19 0.3482109375 0.6413263888888889 0.060484374999999965 0.18945833333333337
2 0.629859375 0.7472986111111112 0.3584062499999999 0.436125
19 0.419890625 0.8317083333333334 0.06910937500000003 0.15280555555555553
19 0.22873046874999997 0.600736111111111 0.09191406249999998 0.26047222222222216
14 0.37554687500000006 0.6515972222222223 0.17132812499999997 0.19388888888888892
19 0.60409765625 0.7207013888888889 0.2195078125 0.4992916666666667
11 0.8271796874999999 0.4064583333333333 0.07873437500000006 0.33672222222222226
19 0.5377578125 0.5543888888888888 0.12503124999999998 0.20541666666666664
17 0.5645390625 0.46346527777777785 0.07418750000000003 0.13481944444444435
19 0.6113789062499999 0.41633333333333333 0.05785156249999997 0.15955555555555556
19 0.42762890625 0.5351250000000001 0.10952343750000004 0.18277777777777782
19 0.50297265625 0.40813194444444445 0.09786718749999998 0.09593055555555546
19 0.40856250000000005 0.44822222222222224 0.11915624999999999 0.18766666666666668
19 0.36581640625 0.3338888888888889 0.08250781249999997 0.1251111111111111
10 0.53836328125 0.31552083333333336 0.16585156249999997 0.1527916666666667
12 0.70868359375 0.16770833333333332 0.1995078124999999 0.33541666666666664
19 0.5502343749999999 0.15604166666666666 0.21156249999999996 0.3120833333333333
19 0.42002734375 0.19363888888888892 0.1122421875 0.20616666666666666
19 0.2439453125 0.18361111111111109 0.08148437499999997 0.19138888888888891
19 0.31625000000000003 0.109375 0.128125 0.21875
19 0.43926171875 0.0821875 0.054773437499999925 0.09601388888888888
19 0.41099609375 0.06509722222222222 0.08097656250000003 0.13019444444444445