14 0.28952734375 0.9752083333333333 0.06108593750000004 0.049583333333333396
18 0.59856640625 0.930236111111111 0.058992187499999994 0.13952777777777783
18 0.28346875 0.6950138888888888 0.14396874999999998 0.298361111111111
8 0.3969140625 0.6784652777777778 0.167890625 0.4187916666666666
2 0.8082421875 0.7557083333333333 0.12368750000000003 0.36191666666666655
3 0.50976953125 0.6341180555555556 0.052773437499999964 0.14984722222222221
16 0.5695234375 0.6180208333333334 0.08101562500000004 0.10495833333333325
5 0.6253203125 0.5127777777777779 0.11460937500000004 0.1865277777777777
14 0.8143710937499999 0.5296736111111111 0.05705468750000007 0.1287361111111112
2 0.2606484375 0.24520833333333336 0.29598437499999997 0.4904166666666667
7 0.44341015625 0.5653472222222222 0.09286718749999996 0.10791666666666673
19 0.43755859374999995 0.6304652777777777 0.08046093750000001 0.1365416666666666
15 0.3991015625 0.3851388888888889 0.11728125000000005 0.32886111111111105
19 0.4873984375 0.2813541666666666 0.04878125000000004 0.07918055555555555
3 0.603609375 0.2981875 0.10110937500000006 0.14976388888888892
17 0.4291015625 0.1524375 0.06206250000000004 0.13320833333333332
18 0.30401953125 0.2341111111111111 0.09164843749999996 0.21722222222222218
3 0.33193359375 0.12736805555555558 0.0842734375 0.11984722222222224
19 0.353015625 0.05432638888888889 0.09693749999999998 0.10865277777777778
19 0.51259375 0.01125 0.06425 0.0225
2 0.278703125 0.06663888888888889 0.054421874999999974 0.13327777777777777