19 0.526171875 0.9381944444444444 0.2234375 0.12361111111111112
19 0.54708203125 0.9584305555555555 0.14360156249999995 0.08272222222222214
19 0.658828125 0.9285694444444443 0.09010937499999994 0.14286111111111097
14 0.806640625 0.9736111111111111 0.109375 0.05277777777777778
19 0.62975 0.9694791666666667 0.02575000000000003 0.0457916666666667
19 0.5121132812500001 0.8507152777777778 0.11416406250000008 0.12609722222222217
19 0.42639453125000004 0.8178680555555554 0.05150781250000005 0.08973611111111097
19 0.21956250000000002 0.7313402777777779 0.05943750000000001 0.392375
9 0.26378124999999997 0.6834583333333333 0.14625000000000002 0.21305555555555553
11 0.6063515625 0.8446944444444444 0.14764062500000003 0.19908333333333322
19 0.70172265625 0.8006111111111112 0.09872656249999992 0.116888888888889
12 0.44738281250000006 0.7640138888888889 0.08759374999999991 0.17616666666666664
10 0.74533984375 0.7173680555555555 0.09694531249999994 0.0970694444444445
19 0.7975859375000001 0.4711666666666667 0.18129687500000005 0.3464722222222223
19 0.54775 0.5142916666666666 0.20721875 0.5006111111111112
19 0.41237890625 0.5806666666666667 0.08944531250000001 0.18661111111111112
19 0.31082421875 0.6027569444444445 0.1806953125 0.23684722222222218
19 0.5845 0.7094305555555556 0.05459375000000009 0.08241666666666671
15 0.6554296875000001 0.6334583333333333 0.14665625000000002 0.3329722222222222
19 0.240328125 0.41336805555555556 0.15453124999999998 0.21934722222222228
19 0.36151171875 0.43914583333333335 0.09889843749999998 0.1500694444444444
19 0.4058125 0.4850625 0.09024999999999998 0.13187500000000008
19 0.44827734374999995 0.38775 0.07094531249999995 0.14980555555555558
19 0.59883203125 0.3691666666666667 0.11999218749999993 0.1670833333333333
19 0.40504296875 0.3228055555555555 0.07907031250000003 0.11294444444444443
7 0.8343515625 0.26706944444444447 0.185546875 0.3521944444444445
7 0.7108554687499999 0.2570763888888889 0.05750781249999992 0.1955416666666667
19 0.686984375 0.38705555555555554 0.05751562499999992 0.1327777777777778
19 0.43709765625 0.16259027777777776 0.05591406249999995 0.12065277777777779
10 0.1868359375 0.22291666666666668 0.127109375 0.15888888888888889
10 0.62001953125 0.17634027777777778 0.10902343749999996 0.17562499999999998
19 0.43967968749999997 0.09137500000000001 0.191625 0.18275000000000002
19 0.3500546875 0.11132638888888889 0.04532812499999998 0.06593055555555555
19 0.53815234375 0.18033333333333335 0.017289062500000084 0.019083333333333345