8 0.73012109375 0.9147708333333333 0.20335156250000005 0.17045833333333335
2 0.56064453125 0.8304374999999999 0.11117968749999996 0.339125
19 0.45048046875000003 0.9791388888888889 0.03441406249999997 0.041722222222222174
19 0.7172265624999999 0.8335833333333332 0.07507812499999993 0.09805555555555542
19 0.6288125 0.8859166666666667 0.08392187500000006 0.22816666666666663
19 0.48829687499999996 0.8402777777777778 0.030437500000000027 0.07058333333333325
19 0.43494921875000003 0.9145972222222222 0.11514843750000003 0.0941111111111111
19 0.4218671875 0.7530277777777777 0.1125 0.30691666666666667
19 0.35625390625 0.8364375000000001 0.021335937499999957 0.03962499999999996
19 0.64893359375 0.7497569444444445 0.10588281249999998 0.14118055555555561
19 0.35068359375 0.745625 0.04844531249999999 0.1370833333333334
19 0.23245312499999998 0.6621319444444445 0.059687499999999984 0.12470833333333337
8 0.74361328125 0.7022083333333333 0.08086718749999999 0.17411111111111105
10 0.5263203125 0.7792777777777776 0.09926562499999995 0.2423611111111111
19 0.54763671875 0.7030763888888889 0.09528906250000002 0.18223611111111115
8 0.30883203125 0.6448819444444445 0.07941406249999998 0.1369305555555556
10 0.32813671875 0.5597916666666667 0.15574218749999996 0.2459444444444445
18 0.52551953125 0.490125 0.4105390625 0.48777777777777787
19 0.7222890625 0.496 0.030421875000000043 0.12416666666666663
19 0.43015234375 0.486375 0.13235156250000002 0.23872222222222222
19 0.25413671875 0.3443263888888889 0.06088281250000005 0.5453194444444445
7 0.20891015625000003 0.4735138888888889 0.06485156249999999 0.21513888888888885
17 0.23131250000000003 0.2823611111111111 0.13764062500000002 0.15294444444444444
2 0.368171875 0.24249305555555556 0.08475000000000002 0.4622083333333334
2 0.50513671875 0.2391597222222222 0.1244140625 0.10823611111111112
2 0.6964296875 0.18794444444444444 0.06589062499999994 0.17327777777777775
19 0.403921875 0.2799722222222222 0.04367187500000003 0.1253055555555556
19 0.82701171875 0.14529861111111111 0.08471093749999996 0.11529166666666665
12 0.22453906250000003 0.15612499999999999 0.14029687500000004 0.2423611111111111
12 0.7731406249999999 0.09394444444444444 0.18396874999999993 0.18788888888888888
19 0.4430703125 0.1713888888888889 0.05589062499999997 0.34222222222222226