10 0.378125 0.9625 0.0515625 0.075
8 0.6185937499999999 0.7498611111111111 0.05546875 0.20527777777777773
12 0.32234375000000004 0.8049999999999998 0.06328125 0.1133333333333332
16 0.22851953125 0.7799791666666667 0.12750781250000004 0.22579166666666659
19 0.7435078125 0.7330486111111112 0.07192187499999995 0.1157916666666666
19 0.4990625000000001 0.7709027777777778 0.05734375000000007 0.10652777777777785
7 0.37309765625 0.5213541666666667 0.18842968750000005 0.2638194444444445
7 0.50451171875 0.5391874999999999 0.08519531249999997 0.21134722222222216
19 0.40805078124999994 0.8821527777777779 0.09900781250000001 0.177638888888889
2 0.2301875 0.49511805555555555 0.08975 0.13615277777777773
19 0.30537890624999997 0.5025833333333334 0.08013281249999996 0.19961111111111116
17 0.4967734375 0.39577777777777784 0.06629687499999992 0.12655555555555556
19 0.70042578125 0.2884722222222222 0.15241406249999995 0.2030555555555555
19 0.2602109375 0.16131944444444446 0.15942187500000002 0.2004166666666667
19 0.46183593749999996 0.21868055555555554 0.109765625 0.18569444444444444
19 0.72938671875 0.12831944444444443 0.17232031250000004 0.23669444444444437
19 0.59308203125 0.1399861111111111 0.05125781249999992 0.08238888888888887
19 0.48164453125000006 0.12525694444444443 0.09619531250000009 0.10859722222222222
10 0.41465625 0.09602777777777778 0.09521875000000005 0.19205555555555556
18 0.11199218749999999 0.13903472222222224 0.10217187500000002 0.2780694444444445