7 0.66307421875 0.9828472222222222 0.05775781250000005 0.03430555555555562
12 0.47208203125 0.9570347222222222 0.09489843750000002 0.0859305555555554
6 0.3665625 0.9315347222222221 0.15773437499999998 0.13693055555555544
19 0.73720703125 0.9671527777777779 0.043929687500000016 0.06569444444444437
18 0.54609375 0.9493055555555555 0.07578125 0.10138888888888889
8 0.625 0.9298611111111111 0.09921875 0.14027777777777778
19 0.21319140625 0.9128888888888889 0.08872656249999997 0.1066111111111111
17 0.3632578125 0.7669166666666666 0.06507812499999996 0.15286111111111103
19 0.5338359374999999 0.7634027777777778 0.25592187499999997 0.383
19 0.61362109375 0.48101388888888896 0.08713281249999998 0.1372499999999999
19 0.40866015625 0.8434305555555556 0.03639843749999998 0.0941111111111111
19 0.7001875 0.7800763888888889 0.07828125000000004 0.18826388888888881
12 0.73308984375 0.7095972222222222 0.07644531249999993 0.11861111111111115
17 0.68641015625 0.6068333333333333 0.11028906250000006 0.16077777777777777
19 0.41821875000000003 0.6659791666666667 0.06507812499999996 0.08823611111111107
19 0.34450390625000005 0.6568472222222222 0.02867968750000003 0.08630555555555554
19 0.7683710937500001 0.9422916666666667 0.016710937500000078 0.025555555555555682
17 0.545015625 0.5044097222222222 0.06948437500000004 0.11765277777777783
19 0.24646093750000003 0.44841666666666663 0.081921875 0.14813888888888885
19 0.4650585937500001 0.5328402777777778 0.060664062500000074 0.10587500000000002
19 0.3441015625 0.8825277777777777 0.09817187499999998 0.09413888888888886
19 0.5816015625 0.5083333333333333 0.029781249999999915 0.045111111111111137
19 0.5071484374999999 0.4028611111111111 0.05073437500000004 0.07566666666666669
19 0.515046875 0.3040972222222222 0.062890625 0.12944444444444447
19 0.6711171874999999 0.3995694444444444 0.07501562499999999 0.13055555555555556
19 0.3957578125 0.5615069444444444 0.043234375000000026 0.08809722222222215
17 0.56245703125 0.39216666666666666 0.04972656250000007 0.09544444444444448
19 0.28060546875000003 0.2787569444444445 0.1516484375 0.13070833333333334
19 0.45909765625 0.31061805555555555 0.05974218750000002 0.13234722222222225
8 0.8326953125 0.12090277777777778 0.095703125 0.24180555555555555
10 0.7914023437500001 0.18968749999999998 0.15063281250000005 0.2617361111111111
18 0.48230468749999994 0.21789583333333332 0.06726562499999993 0.13356944444444446
19 0.5972578125 0.17395833333333333 0.15685937499999997 0.33486111111111116
19 0.4472578125 0.13400694444444447 0.11935937499999998 0.20393055555555561
6 0.24213281249999996 0.05663194444444445 0.05415624999999995 0.10587500000000002
12 0.42748437499999997 0.03027777777777778 0.09154687500000006 0.06055555555555556
2 0.63759375 0.10380555555555555 0.26029687500000004 0.2076111111111111
18 0.39659765625 0.08113888888888889 0.047429687499999984 0.1