19 0.276296875 0.9048541666666666 0.10459375 0.19029166666666666
14 0.21731249999999996 0.9069444444444444 0.10618749999999996 0.18611111111111112
19 0.349078125 0.9459166666666666 0.05221875000000002 0.10816666666666681
19 0.46271484375 0.9453333333333334 0.08511718750000004 0.10933333333333337
19 0.552734375 0.91875 0.0875 0.1625
19 0.660359375 0.8829861111111111 0.14990625000000007 0.23402777777777778
19 0.3850625 0.8982638888888889 0.022312499999999957 0.03844444444444453
19 0.35716796874999995 0.8568194444444444 0.09452343749999996 0.09005555555555544
19 0.47064453124999994 0.7790416666666666 0.14594531249999995 0.2137777777777778
19 0.5596249999999999 0.7993402777777777 0.03699999999999992 0.06101388888888898
17 0.341078125 0.7825138888888888 0.056656249999999984 0.11263888888888876
17 0.770171875 0.7870347222222221 0.07640625000000005 0.11473611111111097
19 0.22187109375 0.7077013888888889 0.10788281250000002 0.19559722222222228
19 0.183375 0.4807638888888889 0.14937499999999998 0.37625
19 0.25489843749999996 0.597125 0.08226562499999997 0.1245833333333334
14 0.513 0.5770069444444446 0.15607812499999998 0.32368055555555547
19 0.5456796875000001 0.5751875 0.07843750000000008 0.15812500000000004
19 0.7332148437500001 0.5684861111111111 0.2654140625000001 0.455
17 0.2690234375 0.4884305555555555 0.060890625000000045 0.12088888888888884
17 0.27941796874999997 0.3940972222222222 0.0680703125 0.10741666666666672
17 0.40825781250000004 0.4160972222222222 0.09065624999999997 0.11683333333333334
15 0.59980078125 0.46455555555555555 0.09782031250000003 0.2111111111111111
10 0.37146484375 0.48731944444444447 0.14611718750000002 0.1326388888888889
19 0.48809765625 0.3830347222222222 0.0710859375 0.10526388888888888
19 0.46497265624999995 0.5054652777777778 0.0505859375 0.08606944444444448
19 0.28894140625000003 0.21194444444444444 0.2157265625 0.42388888888888887
19 0.4894140625 0.18760416666666666 0.198828125 0.340625
12 0.7066953125 0.22106944444444446 0.21634374999999997 0.3543611111111111
11 0.7810195312499999 0.07543749999999999 0.06071093749999994 0.15087499999999998
17 0.6110078125 0.04853472222222222 0.08028125 0.09706944444444444
17 0.215 0.022534722222222223 0.078328125 0.04145833333333333
19 0.5843945312500001 0.1287152777777778 0.06942968749999992 0.15190277777777778