10 0.38876171875 0.9029652777777778 0.10002343749999998 0.19406944444444446
19 0.191109375 0.9570833333333334 0.060968749999999995 0.08583333333333328
2 0.5016171875 0.9864861111111111 0.05029687500000009 0.027027777777777828
19 0.49140625 0.7717361111111111 0.10210937500000003 0.2345833333333334
0 0.46786328125 0.9336805555555555 0.057554687500000055 0.1326388888888889
18 0.53116015625 0.8914166666666667 0.07014843749999997 0.1388333333333334
19 0.61968359375 0.9224166666666667 0.07805468750000007 0.1551666666666667
19 0.757828125 0.7872916666666667 0.08868749999999999 0.1793055555555555
18 0.8251875 0.7994097222222222 0.027890624999999857 0.05704166666666658
17 0.5900117187499999 0.7577083333333333 0.06528906249999995 0.1440000000000001
18 0.38371875 0.7767430555555557 0.04764062499999997 0.04601388888888904
8 0.2983046875 0.6821597222222222 0.09132812499999998 0.18823611111111108
3 0.39020312500000004 0.6892430555555555 0.09000000000000004 0.13376388888888882
13 0.48930078125 0.5307152777777778 0.17644531249999992 0.33976388888888887
19 0.6615585937499999 0.768638888888889 0.1414140625 0.25922222222222213
18 0.5872304687500001 0.5974305555555556 0.07278906250000006 0.2113611111111112
7 0.64299609375 0.6174375 0.0767578125 0.12709722222222222
7 0.33902734375 0.5380069444444444 0.0741171875 0.19293055555555552
10 0.27394140624999996 0.5152083333333333 0.06710156249999999 0.3034722222222222
18 0.3960390625 0.580375 0.03417187499999996 0.09022222222222227
19 0.5654687500000001 0.393125 0.12062500000000007 0.16122222222222224
18 0.39283984375000003 0.3737013888888889 0.09977343750000003 0.1426527777777778
2 0.41728125 0.23438888888888887 0.0810625 0.11583333333333332
3 0.5408046875 0.19333333333333333 0.32776562499999995 0.38666666666666666
17 0.298171875 0.20259722222222223 0.07306249999999999 0.1581388888888889
12 0.25892578125 0.04497222222222222 0.07941406249999998 0.08469444444444443
18 0.445703125 0.06840277777777778 0.13659374999999999 0.13552777777777775