5 0.809765625 0.9930555555555556 0.0609375 0.013888888888888888
10 0.594140625 0.9638888888888889 0.0703125 0.07222222222222222
14 0.708453125 0.9574305555555556 0.040437499999999994 0.08513888888888882
0 0.50383203125 0.9447083333333334 0.11013281250000002 0.11058333333333319
2 0.42570312499999996 0.8856805555555556 0.14203124999999997 0.22863888888888872
19 0.18165625000000002 0.9359375 0.05384375000000001 0.09451388888888883
12 0.23343359374999997 0.8959930555555555 0.05316406249999996 0.14629166666666657
0 0.6403515625 0.9030902777777778 0.07757812499999997 0.1286805555555557
19 0.3320625 0.8896597222222223 0.09729687499999998 0.08393055555555565
18 0.34376562499999996 0.8237291666666667 0.151953125 0.13159722222222223
2 0.5574375 0.7707847222222223 0.07065625000000005 0.06390277777777777
8 0.7110937500000001 0.6849722222222222 0.16301562500000005 0.46644444444444433
19 0.2688359375 0.7936805555555556 0.08185937499999998 0.17708333333333334
19 0.314234375 0.7080972222222222 0.07265625 0.1300277777777778
11 0.474421875 0.7369583333333334 0.12306249999999999 0.1259722222222223
12 0.293765625 0.5840833333333334 0.06040624999999995 0.10705555555555561
6 0.34624218749999996 0.4963472222222222 0.14121874999999995 0.19286111111111112
10 0.4482695312500001 0.5724444444444445 0.07842968750000008 0.22205555555555556
10 0.50375 0.6378472222222222 0.06378125000000008 0.09466666666666662
10 0.5502421875 0.5674652777777778 0.1278281249999999 0.19120833333333329
19 0.620484375 0.7564027777777778 0.048093749999999956 0.05375000000000006
19 0.656640625 0.492125 0.10971875000000005 0.1213611111111111
19 0.7639023437500001 0.5030972222222222 0.10483593750000005 0.16991666666666672
19 0.75416796875 0.4553263888888889 0.05997656249999998 0.08495833333333327
19 0.7235820312500001 0.3580972222222223 0.11872656250000002 0.17908333333333337
19 0.4111640625 0.39531944444444445 0.08578124999999996 0.08527777777777774
19 0.29846875 0.3928055555555555 0.09215625000000002 0.21080555555555552
19 0.34713671875 0.37647916666666664 0.050742187500000036 0.07126388888888893
19 0.50600390625 0.41498611111111117 0.02008593750000003 0.032944444444444484
12 0.54401953125 0.26974305555555556 0.11761718749999997 0.23690277777777777
19 0.36784765625000004 0.1656388888888889 0.12711718750000003 0.2503888888888889
17 0.67074609375 0.23935416666666665 0.08805468750000003 0.12509722222222222
7 0.27208984375 0.15474305555555556 0.09816406249999998 0.19281944444444446
19 0.22290625 0.2812986111111111 0.06534374999999999 0.09962500000000002
15 0.46487890624999995 0.10516666666666666 0.18705468750000004 0.21033333333333332
8 0.592953125 0.06772222222222223 0.09942187499999999 0.13544444444444445
19 0.6641171875 0.022402777777777775 0.03920312500000005 0.04480555555555555
19 0.36994921875000003 0.023743055555555555 0.05769531250000002 0.04748611111111111
19 0.18056250000000001 0.16021527777777778 0.034703125000000015 0.08679166666666666
19 0.20630078125 0.7287083333333333 0.05338281250000001 0.0625555555555555
18 0.11199218749999999 0.13903472222222224 0.10217187500000002 0.2780694444444445