18 0.25027343750000003 0.9787499999999999 0.062109375 0.04249999999999987
13 0.4841796875 0.9661805555555555 0.10929687500000007 0.06763888888888896
11 0.38041796875 0.9635833333333333 0.06788281249999999 0.0728333333333334
10 0.6119921875 0.9298888888888889 0.06687499999999993 0.14022222222222228
7 0.50353515625 0.8554652777777778 0.1806484375 0.16490277777777781
19 0.60987890625 0.746375 0.04474218749999999 0.08505555555555556
19 0.6563203125 0.8840625 0.03631250000000001 0.07504166666666663
19 0.5079453125 0.6627152777777777 0.13131249999999994 0.19712500000000008
11 0.22070703125 0.6271875 0.14313281250000004 0.3313194444444444
14 0.8287265625 0.4935763888888889 0.05253124999999983 0.09187499999999997
11 0.8206757812500001 0.5621319444444445 0.07599218749999999 0.06304166666666665
14 0.4412109375 0.5159305555555556 0.097265625 0.16750000000000004
19 0.482234375 0.32595833333333335 0.12093749999999996 0.26166666666666666
18 0.5943750000000001 0.23729166666666665 0.12921875000000008 0.3515277777777777
10 0.7150859375 0.2642777777777777 0.12576562500000002 0.28838888888888886
19 0.3414765625 0.20203472222222224 0.07595312500000002 0.1759305555555556
11 0.28196484374999997 0.18097222222222223 0.05658593750000005 0.24499999999999997
17 0.42297265624999997 0.15560416666666665 0.08442968749999995 0.11406944444444443
19 0.75478125 0.06429166666666666 0.19249999999999998 0.12858333333333333
11 0.6374257812499999 0.029770833333333333 0.05235156249999999 0.059541666666666666
15 0.4580078125 0.08455555555555556 0.14943749999999997 0.16911111111111113
19 0.51880078125 0.035020833333333334 0.14944531249999998 0.07004166666666667
3 0.231734375 0.041027777777777774 0.11567187499999998 0.08205555555555555
5 0.442203125 0.4079652777777777 0.03965624999999999 0.0745416666666666