19 0.6794609375 0.9685555555555556 0.13123437500000001 0.06288888888888886
19 0.27385546875 0.9789652777777778 0.0876015625 0.042069444444444395
19 0.46804296875 0.9835 0.028914062499999994 0.03299999999999999
19 0.51329296875 0.9010347222222223 0.06450781249999996 0.19793055555555555
10 0.2774296875 0.8907569444444443 0.076375 0.13343055555555547
8 0.43958203125000006 0.9243472222222223 0.03292968750000007 0.11166666666666679
8 0.58401171875 0.8566388888888888 0.13135156250000007 0.2867222222222223
19 0.2432109375 0.7122083333333333 0.027500000000000035 0.21083333333333326
19 0.45833593750000007 0.8171597222222222 0.040593750000000026 0.1034861111111111
19 0.76133203125 0.9175069444444445 0.017617187499999964 0.04462500000000015
19 0.24549609375 0.6828472222222222 0.04411718750000002 0.12352777777777785
19 0.30917578125 0.5924027777777777 0.10971093750000005 0.24166666666666667
19 0.40321484375 0.7370902777777778 0.04191406250000003 0.0705972222222222
19 0.50303125 0.6308541666666667 0.045218750000000085 0.14701388888888892
12 0.44734375000000004 0.5417152777777777 0.11321875 0.24237499999999998
8 0.60377734375 0.591673611111111 0.12203906250000003 0.27843055555555557
19 0.20992578125 0.6743402777777778 0.0229765625 0.05065277777777782
19 0.24632421875000002 0.49950694444444443 0.08180468750000003 0.21079166666666665
19 0.1900703125 0.4810416666666667 0.041359375 0.12091666666666659
19 0.30523828124999997 0.4078333333333333 0.11580468750000002 0.15683333333333332
19 0.59926171875 0.49838888888888894 0.03071093749999996 0.09538888888888898
19 0.53467578125 0.36713888888888896 0.12799218749999994 0.25583333333333336
19 0.30753125 0.1577638888888889 0.08399999999999999 0.19002777777777777
19 0.46525 0.19136111111111112 0.08931249999999995 0.24311111111111114
19 0.56745703125 0.14597222222222223 0.1141484375000001 0.22527777777777777
10 0.26663281250000004 0.19339583333333335 0.125 0.3776527777777779
10 0.7244375 0.11493055555555555 0.10903124999999995 0.2298611111111111
14 0.3823984375 0.26366666666666666 0.07729687500000004 0.20566666666666664
19 0.68480078125 0.03732638888888889 0.04411718750000002 0.05509722222222223
19 0.2055703125 0.07565277777777778 0.11360937499999997 0.1509722222222222
17 0.1774453125 0.16585416666666666 0.05293749999999999 0.131375
17 0.52762890625 0.020666666666666667 0.054039062500000054 0.04133333333333333
0 0.384796875 0.08447222222222221 0.06617187499999999 0.15294444444444444
19 0.33737109375 0.06584722222222222 0.04411718750000002 0.10391666666666666
19 0.4571328125 0.03361111111111111 0.08510937500000004 0.06722222222222222
19 0.59545703125 0.0196875 0.08161718750000002 0.039375