2 0.27753515625 0.9319722222222222 0.09663281250000004 0.1360555555555556
18 0.56987890625 0.9477638888888889 0.15167968750000008 0.10447222222222226
12 0.2585234375 0.8595069444444445 0.12951562499999997 0.21456944444444445
19 0.3903359375 0.9196319444444444 0.080078125 0.11231944444444429
19 0.46260156250000006 0.9232013888888888 0.07412500000000008 0.14173611111111103
12 0.51235546875 0.8228125000000001 0.1590703125000001 0.27504166666666663
19 0.59761328125 0.8609444444444444 0.0749921875 0.1451944444444444
19 0.64547265625 0.7652708333333333 0.06866406250000008 0.15929166666666675
10 0.69180078125 0.7708333333333334 0.12385156249999998 0.30625
12 0.77359765625 0.8891111111111111 0.10955468749999993 0.17263888888888881
17 0.76700390625 0.7599444444444444 0.06838281249999997 0.1323888888888888
19 0.26487499999999997 0.7278611111111112 0.06671874999999998 0.07402777777777772
19 0.2138828125 0.5739305555555556 0.07448437500000002 0.13869444444444445
19 0.42367968750000007 0.7388750000000001 0.06320312500000003 0.10025000000000009
19 0.41266015625 0.7725000000000001 0.039070312499999996 0.05194444444444457
19 0.6974609375 0.6158819444444444 0.06656250000000004 0.07356944444444448
19 0.6170117187499999 0.5987569444444444 0.08749218750000001 0.12140277777777773
19 0.59868359375 0.7051597222222222 0.06319531250000007 0.1185972222222222
17 0.5493828125 0.6217847222222223 0.05568749999999998 0.1351805555555556
12 0.7966875 0.5403472222222222 0.06734374999999995 0.15033333333333335
19 0.41877343749999996 0.6509097222222222 0.057093749999999985 0.06848611111111104
19 0.36906249999999996 0.6723124999999999 0.042031249999999964 0.1798194444444444
19 0.3745234375 0.5713194444444445 0.06006249999999995 0.06363888888888895
19 0.42767968750000007 0.5818819444444444 0.048562500000000064 0.09362499999999996
19 0.4795625 0.5151111111111111 0.07335937500000007 0.3712222222222222
19 0.41348046875 0.5016041666666666 0.08616406249999997 0.06845833333333329
16 0.30557421875 0.5273125 0.06202343749999999 0.10298611111111108
19 0.35603124999999997 0.5118958333333333 0.03568749999999996 0.0759305555555555
19 0.8425 0.5799652777777777 0.03464062500000011 0.07365277777777773
19 0.6694765625000001 0.5329305555555556 0.05170312500000005 0.11186111111111106
17 0.6933476562499999 0.48865277777777777 0.08799218750000008 0.17158333333333328
19 0.73905859375 0.4383541666666666 0.05510156249999998 0.10076388888888882
19 0.7730078125 0.4401111111111111 0.03754687499999996 0.0632777777777777
17 0.84425390625 0.4326736111111111 0.07477343750000003 0.09131944444444444
19 0.62776171875 0.4455347222222222 0.06911718750000002 0.07156944444444441
12 0.6073671875 0.2763472222222222 0.15984374999999992 0.3404722222222222
19 0.23323437499999997 0.3891944444444444 0.1415625 0.24466666666666662
19 0.3499140625 0.42313888888888884 0.057343749999999985 0.12211111111111106
8 0.42110156249999997 0.36470138888888887 0.12134374999999994 0.23754166666666662
19 0.25839453125 0.44806250000000003 0.05757031250000004 0.13256944444444452
19 0.548921875 0.5945972222222222 0.08048437499999998 0.17322222222222225
19 0.5997578124999999 0.5495833333333333 0.026374999999999992 0.08111111111111108
19 0.1969296875 0.3469513888888889 0.05645312499999999 0.08687499999999998
8 0.29414843749999997 0.2927222222222222 0.12132812499999997 0.12583333333333335
19 0.32159765625000003 0.38167361111111114 0.051820312500000035 0.15859722222222217
19 0.37533984375 0.31214583333333334 0.045835937499999965 0.08318055555555554
19 0.3870078125 0.22227777777777777 0.08339062500000001 0.17205555555555554
19 0.47423046874999997 0.24627777777777776 0.11291406249999998 0.1150555555555556
11 0.3087578125 0.13736111111111113 0.079984375 0.27472222222222226
19 0.23390624999999998 0.13722222222222225 0.08484375000000002 0.16666666666666669
19 0.72095703125 0.34715972222222224 0.07986718750000002 0.12404166666666668
8 0.8153515625000001 0.3381736111111111 0.12743749999999993 0.1455972222222222
19 0.7204531249999999 0.23425694444444448 0.09706250000000001 0.21323611111111107
19 0.77641015625 0.07567361111111111 0.11374218749999994 0.15134722222222222
17 0.47342187499999994 0.14883333333333332 0.09481249999999992 0.0973888888888889
19 0.48627734375 0.10906944444444444 0.13692968749999998 0.2081388888888889
19 0.56841796875 0.06100694444444444 0.12566406249999992 0.12201388888888888
19 0.23720703125 0.03813194444444444 0.07330468750000003 0.07626388888888888