19 0.52009765625 0.9436597222222222 0.06605468749999996 0.1126805555555557
17 0.18739453125 0.9412361111111112 0.06796093750000001 0.11752777777777762
10 0.24419531249999998 0.8588333333333333 0.05804687499999996 0.28233333333333327
19 0.39148046875 0.8262222222222224 0.04955468749999996 0.07691666666666681
19 0.4837421875 0.8170555555555555 0.06078124999999997 0.07144444444444452
19 0.66140234375 0.8448749999999999 0.05161718749999995 0.08236111111111105
19 0.19698046875 0.7310000000000001 0.04838281249999998 0.15263888888888894
19 0.5615664062500001 0.7191666666666666 0.020632812500000063 0.03205555555555553
19 0.43235156249999995 0.6753611111111111 0.05923437499999995 0.10988888888888881
19 0.25971484375 0.6739930555555556 0.07557031250000001 0.12056944444444437
19 0.48977734375000004 0.6427708333333333 0.10716406250000006 0.26359722222222215
19 0.5422382812500001 0.5202152777777778 0.08905468750000001 0.24679166666666674
19 0.23469921875000002 0.5908680555555554 0.11902343750000002 0.1847916666666666
19 0.39301171874999996 0.6303749999999999 0.028851562500000004 0.03480555555555548
19 0.37687109375 0.5577222222222222 0.03605468749999998 0.06044444444444442
19 0.41464453125 0.5281180555555556 0.02266406249999999 0.04212500000000006
19 0.27883203125 0.3562291666666667 0.11882031250000002 0.23198611111111106
19 0.352890625 0.3119444444444444 0.10499999999999998 0.3272222222222222
19 0.4854375 0.3549930555555555 0.17703124999999997 0.2814027777777778
17 0.47474218749999997 0.5131597222222223 0.05254687499999999 0.1355416666666667
17 0.75273046875 0.44093750000000004 0.06902343749999992 0.13462500000000008
17 0.4934765625 0.3115138888888889 0.07046875000000004 0.10988888888888894
10 0.6966406249999999 0.26158333333333333 0.06057812499999997 0.20094444444444445
19 0.327734375 0.23685416666666667 0.09749999999999996 0.15295833333333334
19 0.7580390625 0.27843055555555557 0.05810937500000009 0.11669444444444442
19 0.49903906249999996 0.23531249999999998 0.05068750000000009 0.0439583333333333
2 0.47420703125 0.12077777777777779 0.1889296875 0.19761111111111115
12 0.83293359375 0.15098611111111113 0.1102421875000001 0.18108333333333332
17 0.27618359375 0.08789583333333333 0.09066406249999996 0.17579166666666665
10 0.65015625 0.0860625 0.05975000000000001 0.172125
19 0.53810546875 0.10037499999999999 0.15824218749999996 0.14725000000000002
19 0.5794609375 0.04752083333333333 0.09778125000000007 0.08593055555555554