17 0.5519375 0.947375 0.08757812499999992 0.10524999999999997
19 0.38314453125 0.9709097222222222 0.038867187499999956 0.057763888888888774
12 0.3262578125 0.8980208333333333 0.105578125 0.2039583333333332
19 0.17977734375 0.8217361111111111 0.054523437499999994 0.2007777777777777
19 0.53483203125 0.8307986111111111 0.07182031250000005 0.15184722222222213
19 0.42034374999999996 0.7646944444444445 0.03965624999999999 0.048638888888888863
17 0.7452578125 0.7805416666666667 0.06923437499999992 0.1694722222222222
15 0.25766015625 0.789 0.14847656250000002 0.31205555555555564
19 0.4613359375 0.7232083333333333 0.09518749999999994 0.09455555555555553
19 0.4418046875 0.6265347222222222 0.105078125 0.10768055555555552
19 0.4669140625 0.5509236111111111 0.13101562500000002 0.14815277777777772
19 0.5530234375 0.66625 0.013593750000000071 0.030777777777777734
12 0.699578125 0.5699027777777779 0.135546875 0.19972222222222216
19 0.8216328125000001 0.5261666666666667 0.06532812499999992 0.11447222222222217
19 0.4654140625 0.48773611111111104 0.11274999999999995 0.14763888888888882
14 0.4876953125 0.3018819444444445 0.16320312500000006 0.3768194444444444
19 0.57001171875 0.3886458333333333 0.06674218750000005 0.12943055555555552
19 0.6397304687500001 0.4192083333333333 0.1468671875 0.2055833333333333
19 0.41824218750000003 0.36481249999999993 0.05637500000000002 0.0817638888888889
19 0.58180859375 0.19097916666666667 0.04371093750000003 0.11312499999999999
19 0.5658515625 0.2870069444444444 0.028187499999999942 0.08440277777777776
17 0.25291796875 0.3320694444444444 0.0654296875 0.10022222222222218
17 0.65849609375 0.24370833333333333 0.062460937500000036 0.1393611111111111
17 0.7890429687499999 0.28305555555555556 0.1188359375000001 0.13450000000000004
12 0.26815234375 0.18380555555555556 0.1358359375 0.2137777777777778
17 0.43627734374999994 0.09643055555555555 0.06586718749999995 0.15508333333333332
17 0.51006640625 0.05375694444444444 0.07494531250000006 0.10751388888888888
19 0.36587109375 0.042631944444444445 0.05714843749999998 0.079125
2 0.52262109375 0.02838888888888889 0.14953906250000007 0.05063888888888889
7 0.69165234375 0.0869375 0.1888828125 0.16140277777777776