19 0.5531171875 0.9335416666666666 0.08845312500000002 0.13291666666666674
17 0.70417578125 0.9202569444444445 0.08024218750000003 0.11301388888888873
19 0.46526562500000007 0.9703541666666666 0.07259375000000005 0.05929166666666674
18 0.29076953125 0.9048263888888889 0.12327343749999997 0.19034722222222217
16 0.18122265624999997 0.9154652777777778 0.0861171875 0.14859722222222224
12 0.4726484375 0.8768402777777778 0.08781250000000007 0.1578750000000001
19 0.384734375 0.9160138888888889 0.09296875000000004 0.1679722222222223
18 0.33957031249999997 0.7361597222222224 0.07679687499999996 0.19998611111111111
19 0.694171875 0.9802361111111111 0.039687499999999966 0.03952777777777783
19 0.51551171875 0.7906736111111112 0.06578906250000002 0.0689861111111112
12 0.39767578124999997 0.7718472222222222 0.07247656249999998 0.11902777777777784
16 0.6521171874999999 0.46361111111111114 0.06570312499999993 0.11000000000000007
7 0.5900195312500001 0.6284444444444444 0.05563281250000003 0.1465833333333333
17 0.64167578125 0.6914166666666667 0.059945312500000014 0.16961111111111113
19 0.25235546875 0.5395972222222222 0.07800781250000002 0.14858333333333335
19 0.53118359375 0.6021666666666666 0.12410156249999993 0.16536111111111104
19 0.41362109374999995 0.6058888888888889 0.09116406250000005 0.19274999999999995
19 0.6817265625 0.5792569444444444 0.07193749999999995 0.08826388888888882
14 0.4612421875 0.4854791666666667 0.15048437500000006 0.1667916666666667
18 0.5668124999999999 0.4003541666666667 0.09324999999999992 0.08101388888888894
18 0.36471875 0.3541458333333333 0.06915624999999999 0.12356944444444448
3 0.45933203125000005 0.6465694444444444 0.04486718750000005 0.11622222222222231
19 0.47061328125 0.7475902777777778 0.035804687499999946 0.07509722222222222
3 0.43329296875 0.7592291666666666 0.036351562499999976 0.06984722222222217
12 0.19015624999999997 0.2130138888888889 0.10468749999999998 0.18575000000000003
19 0.41096484375 0.2813125 0.09005468749999998 0.19637500000000002
17 0.5951835937500001 0.1623541666666667 0.06166406250000005 0.18362499999999998
19 0.5471132812499999 0.25065972222222227 0.03166406249999998 0.0725416666666667
18 0.475765625 0.21952083333333333 0.021812500000000058 0.031263888888888876
19 0.5180625 0.16807638888888887 0.07262500000000002 0.10801388888888887
19 0.4255 0.03645138888888889 0.04728124999999998 0.07290277777777777
18 0.32080859375 0.07665277777777778 0.0287109375 0.07355555555555557
18 0.5407500000000001 0.04738194444444445 0.061640625000000074 0.09306944444444445
19 0.4791171875 0.052958333333333336 0.06501562500000002 0.10591666666666667
18 0.685125 0.06313888888888888 0.13931249999999995 0.12158333333333335
19 0.78982421875 0.08072916666666667 0.08527343749999998 0.16145833333333334