17 0.32630859375 0.9569444444444445 0.06707031250000002 0.08611111111111111
17 0.50887890625 0.9842013888888889 0.08492968750000003 0.03159722222222222
19 0.23702734374999998 0.9584305555555555 0.09264843750000003 0.08313888888888875
19 0.579359375 0.9819861111111111 0.052468750000000064 0.03602777777777785
12 0.6995625000000001 0.9454166666666666 0.07940625000000008 0.10916666666666654
9 0.36891796875 0.654875 0.2553671875 0.39613888888888893
19 0.50612109375 0.8310208333333334 0.2691171875 0.24023611111111115
19 0.62043359375 0.9103263888888888 0.10708593749999995 0.1490972222222221
14 0.76779296875 0.9319930555555556 0.08724218750000005 0.11765277777777783
19 0.3509296875 0.8270972222222223 0.022984374999999967 0.02858333333333323
19 0.5032421874999999 0.9538194444444444 0.044140625 0.026250000000000127
14 0.23453515625 0.6949027777777779 0.08713281249999998 0.10980555555555548
19 0.52136328125 0.7119305555555556 0.10367968750000003 0.21569444444444438
19 0.46234765625000007 0.8031388888888888 0.04741406250000004 0.08033333333333322
19 0.649390625 0.7633055555555555 0.061765624999999956 0.13333333333333333
19 0.8376640625 0.7338958333333333 0.04301562499999996 0.05490277777777774
19 0.7088828125 0.6110486111111112 0.026015624999999966 0.04265277777777783
12 0.52976171875 0.5684513888888889 0.09955468750000004 0.1615694444444445
17 0.25784765624999995 0.4485625 0.07172656249999995 0.1489861111111111
14 0.47680468749999994 0.4518472222222222 0.09793749999999993 0.13199999999999995
7 0.57298046875 0.47539583333333335 0.07014843749999997 0.17823611111111118
19 0.45959765625 0.5531458333333333 0.05294531249999999 0.1317638888888889
19 0.36680859374999997 0.4307361111111111 0.14146093749999994 0.14772222222222225
12 0.48407031249999993 0.33800694444444446 0.08210937499999993 0.1504305555555555
19 0.223921875 0.27343055555555557 0.0820625 0.14294444444444446
19 0.40591015625000004 0.26371527777777776 0.11514843749999995 0.19298611111111114
13 0.55908984375 0.171 0.21599218750000002 0.20355555555555555
8 0.513953125 0.17918055555555554 0.11470312499999995 0.24705555555555556
17 0.3303125 0.11840277777777777 0.11139062500000003 0.18038888888888888
17 0.4532890625 0.11741666666666666 0.05073437500000004 0.11961111111111111
19 0.41909765625000006 0.041930555555555554 0.04191406250000003 0.07058333333333333
19 0.54428515625 0.04155555555555556 0.14889843749999992 0.08311111111111112
19 0.8542109374999999 0.027125000000000003 0.029781249999999915 0.049222222222222216