19 0.58046875 0.9826388888888888 0.1046875 0.034722222222222224
3 0.7352734375 0.9909027777777777 0.02507812499999993 0.01819444444444432
10 0.326953125 0.9708333333333333 0.05625 0.058333333333333334
19 0.5496289062499999 0.6873680555555555 0.08482031249999995 0.08468055555555551
19 0.2668203125 0.8428333333333333 0.058984375 0.07674999999999998
16 0.41911718750000004 0.9154305555555555 0.11745312499999998 0.09558333333333324
16 0.78830078125 0.7709583333333332 0.23792968749999996 0.32222222222222224
18 0.556734375 0.7877430555555555 0.08781250000000007 0.13798611111111098
8 0.40153515625 0.7727222222222222 0.10083593749999994 0.24341666666666664
16 0.347625 0.8273125000000001 0.09653124999999996 0.12490277777777786
18 0.4608125 0.7586041666666665 0.10387500000000002 0.2939027777777779
16 0.57004296875 0.5858333333333333 0.09367968750000007 0.17555555555555552
3 0.6257578125000001 0.6233055555555556 0.029281250000000016 0.0926666666666667
19 0.65710546875 0.8283958333333332 0.029054687500000044 0.04626388888888881
17 0.3738125 0.5244583333333334 0.055749999999999966 0.1618333333333333
18 0.49266015625000004 0.5813680555555556 0.08967968749999997 0.14231944444444447
17 0.62523046875 0.5401111111111111 0.0642578125 0.11236111111111108
16 0.8170273437500001 0.4741944444444445 0.0990234375 0.16477777777777775
2 0.6091796875 0.44425694444444447 0.08023437500000004 0.09518055555555552
18 0.44819531250000005 0.27389583333333334 0.10970312500000001 0.34195833333333336
19 0.42662500000000003 0.5591180555555556 0.07057812499999998 0.15543055555555552
2 0.46535546875 0.44547916666666665 0.0775390625 0.1105416666666667
19 0.48193359375 0.3832708333333334 0.06291406249999998 0.06631944444444444
16 0.4075234375 0.385 0.05851562500000003 0.1339444444444444
14 0.391296875 0.2628402777777778 0.05196874999999999 0.11456944444444446
0 0.20112890625 0.24183333333333334 0.08211718750000001 0.1802222222222222
16 0.67354296875 0.16538194444444443 0.12036718749999994 0.2267361111111111
18 0.508578125 0.2540138888888889 0.03909374999999997 0.05577777777777773
19 0.5360195312499999 0.31649305555555557 0.017273437499999923 0.02890277777777778
19 0.59946875 0.3063263888888889 0.011531249999999993 0.04151388888888887
3 0.7457265625 0.24036805555555554 0.05417187499999994 0.12093055555555554
19 0.5625 0.11881944444444444 0.13562499999999994 0.23763888888888887
19 0.7402109374999999 0.10163194444444444 0.08717187499999994 0.114875
19 0.7905 0.06490277777777777 0.07315625000000008 0.12980555555555554
7 0.69479296875 0.03780555555555555 0.10728906249999995 0.0756111111111111
19 0.37528125 0.010708333333333334 0.06671875000000002 0.021416666666666667