13 0.7526093750000001 0.9527013888888888 0.17929687500000008 0.09459722222222208
19 0.296515625 0.9110416666666665 0.16325000000000003 0.17791666666666653
11 0.45855468750000006 0.965486111111111 0.11617187500000004 0.06902777777777784
12 0.5765625 0.9495833333333332 0.07953124999999997 0.1008333333333332
17 0.43170703125000004 0.883236111111111 0.10061718749999997 0.1275833333333332
19 0.49325390625 0.767798611111111 0.10369531250000001 0.31420833333333337
19 0.5929296875000001 0.8438819444444443 0.123046875 0.17723611111111098
2 0.7313281249999999 0.676875 0.2504687499999999 0.5523611111111112
3 0.791671875 0.6911111111111111 0.10370312500000001 0.27527777777777784
19 0.32966015625 0.8583333333333333 0.07369531250000003 0.15888888888888902
19 0.21026171875 0.6235069444444444 0.10641406250000003 0.454375
2 0.13781640624999997 0.5860000000000001 0.06516406249999998 0.2231111111111111
2 0.535578125 0.753736111111111 0.08409375000000008 0.07744444444444443
11 0.27877343750000005 0.5794652777777778 0.08073437500000002 0.3136527777777778
19 0.40347265624999995 0.7799513888888889 0.08678906249999999 0.16620833333333335
19 0.3628359375 0.6903680555555555 0.15501562499999996 0.1912916666666666
10 0.7808515625 0.4530486111111111 0.07860937499999991 0.2044305555555555
18 0.5565546875 0.5127777777777778 0.07376562500000006 0.10277777777777777
19 0.29038671875 0.23747916666666669 0.1456171875 0.47495833333333337
18 0.41658203125000004 0.45188194444444446 0.08949218749999996 0.19406944444444446
14 0.3553828125 0.37735416666666666 0.07185937500000002 0.16554166666666661
3 0.50508203125 0.45086805555555554 0.1417109374999999 0.3003472222222222
2 0.49570703124999993 0.41510416666666666 0.1010859374999999 0.184375
19 0.4195390625 0.24488888888888888 0.09435937499999998 0.21949999999999995
1 0.48439843750000006 0.2790902777777778 0.05775000000000006 0.10987500000000001
14 0.5868710937499999 0.3057361111111111 0.1004765625000001 0.21427777777777773
11 0.71915234375 0.2927361111111111 0.06778906249999998 0.23769444444444443
11 0.66164453125 0.2656805555555556 0.0486328125 0.2635833333333333
10 0.5749257812499999 0.15165277777777778 0.1401484374999999 0.18052777777777781
18 0.1853125 0.24158333333333332 0.0203125 0.056805555555555526
0 0.41349609374999996 0.05909722222222222 0.10413281249999998 0.11819444444444444
16 0.49089453125000004 0.06316666666666666 0.05910156250000007 0.09755555555555555
17 0.5485898437500001 0.04784027777777778 0.060507812500000036 0.09568055555555556
17 0.6210585937499999 0.035958333333333335 0.09850781249999993 0.07191666666666667