8 0.459765625 0.9826388888888888 0.021875 0.034722222222222224
19 0.50483984375 0.8759652777777777 0.08155468750000008 0.24806944444444462
19 0.2063359375 0.8549374999999999 0.043265624999999995 0.07195833333333326
3 0.26018359375 0.8326874999999999 0.06592968749999999 0.1719305555555555
14 0.58944921875 0.8419097222222223 0.09953906250000007 0.2946527777777778
19 0.6850234375 0.7166388888888889 0.03706250000000004 0.2884722222222223
19 0.25960546874999996 0.7151875000000001 0.013710937499999964 0.02437499999999994
19 0.32147265625 0.7078472222222223 0.019679687500000043 0.0275555555555556
19 0.5241953125000001 0.6599027777777777 0.11126562500000006 0.16633333333333333
8 0.31649609375 0.578548611111111 0.11349218749999998 0.11415277777777785
15 0.42466406249999994 0.6309583333333333 0.09012499999999997 0.1603055555555555
8 0.6847890624999999 0.5364305555555556 0.10548437499999999 0.12708333333333333
19 0.58660546875 0.5491805555555556 0.09371093750000004 0.14602777777777776
14 0.6170859375 0.41723611111111114 0.11881249999999995 0.23319444444444443
16 0.42491406249999997 0.39204861111111106 0.173609375 0.19801388888888885
19 0.28616796875 0.4318958333333333 0.09577343750000003 0.1994305555555556
12 0.53555859375 0.3159652777777778 0.10302343749999991 0.15201388888888892
19 0.2098359375 0.27688888888888885 0.061812500000000006 0.1318611111111111
18 0.18355468749999998 0.12304166666666667 0.08960937500000002 0.20030555555555551
19 0.41449218750000005 0.21077777777777776 0.17414062500000002 0.19872222222222227
19 0.5675156250000001 0.16504861111111113 0.05971875000000004 0.14018055555555556
10 0.52276953125 0.17554166666666668 0.12757031249999998 0.12391666666666666
12 0.6906953124999999 0.1869652777777778 0.21514062500000009 0.284125
19 0.37137890625000003 0.09275 0.19161718749999998 0.1855
3 0.49448828125000005 0.07809722222222222 0.11228906250000001 0.15619444444444444