8 0.36052343750000004 0.9675 0.066296875 0.06499999999999993
19 0.542109375 0.9267222222222222 0.07718749999999996 0.14655555555555552
18 0.29854296874999997 0.9139236111111112 0.13099218749999997 0.1585416666666668
17 0.3378203125 0.8079444444444445 0.07489062500000002 0.12924999999999992
17 0.35762890625 0.7186180555555555 0.09146093749999995 0.12195833333333325
10 0.42596875 0.4254861111111111 0.13681249999999995 0.2191111111111111
18 0.6726484375 0.24465277777777775 0.11814062500000003 0.15291666666666667
19 0.58712890625 0.28402777777777777 0.04621093750000007 0.07777777777777778
10 0.8489531250000001 0.11922916666666666 0.062890625 0.22056944444444446
7 0.69362890625 0.058854166666666666 0.20202343749999993 0.11770833333333333
19 0.2005546875 0.8084861111111111 0.038078125000000004 0.09902777777777771
16 0.3984375 0.15809027777777776 0.11937499999999997 0.2171527777777778
12 0.565796875 0.1537083333333333 0.06481250000000002 0.09924999999999998
19 0.12076171875 0.2946736111111111 0.1258203125 0.5893472222222222