18 0.70033984375 0.9315972222222222 0.11791406250000006 0.13680555555555557
7 0.21425 0.8686111111111111 0.15162500000000004 0.26277777777777783
2 0.183203125 0.9770833333333333 0.06171875 0.04583333333333333
2 0.61491015625 0.9533055555555555 0.06903906249999991 0.0933888888888889
19 0.29498046875 0.8781944444444444 0.06691406249999998 0.1830555555555555
0 0.36490625000000004 0.976875 0.07809375000000003 0.04624999999999994
2 0.47331640625000004 0.8198402777777777 0.15133593750000002 0.3603194444444445
19 0.557546875 0.9143125 0.04556249999999995 0.12334722222222215
19 0.6231015625 0.8746805555555556 0.10051562500000007 0.12258333333333332
19 0.5465546875 0.7717777777777779 0.03292187500000008 0.054388888888889
14 0.5962890625 0.8144999999999999 0.06257812499999993 0.09177777777777768
16 0.7075390625 0.7288333333333333 0.10860937499999998 0.19822222222222227
18 0.38146484375 0.6821388888888889 0.24613281249999996 0.3710000000000001
14 0.38596874999999997 0.8763194444444445 0.09374999999999996 0.1029444444444443
19 0.61837109375 0.7145555555555556 0.09778906250000005 0.1682777777777778
19 0.24898046875 0.7598958333333333 0.037179687500000023 0.08423611111111123
19 0.3442578125 0.5902916666666667 0.18539062499999998 0.2491111111111112
18 0.32458593750000003 0.48662500000000003 0.24671874999999996 0.3179166666666666
10 0.74520703125 0.4988194444444444 0.13021093750000007 0.1095833333333333
17 0.66222265625 0.46904166666666663 0.05758593750000003 0.1508611111111111
12 0.500921875 0.4052847222222222 0.06510937499999994 0.0652638888888889
12 0.5110546874999999 0.5026527777777778 0.0640625 0.12355555555555561
19 0.5969101562500001 0.4822430555555556 0.062257812500000044 0.13295833333333335
12 0.58140625 0.37592361111111117 0.0859375 0.11906944444444446
14 0.7654375 0.4072777777777778 0.11584375000000006 0.1256666666666667
2 0.23469140624999998 0.41462499999999997 0.06000781249999996 0.11013888888888883
14 0.28142578125 0.36333333333333334 0.08838281249999999 0.10861111111111113
2 0.45514062499999997 0.42056249999999995 0.03659374999999994 0.10893055555555564
16 0.68319921875 0.3298958333333333 0.10972656250000004 0.1607361111111111
19 0.26661328125 0.13020833333333334 0.1558671875 0.2604166666666667
19 0.7796484374999999 0.2509722222222222 0.10960937499999997 0.20972222222222223
18 0.72594921875 0.22568055555555558 0.06099218749999995 0.1891388888888889
2 0.5479296874999999 0.09647222222222224 0.12018749999999993 0.1741666666666667
16 0.37143359374999996 0.06555555555555556 0.11482031249999998 0.13111111111111112
12 0.5415546874999999 0.027166666666666665 0.11587499999999995 0.05433333333333333
14 0.33409374999999997 0.33243055555555556 0.103125 0.09924999999999998
18 0.3516484375 0.12328472222222223 0.03423437500000004 0.0577361111111111