2 0.30286718749999997 0.8241527777777777 0.25382812499999996 0.3516944444444445
17 0.52926171875 0.9715069444444444 0.07708593750000006 0.05698611111111107
19 0.46910937500000005 0.9503125 0.07793749999999999 0.09937499999999994
19 0.373046875 0.9895833333333334 0.02578125 0.020833333333333332
19 0.518515625 0.8982222222222223 0.07843750000000008 0.11533333333333329
8 0.61391015625 0.9050694444444444 0.11028906250000006 0.14052777777777786
7 0.69148046875 0.7678819444444445 0.10932031250000004 0.1975416666666667
19 0.5865078125000001 0.7752430555555556 0.09457812499999996 0.11454166666666671
19 0.49255859375 0.7502708333333334 0.0937578125 0.2355138888888888
19 0.3193828125 0.9548611111111112 0.04446874999999997 0.08700000000000013
19 0.30152734375 0.8545763888888889 0.02544531250000004 0.06218055555555553
19 0.6615078125 0.6812986111111111 0.18128124999999998 0.22640277777777776
19 0.26801171875 0.6651319444444445 0.11121093750000002 0.19304166666666667
19 0.33431249999999996 0.6427499999999999 0.03217187499999996 0.06536111111111104
19 0.48345703124999995 0.6220347222222222 0.048710937499999926 0.09045833333333332
19 0.52431640625 0.5352152777777778 0.08435156250000002 0.24276388888888883
17 0.52527734375 0.6691736111111111 0.04411718750000002 0.05229166666666663
10 0.282328125 0.5172638888888889 0.076375 0.1334444444444445
8 0.4473046875000001 0.5498402777777778 0.032937500000000064 0.11165277777777775
8 0.592296875 0.4755902777777778 0.12806250000000005 0.3128472222222222
19 0.2465234375 0.3259444444444445 0.027500000000000035 0.2108333333333334
19 0.46385156250000004 0.44853472222222224 0.040593750000000026 0.1034861111111111
19 0.7613359375 0.5400347222222223 0.017609374999999972 0.054458333333333386
19 0.24769921875 0.2985277777777778 0.04411718750000002 0.12352777777777774
19 0.31248828125 0.20416666666666666 0.10971093750000005 0.24166666666666667
19 0.4098359375 0.3665 0.041906250000000034 0.07058333333333336
19 0.5085468750000001 0.2446111111111111 0.045218750000000085 0.13922222222222225
12 0.45008984375 0.1495902777777778 0.10330468750000002 0.23054166666666667
8 0.6103945312500001 0.20147222222222222 0.12203906250000003 0.2784444444444445
19 0.21323828125 0.2763125 0.022976562499999974 0.05065277777777782
19 0.24632421875000002 0.11127777777777778 0.08180468750000003 0.21077777777777776
19 0.1911796875 0.08104166666666666 0.041359375 0.12091666666666667
19 0.3074453125 0.04705555555555556 0.11581250000000001 0.09411111111111112
19 0.59926171875 0.11699305555555556 0.028492187500000023 0.10131944444444446
19 0.5445781249999999 0.04461111111111111 0.09926562499999995 0.08922222222222222