17 0.30859375 0.9027777777777778 0.09609375 0.19444444444444445
17 0.4478671875 0.9591666666666667 0.13917187499999994 0.08166666666666661
2 0.57284375 0.9175694444444445 0.10789062499999993 0.16338888888888903
17 0.60944140625 0.9751180555555554 0.05221093749999994 0.04976388888888879
17 0.672265625 0.9840277777777777 0.040625 0.03194444444444444
17 0.49332812499999995 0.901875 0.04537499999999994 0.0830555555555555
19 0.42203515624999993 0.8356041666666667 0.09335156250000001 0.17793055555555573
18 0.4878671875 0.7722986111111111 0.1444218750000001 0.19365277777777787
19 0.298015625 0.6855 0.06506249999999998 0.23208333333333336
19 0.69052734375 0.8046458333333334 0.03761718750000007 0.06651388888888903
19 0.4056171875 0.7087916666666666 0.043421874999999985 0.10677777777777778
19 0.6423515624999999 0.636875 0.030921874999999942 0.04986111111111108
19 0.8191328125 0.5756111111111111 0.05023437500000005 0.09194444444444451
19 0.79366015625 0.23374305555555558 0.12450781249999991 0.26334722222222223
19 0.435453125 0.3409444444444445 0.03089062499999997 0.044166666666666646
19 0.521875 0.2866458333333333 0.02531250000000007 0.04801388888888888
2 0.44174609374999996 0.1520138888888889 0.2193203125 0.3040277777777778
19 0.21679296875 0.3838611111111111 0.03169531250000004 0.03622222222222228
19 0.20689843749999998 0.2221597222222222 0.12604687500000003 0.18373611111111107
19 0.61696875 0.2936944444444445 0.02351562499999993 0.06605555555555556
19 0.30974999999999997 0.08890972222222222 0.029812499999999974 0.10770833333333331
19 0.568921875 0.09131944444444444 0.14834375000000008 0.18263888888888888
18 0.11199218749999999 0.13903472222222224 0.10217187500000002 0.2780694444444445