19 0.99477734375 0.01670138888888889 0.010445312499999915 0.03340277777777778
19 0.37287890625000003 0.9899513888888889 0.027789062500000038 0.02009722222222226
19 0.47203906249999994 0.9459652777777778 0.07406249999999996 0.10806944444444437
18 0.5684882812500001 0.9019236111111111 0.17550781250000008 0.19615277777777781
18 0.45012890624999996 0.883263888888889 0.12885156250000004 0.1540277777777779
19 0.50525 0.7098680555555555 0.24539062499999997 0.3690416666666667
18 0.24811328124999998 0.7873680555555556 0.14689843749999998 0.28548611111111105
17 0.7891796875000001 0.8103194444444444 0.08600000000000003 0.1670555555555555
17 0.6968515624999999 0.6814305555555555 0.07996874999999992 0.14997222222222226
19 0.3648515625 0.5984999999999999 0.11781249999999996 0.1991944444444444
19 0.39466406249999997 0.7405347222222222 0.03901562500000004 0.11023611111111103
19 0.59989453125 0.6102361111111111 0.03421093749999997 0.058777777777777845
19 0.5128437499999999 0.510625 0.049249999999999974 0.06936111111111119
19 0.4363554687500001 0.5958402777777778 0.05892968750000005 0.0884583333333334
19 0.78323046875 0.40626388888888887 0.10755468750000005 0.16233333333333333
19 0.55917578125 0.3523819444444445 0.1355390625 0.2155694444444445
19 0.40219140624999994 0.4120277777777777 0.06561718750000001 0.21447222222222218
12 0.6067031249999999 0.3104444444444444 0.09924999999999998 0.20283333333333328
19 0.6959765625000001 0.20681944444444444 0.10492187499999997 0.29747222222222225
19 0.77494140625 0.2738819444444444 0.07314843750000008 0.1408194444444444
19 0.6101640625 0.2015 0.13751562499999997 0.1282777777777778
19 0.3646015625 0.2583402777777778 0.04768749999999997 0.0872916666666667
19 0.3936953125 0.27289583333333334 0.023703125000000026 0.05468055555555556
19 0.35365625 0.11963194444444443 0.088 0.1768472222222222
17 0.5055468750000001 0.14381944444444447 0.08375000000000003 0.14402777777777775
19 0.84284765625 0.18483333333333332 0.03777343749999993 0.07222222222222222
19 0.5943632812499999 0.07300694444444444 0.1533046875 0.1460138888888889
19 0.7658125 0.07352777777777778 0.09596875000000002 0.14705555555555555
11 0.43386328125 0.0685 0.05975781250000001 0.137
18 0.33903515624999997 0.022895833333333334 0.04063281249999999 0.04579166666666667
19 0.21512109375000002 0.2086111111111111 0.013742187500000025 0.022249999999999975
19 0.2240859375 0.0389375 0.12112499999999997 0.077875
19 0.27498046875 0.035305555555555555 0.021726562499999956 0.04163888888888889
0 0.38790234375000004 0.06649305555555556 0.061789062500000026 0.1329861111111111
18 0.11199218749999999 0.13903472222222224 0.10217187500000002 0.2780694444444445