19 0.841015625 0.9527777777777777 0.01796875 0.09444444444444444
19 0.52466796875 0.9549652777777777 0.13488281250000006 0.09006944444444431
19 0.66471875 0.8818055555555555 0.14056250000000006 0.23638888888888895
19 0.3988359375 0.9849305555555555 0.05764062499999998 0.03013888888888895
17 0.46955078125 0.9074861111111111 0.06969531250000002 0.10894444444444452
10 0.60704296875 0.7930833333333334 0.11194531249999998 0.28316666666666673
19 0.19424609375 0.9494027777777777 0.049789062499999995 0.09802777777777767
19 0.26940234375 0.9129861111111109 0.09803906250000001 0.14977777777777768
19 0.4009765625 0.8094374999999999 0.025249999999999995 0.05309722222222225
19 0.53475390625 0.8430208333333332 0.028335937499999984 0.11437499999999988
19 0.1499921875 0.4098888888888889 0.13267187499999997 0.8197777777777778
19 0.1554921875 0.6080138888888889 0.15682812499999998 0.22838888888888897
19 0.271765625 0.6538611111111111 0.09012500000000001 0.25047222222222226
19 0.46945703125 0.6157638888888889 0.028992187499999923 0.05936111111111112
19 0.5840078125 0.6268194444444444 0.11648437499999993 0.3367222222222223
19 0.5554375 0.6639583333333333 0.13103125000000002 0.16258333333333325
14 0.69755078125 0.6088958333333333 0.1086796875000001 0.26223611111111106
2 0.3423828125 0.631625 0.21176562499999996 0.4520555555555556
0 0.41199609375 0.5379652777777777 0.1283828125 0.225875
17 0.23530859375 0.4701805555555555 0.07941406249999998 0.11999999999999997
19 0.51522265625 0.47079861111111115 0.13341406249999999 0.186625
19 0.46976562499999996 0.4332361111111111 0.1002812500000001 0.17049999999999998
19 0.3234375 0.41404861111111113 0.06342187500000004 0.11437500000000003
10 0.68740234375 0.22122916666666667 0.16636718750000004 0.163375
19 0.38915625 0.31981944444444443 0.055781250000000025 0.07736111111111113
19 0.3460078125 0.31083333333333335 0.026078124999999997 0.043055555555555555
19 0.13009375 0.08222222222222222 0.12059375000000001 0.16444444444444445
17 0.255703125 0.20318750000000002 0.04437499999999996 0.09834722222222222
19 0.46951171875000003 0.2524652777777777 0.14207031249999996 0.22062500000000004
10 0.5413984375 0.1298125 0.07407812499999995 0.24981944444444446
2 0.46746484375 0.07516666666666667 0.13577343749999998 0.14922222222222223
17 0.41722265625 0.02684722222222222 0.06617968750000003 0.05369444444444444
19 0.66875 0.04939583333333333 0.07048437500000002 0.09879166666666667
19 0.7483906250000001 0.0626388888888889 0.07889062500000002 0.1252777777777778