2 0.51346875 0.9439305555555555 0.14224999999999993 0.1121388888888889
16 0.65876171875 0.9065902777777778 0.19778906250000006 0.18681944444444443
19 0.32676953125 0.9886458333333332 0.02114843750000004 0.022708333333333205
2 0.8405000000000001 0.8469097222222222 0.21759374999999997 0.3061805555555556
13 0.20190625 0.9483541666666667 0.21399999999999997 0.10329166666666652
2 0.3101015625 0.8794861111111112 0.13120312500000003 0.19558333333333325
19 0.31262890624999995 0.7333263888888889 0.13849218749999997 0.36037500000000006
19 0.47146875 0.8179652777777777 0.053156249999999974 0.10770833333333327
19 0.46343750000000006 0.9014722222222221 0.029671875000000014 0.054944444444444365
19 0.38375390625000005 0.6083055555555555 0.07057031249999998 0.13630555555555554
19 0.45175390625 0.6170763888888889 0.028554687499999964 0.05273611111111115
19 0.6069843749999999 0.6137638888888889 0.10882812499999997 0.23072222222222222
17 0.19399609375 0.6489444444444444 0.0990234375 0.24836111111111103
19 0.8195429687500001 0.5313680555555556 0.08419531249999998 0.11868055555555562
19 0.33189843750000003 0.2821666666666667 0.08776562500000003 0.5379444444444444
5 0.43141796875000005 0.38984722222222223 0.06428906249999997 0.11155555555555559
17 0.428328125 0.3104791666666667 0.1125 0.10329166666666667
17 0.8171484375 0.18105555555555558 0.08648437499999995 0.11594444444444447
19 0.7089023437499999 0.204125 0.13735156249999997 0.29397222222222225
19 0.5222226562500001 0.2511111111111111 0.0878984375 0.23083333333333328
19 0.4709179687500001 0.20852083333333332 0.1311640624999999 0.12259722222222219
19 0.37887890625000004 0.2456458333333333 0.05316406250000001 0.05715277777777775
19 0.39000390625000003 0.12806249999999997 0.12486718749999999 0.18681944444444443
19 0.48266015624999997 0.07666666666666667 0.08542968749999993 0.15333333333333335
19 0.36528125 0.10169444444444445 0.07293750000000002 0.0901111111111111
12 0.37572265624999995 0.020625 0.12869531249999996 0.04125