19 0.51875 0.93125 0.1 0.1375
15 0.403234375 0.9511319444444445 0.08417187500000001 0.09773611111111095
17 0.272109375 0.9730625 0.07037500000000003 0.05387499999999995
19 0.21869531250000002 0.9002291666666666 0.04893749999999999 0.09462500000000015
19 0.26321875 0.7373125 0.091015625 0.17768055555555565
19 0.39669140625 0.8619236111111112 0.05150781250000005 0.09920833333333343
19 0.62688671875 0.8287569444444445 0.08413281250000004 0.12209722222222233
19 0.78554296875 0.958111111111111 0.023179687500000056 0.024416666666666566
19 0.7539921875 0.9250833333333334 0.018031249999999943 0.048833333333333444
19 0.5111171875 0.6797152777777777 0.035171874999999984 0.07931944444444439
16 0.19957421875 0.6593333333333333 0.08842968749999999 0.1448888888888888
19 0.4901249999999999 0.6028055555555556 0.09014062500000009 0.09750000000000006
19 0.61346484375 0.6279861111111111 0.13307031249999995 0.16772222222222222
19 0.42630078125 0.5955138888888889 0.056679687499999964 0.08102777777777782
19 0.37150781250000003 0.6005 0.018031250000000033 0.03800000000000002
17 0.52346484375 0.5519027777777777 0.09100781250000001 0.14938888888888882
17 0.7449648437499999 0.6703055555555556 0.08499218749999997 0.12683333333333324
19 0.364953125 0.48087500000000005 0.014593749999999961 0.05799999999999999
19 0.47346875 0.4090833333333333 0.1120000000000001 0.12116666666666667
19 0.52725 0.32956944444444447 0.07948437500000001 0.09794444444444446
17 0.52939453125 0.24117361111111113 0.0708984375 0.09156944444444445
19 0.4779179687499999 0.1743888888888889 0.043648437499999915 0.09794444444444442
2 0.42315625 0.27954166666666663 0.10739062500000003 0.16491666666666663
17 0.40279687499999994 0.19868750000000002 0.06181249999999996 0.08243055555555556
19 0.48109765625000006 0.043013888888888886 0.02472656250000007 0.056777777777777774
14 0.20499609375 0.05309722222222222 0.1545390625 0.10619444444444444
2 0.29617187500000003 0.02104861111111111 0.027812500000000018 0.04209722222222222
18 0.3296875 0.95625 0.06015625 0.0875