19 0.617578125 0.9395833333333333 0.12890625 0.12083333333333333
19 0.44380859375000004 0.8978958333333333 0.09835156250000003 0.2042083333333333
19 0.50477734375 0.9641805555555555 0.06360156250000007 0.0716388888888888
19 0.5357890625 0.7575694444444445 0.11829687500000005 0.20305555555555563
8 0.611703125 0.6792708333333333 0.16045312500000009 0.3425694444444444
17 0.47604687500000004 0.8676736111111112 0.08371875000000006 0.1480138888888888
19 0.3382734375 0.7514305555555555 0.0828125 0.15249999999999994
19 0.40373046874999996 0.7852777777777777 0.042210937499999976 0.07569444444444444
12 0.23289062499999996 0.9609444444444445 0.08734374999999998 0.07811111111111112
19 0.51670703125 0.6742847222222222 0.09464843750000007 0.21684722222222214
3 0.7095078125000001 0.39577777777777784 0.31692187499999996 0.557888888888889
19 0.42339843749999995 0.5648402777777778 0.08679687499999997 0.12059722222222227
19 0.3808046875 0.6861736111111112 0.044218750000000015 0.07118055555555564
19 0.5940703125 0.46519444444444447 0.08148437499999997 0.11805555555555555
19 0.49689843749999996 0.3537708333333333 0.1078125 0.10326388888888892
19 0.478984375 0.4419166666666667 0.07379687500000003 0.08733333333333333
2 0.30872656249999997 0.471625 0.14078125000000002 0.26638888888888895
19 0.24304296874999998 0.45429861111111114 0.03828906249999999 0.06990277777777784
19 0.40809765625 0.34543055555555563 0.1423828125 0.23994444444444446
19 0.7691914062499999 0.24359722222222221 0.06369531249999998 0.09891666666666671
19 0.53140625 0.15080555555555555 0.23187499999999997 0.3016111111111111
19 0.57003515625 0.14981944444444445 0.06403906250000002 0.1617777777777778
19 0.33663281250000004 0.16633333333333333 0.10279687500000004 0.23961111111111114
2 0.36739062499999997 0.07340972222222222 0.06993749999999999 0.14681944444444445
18 0.66406640625 0.06996527777777778 0.09774218749999992 0.13993055555555556