19 0.20859375 0.9694444444444444 0.09375 0.06111111111111111
19 0.24921875 0.9277777777777778 0.1015625 0.14444444444444443
19 0.42028515625 0.9406180555555556 0.05300781249999997 0.09395833333333346
19 0.5559140625 0.8841041666666668 0.08348437499999992 0.23179166666666648
19 0.66637109375 0.956173611111111 0.10349218750000003 0.08765277777777764
12 0.26390625 0.7923611111111111 0.11837499999999998 0.22619444444444453
19 0.385953125 0.8348541666666667 0.09067187499999996 0.17901388888888872
7 0.44207421875 0.704 0.17242968750000004 0.3549444444444444
10 0.58476171875 0.7007638888888889 0.09422656249999992 0.2465833333333333
19 0.7575156249999999 0.6615763888888889 0.1165156249999999 0.18901388888888884
3 0.28623046875 0.6692569444444445 0.07472656249999998 0.11565277777777776
18 0.45551953125000005 0.4237430555555556 0.05291406250000001 0.09287500000000001
19 0.5544179687499999 0.3756805555555556 0.0956953125 0.1360277777777778
17 0.7747578125000001 0.36687499999999995 0.08923437499999994 0.16513888888888886
19 0.242578125 0.2166736111111111 0.03203125 0.05637500000000004
19 0.39742187500000004 0.15215277777777778 0.09609375000000005 0.15041666666666664
19 0.51727734375 0.25181944444444443 0.17908593750000001 0.21386111111111114
10 0.62013671875 0.2994375 0.0962890625 0.11693055555555555
19 0.627578125 0.174 0.05390625 0.09783333333333333
19 0.44815625 0.017791666666666667 0.035421874999999936 0.035583333333333335
19 0.5573984375000001 0.052645833333333336 0.08754687499999995 0.10529166666666667
11 0.62213671875 0.02767361111111111 0.03867968749999999 0.05534722222222222
19 0.51179296875 0.11497222222222223 0.05521093750000006 0.0990277777777778
18 0.11199218749999999 0.13903472222222224 0.10217187500000002 0.2780694444444445