18 0.70649609375 0.8916319444444445 0.20871093750000008 0.21673611111111105
3 0.449609375 0.9618055555555556 0.04296875 0.0763888888888889
17 0.62308984375 0.9644375 0.04085156249999997 0.07112500000000005
12 0.31640625 0.9729166666666667 0.09296875 0.05416666666666667
19 0.25126171875000003 0.9855625 0.04439843750000003 0.02887499999999995
19 0.509765625 0.9201388888888888 0.0765625 0.1597222222222222
0 0.44064453124999997 0.8146597222222223 0.08421093749999997 0.21248611111111113
7 0.3607578125 0.8378888888888889 0.12560937499999997 0.23247222222222239
19 0.21519921874999998 0.8221597222222221 0.04561718749999999 0.0980138888888888
19 0.27983203125 0.7792083333333333 0.07339843750000004 0.13408333333333328
19 0.5093984375 0.7745694444444445 0.04998437500000001 0.13199999999999995
10 0.57633984375 0.675875 0.1750078125 0.19677777777777786
16 0.4360859375 0.6968194444444445 0.0765625 0.08541666666666675
19 0.78262890625 0.7329722222222222 0.08407031249999992 0.22011111111111115
17 0.71904296875 0.7507152777777778 0.06307031250000002 0.08576388888888889
19 0.5017734375 0.6578402777777778 0.07914062499999996 0.1299305555555555
19 0.3505390625 0.6971666666666667 0.06496874999999998 0.10111111111111112
17 0.3318359375 0.6380069444444445 0.09789062499999997 0.12359722222222223
17 0.6834179687499999 0.6934305555555556 0.055679687499999984 0.0509166666666667
19 0.6523515625 0.5788125 0.225 0.2530416666666667
17 0.40263671875 0.4915625 0.0869140625 0.12737500000000004
19 0.48605859375 0.5375833333333333 0.09674218749999994 0.09858333333333336
17 0.50383984375 0.4170277777777778 0.06097656249999996 0.12913888888888891
3 0.412984375 0.3687430555555556 0.08734374999999997 0.09545833333333335
19 0.566421875 0.4290208333333333 0.09137500000000003 0.06304166666666665
19 0.751890625 0.3305208333333334 0.13468750000000007 0.2300694444444444
19 0.266265625 0.25658333333333333 0.09828124999999996 0.13852777777777778
3 0.33414062499999997 0.17822222222222223 0.084078125 0.1583055555555556
10 0.749765625 0.09513888888888888 0.20265625000000007 0.19027777777777777
14 0.29231640625 0.07979861111111111 0.04353906250000002 0.15959722222222222
2 0.2416484375 0.14068055555555556 0.07193750000000003 0.08466666666666668
8 0.48783593750000004 0.07527777777777778 0.21785937500000005 0.15055555555555555
19 0.6965585937500001 0.022159722222222223 0.06788281250000008 0.044319444444444446