19 0.4226875 0.9846527777777777 0.05568749999999998 0.03069444444444432
19 0.5243789062499999 0.9718055555555555 0.05374218749999997 0.05638888888888876
18 0.684453125 0.9971527777777777 0.0078125 0.005694444444444318
19 0.481421875 0.9654027777777776 0.06664062499999997 0.06919444444444435
19 0.48365624999999995 0.8928611111111111 0.07878124999999994 0.11444444444444457
17 0.27022265624999997 0.8171666666666667 0.07605468750000002 0.11980555555555554
19 0.33717578125 0.8963402777777778 0.06232031249999999 0.13129166666666664
19 0.26780859375 0.9354930555555555 0.01724218750000004 0.03162499999999997
7 0.39280468749999997 0.5801597222222222 0.09023437499999995 0.16098611111111108
17 0.5381328125 0.5856736111111112 0.07945312500000004 0.15709722222222225
11 0.6099921875 0.43356249999999996 0.11704687499999995 0.27490277777777783
12 0.7825468750000001 0.35179861111111116 0.08195312500000007 0.18001388888888892
18 0.46196874999999993 0.4650972222222222 0.08835937499999993 0.11755555555555554
19 0.35748828125000004 0.41673611111111114 0.01861718750000003 0.03263888888888889
12 0.5444687500000001 0.25982638888888887 0.12121875000000007 0.3136805555555556
19 0.3284296875 0.32561111111111113 0.027937499999999994 0.05066666666666669
19 0.426953125 0.2248263888888889 0.12703124999999998 0.18326388888888887
19 0.46215625000000005 0.29013888888888884 0.07517187500000003 0.11991666666666671
19 0.70397265625 0.11417361111111111 0.16264843750000005 0.22834722222222223
2 0.7525273437500001 0.19270833333333334 0.13692968750000006 0.3854166666666667
19 0.5827109375 0.018756944444444444 0.055671874999999996 0.03751388888888889
19 0.404453125 0.052729166666666674 0.020468750000000036 0.04815277777777778
10 0.29931640625 0.01675 0.026101562499999974 0.0335
19 0.330703125 0.05167361111111111 0.0296875 0.06934722222222223
18 0.11199218749999999 0.13903472222222224 0.10217187500000002 0.2780694444444445