19 0.45432421874999995 0.9536874999999999 0.02839843749999993 0.03568055555555563
19 0.47905078125000006 0.7372916666666667 0.07846093750000005 0.15013888888888885
12 0.29406640625 0.7735486111111112 0.09078906250000003 0.18095833333333328
19 0.35223046875 0.7978263888888888 0.03546093749999999 0.05245833333333331
19 0.52944921875 0.8836597222222222 0.029507812499999987 0.04193055555555563
19 0.8345898437500001 0.9226597222222221 0.027523437500000015 0.04623611111111106
14 0.23526562499999998 0.5464513888888889 0.06946874999999997 0.12273611111111112
19 0.25486328125 0.77225 0.06353906250000003 0.1285833333333333
19 0.42353125 0.5943333333333334 0.12046875000000004 0.17952777777777776
12 0.47276953125 0.44358333333333333 0.07977343749999992 0.16016666666666657
12 0.41276171875 0.49056249999999996 0.058507812500000034 0.10298611111111108
12 0.379671875 0.4408472222222223 0.0421875 0.1077777777777778
19 0.40772265625 0.3942152777777778 0.032679687499999985 0.04195833333333338
19 0.2063671875 0.25425 0.083984375 0.14233333333333337
8 0.6195 0.3230625 0.04975000000000005 0.13481944444444444
17 0.6135546875 0.18055555555555555 0.091796875 0.1188888888888889
19 0.79821484375 0.21023611111111112 0.08797656250000001 0.15075000000000002
19 0.8601835937500001 0.235125 0.08885156250000001 0.16824999999999998
19 0.5417890625 0.36443749999999997 0.025265624999999937 0.05123611111111109
19 0.27303515624999997 0.41274999999999995 0.04144531249999996 0.07455555555555549
19 0.29887890625 0.3648194444444445 0.018039062500000026 0.037277777777777785
12 0.30267578124999994 0.12286111111111109 0.16177343749999995 0.20522222222222222
18 0.27066015625 0.052472222222222226 0.10617968749999998 0.10338888888888889
3 0.39915625 0.14682638888888888 0.09353124999999998 0.10934722222222225
17 0.523859375 0.0535625 0.09015625000000008 0.107125
19 0.43412109374999996 0.07079166666666667 0.10447656250000001 0.14158333333333334
19 0.60180078125 0.07192361111111113 0.07752343750000001 0.13631944444444447
19 0.5000859375 0.8263888888888888 0.03559374999999996 0.07194444444444438
18 0.11199218749999999 0.13903472222222224 0.10217187500000002 0.2780694444444445