19 0.26993750000000005 0.9607638888888889 0.11784375000000002 0.07847222222222222
12 0.76318359375 0.9596666666666666 0.08038281249999998 0.08066666666666657
19 0.5450976562500001 0.953111111111111 0.06730468750000007 0.05572222222222207
19 0.47717578125 0.9242222222222223 0.08283593749999998 0.10550000000000005
19 0.2584375 0.8065625000000001 0.09743750000000002 0.21359722222222216
8 0.56221484375 0.8734375 0.16174218749999997 0.22281944444444454
19 0.46617968750000005 0.8256458333333334 0.03215625000000007 0.07629166666666676
17 0.43661328125 0.7631527777777778 0.06408593749999998 0.17213888888888895
10 0.32300781250000005 0.8074652777777778 0.06637500000000003 0.3312083333333334
12 0.6391328125 0.7555972222222221 0.11973437499999999 0.2370833333333334
8 0.76197265625 0.6888333333333334 0.1435546875 0.3763055555555556
12 0.5055781250000001 0.7594236111111111 0.07001562499999991 0.12087499999999997
19 0.29974218750000003 0.615361111111111 0.1409375 0.2058333333333334
19 0.36565234375 0.7292916666666667 0.056523437500000016 0.10550000000000005
19 0.39871484375 0.6115069444444445 0.08408593750000004 0.13956944444444447
19 0.59944921875 0.6849791666666666 0.08322656249999998 0.11606944444444435
19 0.59047265625 0.4377013888888889 0.32483593749999995 0.5904861111111112
10 0.698625 0.5661041666666666 0.06710937500000007 0.1310972222222222
19 0.244046875 0.5023819444444445 0.042906249999999965 0.12026388888888893
19 0.3016171875 0.4817083333333333 0.093359375 0.2566111111111111
12 0.38616406249999996 0.46982638888888895 0.09096875000000004 0.12840277777777784
19 0.38456250000000003 0.3474027777777778 0.10681250000000002 0.13450000000000004
17 0.48069531249999997 0.33975694444444443 0.08307812499999993 0.15823611111111116
19 0.40562890625000003 0.18229166666666666 0.06378906250000002 0.1745833333333333
19 0.32135546875000004 0.15354166666666666 0.07682031250000003 0.3070833333333333
17 0.26448828124999996 0.16764583333333333 0.040945312499999977 0.10759722222222222
14 0.50570703125 0.08381944444444445 0.19582031250000007 0.1676388888888889
19 0.6103632812500001 0.08515972222222222 0.011242187500000079 0.03815277777777778