2 0.4173671875 0.9790833333333333 0.04245312499999998 0.04183333333333318
19 0.33294140625 0.9304930555555555 0.055367187500000005 0.13901388888888877
19 0.776171875 0.9666666666666667 0.07109375 0.06666666666666667
10 0.47640625000000003 0.9121527777777778 0.07904687500000004 0.17569444444444443
12 0.55541796875 0.9082708333333332 0.12183593750000003 0.18345833333333322
19 0.41653515625 0.9055694444444444 0.0638671875 0.18886111111111115
19 0.64012890625 0.8362708333333333 0.08138281250000005 0.11662500000000003
17 0.56928515625 0.7778819444444445 0.05047656249999992 0.0703194444444446
19 0.33253906250000004 0.9038611111111111 0.09529687500000002 0.14655555555555552
19 0.28019140625000005 0.7065347222222221 0.03708593750000002 0.05934722222222217
19 0.42210546875000005 0.7909513888888889 0.05439843750000004 0.06373611111111124
19 0.4189453125 0.6340625000000001 0.05934375000000003 0.12548611111111113
19 0.47421484375 0.6084444444444445 0.053695312500000016 0.08002777777777778
17 0.58934375 0.6964652777777778 0.08159375000000005 0.09043055555555557
8 0.5904453125 0.5909861111111111 0.13475 0.2060277777777778
19 0.38261328125 0.5484930555555555 0.021367187500000016 0.09331944444444452
19 0.36978906250000004 0.6825416666666667 0.018031250000000033 0.028999999999999995
19 0.30060156250000003 0.5368888888888889 0.044296875000000034 0.03333333333333333
19 0.5514609375 0.4930694444444445 0.04635937499999994 0.11538888888888894
12 0.44216015624999994 0.46145833333333336 0.12178906249999995 0.23183333333333328
17 0.23466796875 0.4252638888888889 0.09889843750000002 0.13552777777777783
17 0.52264453125 0.43856249999999997 0.0501953125 0.08645833333333333
17 0.5811640625 0.37725694444444446 0.09024999999999998 0.16231944444444446
19 0.18550390625 0.4050694444444445 0.02027343749999999 0.045583333333333406
19 0.53296875 0.23879166666666668 0.08664062500000007 0.2359166666666667
17 0.4943359375 0.3660902777777778 0.054703124999999984 0.11684722222222221
17 0.19718359375 0.1838888888888889 0.06796093749999998 0.15166666666666664
10 0.2517578125 0.12312500000000001 0.049453124999999966 0.24375
19 0.40316015624999996 0.061875 0.04955468750000001 0.07691666666666666
19 0.48820312499999996 0.049055555555555554 0.06078124999999997 0.08058333333333333
19 0.672046875 0.07835416666666667 0.05160937499999996 0.09156944444444445
19 0.20461328124999997 0.013652777777777778 0.025226562499999994 0.02136111111111111