17 0.462296875 0.9756458333333332 0.07453125000000008 0.04870833333333324
18 0.28002734375 0.9693055555555555 0.10963281250000004 0.06138888888888895
19 0.3905390625 0.9243472222222222 0.08890624999999996 0.08924999999999998
19 0.24484765625 0.8685972222222222 0.10153906250000003 0.12355555555555561
19 0.17567968750000001 0.8711249999999999 0.03292187499999999 0.12094444444444434
3 0.3392109375 0.7910416666666666 0.05095312500000002 0.20152777777777772
19 0.5679453125 0.7271666666666666 0.08226562499999997 0.17041666666666672
19 0.58158984375 0.9138888888888889 0.19077343750000003 0.17222222222222222
15 0.66845703125 0.7609791666666667 0.1419921875 0.24304166666666668
19 0.512234375 0.8130277777777778 0.08762500000000006 0.13566666666666677
16 0.48209375000000004 0.6820833333333334 0.17268749999999997 0.30277777777777776
14 0.2725859375 0.7211041666666668 0.09376562499999999 0.15790277777777786
16 0.7531523437500001 0.6571111111111111 0.04386718750000007 0.06508333333333335
14 0.81123828125 0.6862152777777778 0.037742187499999955 0.037763888888888965
18 0.70182421875 0.5756875 0.12088281250000002 0.1835972222222223
7 0.22243359375000002 0.4869791666666667 0.1621484375 0.31698611111111114
2 0.19910546875 0.6319097222222223 0.08042968749999999 0.1659861111111111
2 0.6275507812500001 0.5669166666666666 0.06903906249999991 0.11086111111111102
14 0.7360507812500001 0.9774305555555556 0.037023437500000075 0.04513888888888889
19 0.30323046875 0.5095972222222221 0.06691406249999998 0.22049999999999997
19 0.381546875 0.7149722222222222 0.06531249999999997 0.1273333333333334
0 0.3700703125 0.5976180555555556 0.08426562500000001 0.09737500000000002
2 0.47331640625000004 0.4214305555555556 0.15133593750000002 0.3238055555555555
19 0.5617617187499999 0.5210555555555555 0.045570312499999946 0.12333333333333327
19 0.6257421875 0.4683333333333333 0.09948437499999993 0.1338611111111111
19 0.5497148437500001 0.3991180555555556 0.032914062500000084 0.054374999999999965
14 0.5968203125 0.4175277777777778 0.06154687499999998 0.10294444444444445
16 0.7175468749999999 0.34305555555555556 0.11178124999999994 0.20194444444444443
18 0.3841015625 0.28326388888888887 0.24507812500000004 0.39347222222222233
14 0.39053125 0.49429861111111106 0.09375 0.10295833333333333
19 0.6236328125 0.3044236111111111 0.06617187500000003 0.15329166666666666
19 0.25162109375 0.35070833333333334 0.04242968749999996 0.09363888888888891
19 0.3574296875 0.183 0.20329687500000002 0.2584444444444445
18 0.33566406249999997 0.11396527777777779 0.251953125 0.22793055555555558
10 0.7530742187499999 0.11115972222222222 0.13752343750000007 0.11704166666666664
17 0.65907421875 0.08515277777777779 0.05339843749999993 0.1508611111111111
12 0.500921875 0.03263194444444444 0.06510937499999994 0.06526388888888889
12 0.51739453125 0.10752083333333332 0.07463281249999998 0.12354166666666665
19 0.6063906250000001 0.09272916666666667 0.06225000000000005 0.13295833333333332
12 0.58036328125 0.03139583333333333 0.0775390625 0.06279166666666666
14 0.7701875000000001 0.02813888888888889 0.11484375000000009 0.05627777777777778
2 0.23365234375 0.030729166666666665 0.062148437499999966 0.06145833333333333