7 0.24797265625000003 0.9323125 0.10528906249999999 0.13537500000000005
8 0.519546875 0.9848888888888889 0.05660937500000003 0.03022222222222221
19 0.4253046875 0.8108472222222222 0.13796874999999997 0.3783055555555556
19 0.46090234374999994 0.9133402777777776 0.1004765625000001 0.13137499999999988
19 0.43638671875 0.814576388888889 0.09055468750000002 0.1303472222222221
7 0.677578125 0.7143819444444445 0.09484375000000007 0.20326388888888886
19 0.8454765625 0.8042847222222222 0.028062500000000056 0.04220833333333347
2 0.5120742187499999 0.7033541666666666 0.1401484374999999 0.26073611111111106
17 0.56953515625 0.8017777777777777 0.04091406249999992 0.07286111111111117
19 0.38937109375 0.6273055555555556 0.06838281249999997 0.11613888888888889
19 0.28863281250000006 0.5999444444444444 0.15326562500000004 0.15144444444444438
19 0.33214453125 0.5390625 0.09803906250000001 0.1130138888888889
19 0.36503515625 0.4420833333333333 0.13102343750000003 0.1876944444444444
19 0.5067187499999999 0.37075694444444446 0.06453124999999993 0.10512499999999995
19 0.270203125 0.32985416666666667 0.059562500000000004 0.10823611111111116
19 0.34211718750000003 0.26200694444444445 0.05779687500000001 0.06823611111111111
19 0.77947265625 0.3416111111111111 0.04910156249999993 0.11999999999999997
5 0.5585078125 0.2769027777777777 0.06750000000000007 0.0964722222222222
17 0.37387890625000003 0.33455555555555555 0.07014843750000002 0.0941111111111111
19 0.39483203125 0.2133611111111111 0.09264843749999999 0.1513333333333333
19 0.46895312499999997 0.21847222222222223 0.030437500000000027 0.040000000000000015
19 0.45113281250000004 0.11770833333333333 0.082421875 0.1490277777777778
19 0.34167187499999996 0.12200694444444445 0.062203125000000005 0.11529166666666665
19 0.54284765625 0.09729861111111113 0.043679687500000064 0.09412499999999997
17 0.4600625 0.06200694444444444 0.15101562499999996 0.11765277777777779
12 0.8346875 0.026715277777777782 0.07676562500000009 0.051763888888888894