10 0.32107421875000003 0.9532430555555554 0.0509765625 0.09351388888888879
19 0.438828125 0.9502083333333333 0.09360937499999995 0.0995833333333334
4 0.8165156250000001 0.8808958333333333 0.09875000000000007 0.23820833333333333
19 0.294140625 0.9819444444444444 0.0171875 0.03611111111111111
19 0.4413359375 0.8710694444444443 0.09037500000000005 0.08033333333333322
19 0.7539218750000001 0.9180277777777778 0.052078125000000065 0.14705555555555572
17 0.70936328125 0.9437361111111111 0.053648437500000055 0.057194444444444534
2 0.40324218749999996 0.8269305555555555 0.10385937500000005 0.26749999999999996
19 0.40430859375 0.8693263888888888 0.029414062500000025 0.09804166666666655
19 0.55644140625 0.8592291666666668 0.09741406250000004 0.14918055555555568
0 0.63070703125 0.9315347222222223 0.07353906250000009 0.08495833333333344
18 0.66634375 0.761625 0.15806249999999994 0.3065000000000001
18 0.700921875 0.7420763888888889 0.10187500000000008 0.37968055555555547
19 0.80890234375 0.7415416666666667 0.08349218749999991 0.12649999999999997
17 0.7715468750000001 0.6665277777777777 0.05521875000000005 0.09394444444444451
2 0.5665 0.7145763888888889 0.03706250000000004 0.14415277777777774
19 0.52076171875 0.690673611111111 0.09907031249999995 0.17851388888888886
19 0.3456796875 0.6501666666666667 0.056062499999999994 0.1307222222222223
19 0.232921875 0.6479236111111111 0.013843750000000021 0.027486111111111062
8 0.3971171875 0.4882430555555555 0.17835937499999996 0.4222916666666666
18 0.5868554687499999 0.611625 0.07058593749999993 0.07486111111111107
18 0.6439140625 0.646423611111111 0.07809375000000003 0.1549305555555555
19 0.28262890625 0.5434166666666667 0.08935156250000001 0.1293611111111111
19 0.6083554687499999 0.4678541666666666 0.07021093749999992 0.09190277777777772
19 0.23182421875 0.4161944444444445 0.06353906250000003 0.07708333333333334
19 0.290703125 0.26163194444444443 0.16187500000000005 0.3207638888888889
19 0.512671875 0.46155555555555555 0.06728124999999992 0.15074999999999994
18 0.5734843749999999 0.36075694444444445 0.1592812500000001 0.1957083333333333
19 0.19727734375 0.2667152777777778 0.038382812499999995 0.09881944444444442
19 0.7206640625 0.3073263888888889 0.08748437500000002 0.10823611111111112
7 0.70750390625 0.16277777777777777 0.1429609375 0.3161111111111111
10 0.8252265624999999 0.136875 0.08482812499999995 0.27375
19 0.20746875 0.09400694444444445 0.08470312499999999 0.12234722222222223
19 0.54694921875 0.24106944444444445 0.038382812500000085 0.07294444444444442
19 0.49996875 0.11283333333333334 0.08470312500000006 0.18352777777777776
19 0.6799687499999999 0.10106944444444446 0.04499999999999993 0.13647222222222222
19 0.44041015625 0.07741666666666666 0.1244140625 0.14141666666666666
19 0.33584765625 0.029180555555555553 0.05294531249999999 0.05436111111111111
17 0.57209765625 0.04683333333333333 0.08338281250000001 0.08494444444444443
15 0.5994179687500001 0.19615972222222225 0.1086796875000001 0.20879166666666674