17 0.7916171875 0.9521874999999999 0.10632812499999993 0.09562499999999988
12 0.26617968750000004 0.9709722222222222 0.05639062500000005 0.05805555555555549
12 0.69398828125 0.8814236111111111 0.0669921875 0.23715277777777777
19 0.1860546875 0.8972569444444446 0.06529687499999999 0.1310694444444443
17 0.22373828125 0.8003055555555556 0.08757031250000002 0.20652777777777784
2 0.41869140625000006 0.8592638888888889 0.13332031250000004 0.25508333333333344
19 0.52841796875 0.9402291666666666 0.0810546875 0.11954166666666657
19 0.61759765625 0.7205277777777778 0.09810156249999995 0.1438055555555555
10 0.30755078125 0.5636944444444445 0.14646093750000003 0.28955555555555557
2 0.41958593750000006 0.5988263888888888 0.11379687500000002 0.26581944444444433
10 0.53658203125 0.6322708333333333 0.1721640624999999 0.2310972222222223
17 0.24465234375000003 0.4632569444444444 0.07663281250000002 0.18845833333333342
19 0.19569140625 0.47020833333333334 0.06367968750000001 0.1596666666666667
8 0.7420117187499999 0.5138611111111111 0.12242968749999994 0.20308333333333337
19 0.3842578125 0.42845833333333333 0.080078125 0.08863888888888896
19 0.5364960937500001 0.835298611111111 0.06389843749999997 0.09862499999999999
3 0.56937890625 0.41830555555555554 0.07525781249999994 0.16205555555555554
19 0.776171875 0.3713194444444445 0.10249999999999995 0.1565277777777778
10 0.6418242187500001 0.2796111111111111 0.08897656250000008 0.20569444444444449
10 0.2358359375 0.14883333333333332 0.11957812499999998 0.2946111111111111
19 0.25571875000000005 0.33747222222222223 0.04985937500000004 0.0861388888888889
19 0.5024218749999999 0.17083333333333334 0.16843749999999993 0.3416666666666667
19 0.63996484375 0.9284375 0.040664062499999966 0.07393055555555558
19 0.2365234375 0.6566111111111111 0.047140625000000026 0.11008333333333332