10 0.526171875 0.8635208333333332 0.13903125000000002 0.25223611111111127
19 0.3115625 0.8092152777777778 0.10154687500000001 0.1835416666666668
18 0.6374296875000001 0.8275833333333333 0.19760937500000003 0.34483333333333327
17 0.661390625 0.6721597222222222 0.055656250000000004 0.10848611111111113
17 0.43680078125 0.6214791666666666 0.08732031249999998 0.1998472222222222
3 0.5007734375 0.6998819444444445 0.07901562500000008 0.11959722222222224
14 0.5749765625 0.5958194444444445 0.07995312499999993 0.1444166666666667
19 0.45891796874999996 0.5023263888888889 0.06846093750000008 0.10506944444444441
19 0.40700390625000005 0.3942777777777778 0.09600781250000004 0.1593055555555556
19 0.29707421875 0.3264722222222222 0.15647656249999997 0.3509444444444444
19 0.5438671875 0.335 0.15414062499999998 0.2802777777777778
12 0.46319140625 0.27018055555555553 0.06488281249999997 0.11369444444444446
19 0.5533593750000001 0.28733333333333333 0.09351562500000003 0.13033333333333338
17 0.41147265624999996 0.14366666666666666 0.08388281249999996 0.1348333333333333
19 0.74804296875 0.05620138888888889 0.18405468749999992 0.11240277777777778
2 0.5916406249999999 0.14613194444444444 0.17468749999999994 0.27179166666666665
19 0.44973828125 0.05953472222222222 0.08291406250000008 0.11184722222222222
3 0.712984375 0.9231041666666666 0.12760937499999994 0.1537916666666667
19 0.82387890625 0.9471527777777777 0.09239843749999999 0.10569444444444431