18 0.11963281249999999 0.21791666666666668 0.09964062500000001 0.43583333333333335
14 0.2673984375 0.6066666666666666 0.117578125 0.2308333333333334
18 0.378734375 0.6247083333333333 0.08815625000000002 0.2643055555555555
2 0.47207421875 0.5271111111111111 0.08761718750000007 0.19983333333333334
10 0.7124648437500001 0.4336319444444445 0.06149218750000003 0.12948611111111114
14 0.52799609375 0.2545347222222222 0.06010156250000005 0.11537499999999999
14 0.3303671875 0.4800833333333333 0.04828124999999996 0.07802777777777771
19 0.18458984375 0.25936805555555553 0.056601562499999994 0.10793055555555553
18 0.4321484375 0.16131944444444446 0.220703125 0.3226388888888889
3 0.750515625 0.057694444444444444 0.10615625000000009 0.11538888888888889
19 0.5399375000000001 0.8320069444444443 0.2502812500000001 0.32318055555555564
12 0.40931640625 0.5012916666666666 0.04461718749999997 0.24852777777777785
3 0.38849999999999996 0.3350208333333333 0.16235937499999994 0.2185416666666667
3 0.391640625 0.09804861111111111 0.08721874999999998 0.15056944444444445
16 0.32521484375 0.06224305555555555 0.1264765625 0.1244861111111111
18 0.6668632812499999 0.3734722222222222 0.03700781249999992 0.05055555555555553