19 0.521484375 0.9706250000000001 0.11203125000000007 0.058749999999999934
19 0.74023828125 0.9749513888888888 0.08842968750000005 0.05009722222222213
19 0.2337890625 0.9349305555555555 0.11351562499999998 0.13013888888888894
3 0.35365234375 0.9690277777777777 0.07042968749999998 0.061944444444444316
18 0.40191796875 0.9532986111111111 0.08422656249999996 0.09340277777777778
19 0.608984375 0.9381944444444444 0.08515625 0.12361111111111112
19 0.69181640625 0.8753472222222223 0.11324218750000004 0.24930555555555556
19 0.8543515625000001 0.8447222222222222 0.10879687500000008 0.13277777777777766
10 0.37621093749999995 0.6859236111111111 0.05289062499999999 0.30593055555555554
19 0.833390625 0.7136388888888888 0.04743749999999984 0.07411111111111104
8 0.6245703125000001 0.35625 0.049609375 0.1966666666666667
12 0.32565625000000004 0.4220763888888889 0.06071875000000002 0.11831944444444452
16 0.22807421875 0.3945069444444444 0.12708593749999997 0.23040277777777776
19 0.7505117187500001 0.3418263888888889 0.062414062500000075 0.10634722222222218
19 0.515 0.375625 0.03125 0.07763888888888885
7 0.37689062500000003 0.12965277777777778 0.18253124999999998 0.25930555555555557
7 0.50890234375 0.16005555555555556 0.07874218749999998 0.196
2 0.29392578125 0.854375 0.07917968750000001 0.09680555555555562
19 0.41235937500000003 0.49762499999999993 0.09262499999999996 0.1603055555555555
2 0.233734375 0.09911805555555554 0.09557812500000003 0.1395694444444444
19 0.30759765625 0.11540972222222222 0.07488281250000002 0.21112499999999998
17 0.50279296875 0.03576388888888889 0.06963281250000009 0.07152777777777777
18 0.11199218749999999 0.13903472222222224 0.10217187500000002 0.2780694444444445