19 0.25317968750000003 0.9417847222222221 0.05160937499999996 0.11643055555555545
2 0.36508593749999996 0.9133402777777778 0.08474999999999996 0.1733194444444444
2 0.51241796875 0.9698055555555556 0.07544531249999994 0.05097222222222229
2 0.6851796875 0.9316319444444444 0.06589062499999994 0.13673611111111117
19 0.808921875 0.9453958333333332 0.08470312500000006 0.10920833333333349
12 0.23027734375 0.91375 0.15882031249999998 0.17250000000000007
12 0.7529609374999999 0.8075069444444444 0.1916875000000001 0.3544861111111111
19 0.42959765625 0.8728541666666666 0.05849218749999992 0.2542916666666665
19 0.34387890624999995 0.7334930555555556 0.13235156250000002 0.22943055555555564
19 0.35490625 0.7060486111111112 0.07279687500000005 0.19412499999999996
19 0.46961328125 0.6529305555555556 0.07278906250000006 0.16625000000000006
17 0.56590234375 0.6587916666666667 0.07169531249999998 0.16863888888888884
17 0.50038671875 0.5474166666666667 0.05846093749999994 0.08038888888888888
17 0.40310546875000003 0.45486805555555554 0.05846093749999999 0.08823611111111107
19 0.41149218750000005 0.6676458333333333 0.05625 0.12554166666666663
19 0.6188281250000001 0.4265833333333333 0.17864062500000005 0.29775
19 0.48108593749999995 0.4946666666666667 0.04632812499999996 0.052944444444444454
19 0.5268359374999999 0.40181944444444445 0.07409374999999993 0.13450000000000004
19 0.42214843750000003 0.3471388888888889 0.14587500000000003 0.26552777777777775
19 0.7261953125 0.4182638888888889 0.06565624999999997 0.1270555555555556
2 0.349390625 0.4173402777777778 0.09926562499999995 0.2652638888888889
19 0.4251875 0.21688194444444445 0.041031249999999984 0.04318055555555552
19 0.50724609375 0.296125 0.06485156249999999 0.17647222222222222
17 0.4741601562500001 0.25335416666666666 0.07808593750000004 0.12554166666666663
19 0.536796875 0.23618055555555556 0.12546874999999993 0.37069444444444444
18 0.74619921875 0.07711805555555555 0.06511718749999992 0.1542361111111111
18 0.5752773437500001 0.010534722222222221 0.014554687500000085 0.021069444444444443
19 0.5327968750000001 0.026111111111111113 0.03284374999999997 0.052222222222222225
19 0.7866953124999999 0.024604166666666667 0.04129687499999992 0.04920833333333333