17 0.27136328125000003 0.9577499999999999 0.07342968750000001 0.08449999999999988
2 0.404296875 0.9604166666666667 0.19453125 0.07916666666666666
14 0.5826015625000001 0.9934999999999999 0.1032343749999999 0.01299999999999986
19 0.6526093749999999 0.9733749999999999 0.04790624999999995 0.05324999999999989
19 0.7725703125000001 0.9706250000000001 0.06173437500000008 0.058749999999999934
16 0.22296484374999997 0.8612986111111111 0.04344531250000001 0.09009722222222206
2 0.33982812500000004 0.8274791666666667 0.08504687500000001 0.24606944444444448
2 0.4409296875 0.844048611111111 0.05095312500000002 0.1060694444444443
10 0.59333203125 0.8083055555555556 0.07725781250000008 0.3012500000000001
0 0.528328125 0.8454791666666667 0.07507812499999993 0.146986111111111
19 0.392078125 0.7851944444444443 0.04864062499999999 0.21477777777777768
18 0.6743671874999999 0.7862638888888889 0.018765624999999987 0.06005555555555557
19 0.7278984374999999 0.9029375000000001 0.10298437499999995 0.17106944444444455
17 0.61944140625 0.6085138888888889 0.07669531250000006 0.12069444444444441
19 0.67548828125 0.6974444444444444 0.056289062499999966 0.1200833333333333
19 0.45983984375000003 0.6330138888888889 0.13686718750000004 0.2569444444444444
3 0.55248046875 0.6668819444444444 0.06680468749999999 0.16948611111111106
16 0.42204296875 0.6815486111111111 0.054179687499999976 0.13384722222222223
19 0.3360625 0.6190277777777777 0.07337499999999997 0.16194444444444447
19 0.7429453125000001 0.5673333333333334 0.04996875000000003 0.11575000000000005
19 0.442796875 0.4865069444444444 0.12987500000000002 0.15631944444444437
19 0.80500390625 0.5108541666666666 0.09908593749999994 0.12012500000000001
19 0.67797265625 0.40387500000000004 0.23707031250000005 0.34274999999999994
19 0.54211328125 0.5265069444444445 0.1174921874999999 0.08773611111111106
11 0.4993789062499999 0.3803541666666667 0.07249218749999997 0.09476388888888891
16 0.5658046874999999 0.4078611111111111 0.048531249999999915 0.10225000000000001
17 0.8220742187500001 0.3942569444444445 0.08696093749999996 0.15759722222222225
15 0.31843359374999997 0.21020833333333333 0.07141406249999997 0.23680555555555555
0 0.43434765625000005 0.09528472222222223 0.045835937500000055 0.07529166666666667
19 0.526734375 0.2623472222222222 0.10131250000000006 0.17886111111111108
19 0.61428515625 0.19420833333333334 0.1788203124999999 0.2335
3 0.7445664062499999 0.2557430555555556 0.07430468749999992 0.11881944444444446
3 0.3592734375 0.2473125 0.06382812500000004 0.20354166666666668
19 0.4301953125 0.2644236111111111 0.10435937499999999 0.180125
19 0.36889843750000006 0.1059236111111111 0.08510937500000004 0.18731944444444446
12 0.35319921875000004 0.04395138888888889 0.09624218750000005 0.08790277777777777
10 0.7806328125 0.08474305555555556 0.06754687500000003 0.16948611111111112
2 0.7208281249999999 0.04034027777777778 0.06473437499999993 0.08068055555555556
19 0.6529296875 0.07191666666666667 0.0654375 0.12758333333333335
19 0.59558984375 0.06816666666666667 0.06332031249999996 0.11758333333333333
3 0.5002500000000001 0.03846527777777778 0.06965625000000006 0.07693055555555556
18 0.57307421875 0.021576388888888888 0.08161718750000002 0.043152777777777776