2 0.458828125 0.9663402777777778 0.09593749999999997 0.06731944444444449
19 0.8283320312500001 0.9742777777777778 0.10786718750000004 0.0514444444444444
3 0.3966328125 0.9584722222222223 0.070609375 0.0830555555555555
11 0.6278750000000001 0.8752569444444446 0.14898437500000003 0.2027638888888889
18 0.3578359375 0.7734027777777778 0.10746874999999996 0.2898611111111112
12 0.48399609374999997 0.9391666666666667 0.08208593749999996 0.07805555555555561
3 0.48637890624999996 0.8764166666666666 0.09283593749999994 0.2264999999999999
18 0.304734375 0.6096111111111111 0.15499999999999997 0.21819444444444447
18 0.2995078125 0.4146875 0.056218750000000026 0.06437500000000003
19 0.393203125 0.2850902777777778 0.19953125 0.43009722222222224
10 0.5074726562499999 0.4184583333333334 0.06899218749999995 0.17575
19 0.47175781250000004 0.46395833333333336 0.041437499999999974 0.08352777777777776
18 0.3892109375 0.367875 0.09615625000000003 0.1878611111111111
19 0.64978515625 0.28936805555555556 0.032570312500000045 0.047041666666666676
7 0.71975 0.18560416666666665 0.06628124999999993 0.07934722222222222
19 0.21082031250000002 0.19879861111111113 0.018515625000000036 0.03287500000000002
19 0.74188671875 0.133375 0.03867968749999999 0.08036111111111113
19 0.8031640624999999 0.12794444444444444 0.09609375 0.12161111111111111
18 0.4368359375 0.028645833333333332 0.04617187499999993 0.057291666666666664
19 0.49242187499999995 0.021993055555555557 0.062203124999999915 0.043986111111111115
17 0.6628359374999999 0.018555555555555554 0.05292187500000001 0.036694444444444446
19 0.7250703125 0.011854166666666667 0.07410937499999992 0.023708333333333335
19 0.26737109374999996 0.023944444444444442 0.015070312499999971 0.047888888888888884
18 0.11199218749999999 0.13903472222222224 0.10217187500000002 0.2780694444444445