8 0.600390625 0.93125 0.1015625 0.1375
19 0.514828125 0.8238541666666668 0.06317187499999992 0.08362500000000005
7 0.29049218750000005 0.8178055555555555 0.16460937500000003 0.364388888888889
17 0.53428515625 0.8281458333333334 0.0749921875 0.11556944444444449
19 0.5509999999999999 0.625826388888889 0.061125000000000006 0.21693055555555563
16 0.43303125 0.7896666666666667 0.07753125000000001 0.15269444444444452
19 0.49921875 0.6707152777777778 0.16779687499999998 0.34320833333333334
17 0.6988632812500001 0.6965694444444445 0.07413281250000008 0.13036111111111112
19 0.6526093749999999 0.5581666666666667 0.07017187499999995 0.16005555555555556
19 0.38308593750000003 0.7049652777777778 0.09028124999999995 0.15790277777777786
19 0.3875078125 0.4985347222222223 0.15210937500000005 0.24731944444444437
19 0.5665390625 0.45513888888888887 0.079109375 0.21666666666666667
16 0.7027421875 0.4610486111111112 0.101953125 0.19384722222222214
19 0.50225390625 0.3884305555555555 0.09319531249999997 0.16302777777777777
2 0.6991601562499999 0.26361805555555556 0.09949218749999993 0.1596805555555556
17 0.5926093750000001 0.22634722222222223 0.08118750000000005 0.20936111111111114
2 0.5165234375 0.15559027777777779 0.13882812500000002 0.22312500000000005
19 0.38854296875000005 0.2556388888888889 0.07400781250000002 0.22655555555555557
17 0.29714453124999995 0.2303888888888889 0.08616406249999997 0.14633333333333334
0 0.24777734375 0.16527777777777777 0.07960156249999999 0.2047222222222222
19 0.7592460937500001 0.07590972222222223 0.14269531250000006 0.15181944444444445
19 0.49053515625 0.04484722222222222 0.11225781250000004 0.08969444444444444
19 0.38650390625 0.03838194444444445 0.07863281249999998 0.0767638888888889
19 0.28936328125 0.040902777777777774 0.07077343750000002 0.08180555555555555