18 0.2086875 0.9857361111111111 0.05731250000000001 0.02852777777777773
12 0.359765625 0.9229166666666667 0.12578125 0.15416666666666667
18 0.45118749999999996 0.9712916666666666 0.04456249999999997 0.05741666666666655
19 0.5528515625 0.9310972222222222 0.12664062499999992 0.1378055555555556
2 0.65657421875 0.9510347222222222 0.09305468749999993 0.09612500000000004
16 0.6751875 0.8986319444444444 0.11150000000000002 0.20273611111111114
7 0.7421875 0.9638888888888889 0.06796875 0.07222222222222222
16 0.47144531250000005 0.8401458333333333 0.07498437500000002 0.11812499999999994
16 0.525875 0.8550902777777777 0.03962500000000002 0.09862499999999999
18 0.5280546875 0.7134097222222222 0.11389062499999998 0.2031805555555555
18 0.72221484375 0.7660347222222221 0.11757031250000001 0.1770416666666667
18 0.8678671874999999 0.7439652777777778 0.08181249999999984 0.20309722222222223
3 0.29692578125 0.44280555555555556 0.3557265625 0.8835
17 0.5915546875 0.6288680555555556 0.08953124999999992 0.14634722222222224
3 0.7914296875 0.5279513888888889 0.14401562500000004 0.3084027777777777
19 0.45159374999999996 0.7308333333333332 0.04065624999999997 0.10116666666666663
19 0.47630078124999997 0.5572847222222223 0.055679687499999984 0.08540277777777779
19 0.6708515625 0.4366736111111111 0.05046874999999993 0.08062499999999993
19 0.5005000000000001 0.3213819444444444 0.08273437500000007 0.22184722222222225
18 0.69126171875 0.4150763888888889 0.09728906249999998 0.1794583333333334
18 0.73339453125 0.2846458333333334 0.07680468749999995 0.15734722222222225
18 0.5710507812500001 0.2853611111111111 0.12535156250000004 0.12733333333333335
19 0.6511210937499999 0.23460416666666667 0.12994531249999994 0.21329166666666666
8 0.821296875 0.17357638888888888 0.12584374999999995 0.3003472222222222
12 0.8767734375000001 0.24570833333333336 0.07598437500000017 0.1791944444444444
12 0.4794882812499999 0.06727083333333334 0.07314843750000008 0.12354166666666665
2 0.5602578125 0.0634375 0.08107812499999997 0.126875
19 0.6263984375 0.07431944444444445 0.05485937500000002 0.1441388888888889
17 0.716421875 0.10127777777777779 0.08778124999999992 0.14305555555555555
12 0.8230351562499999 0.024812499999999998 0.08427343749999991 0.049624999999999996
19 0.70145703125 0.022312500000000002 0.09919531250000002 0.03901388888888888