12 0.20201171874999999 0.8916527777777777 0.03441406249999999 0.06588888888888897
18 0.69272265625 0.8639999999999999 0.10919531249999999 0.19255555555555537
12 0.18568359375000001 0.7888333333333334 0.038382812499999995 0.08705555555555565
12 0.31637890625000004 0.6480833333333333 0.09002343750000001 0.15936111111111112
19 0.5950507812500001 0.6978194444444443 0.05558593750000007 0.10588888888888882
3 0.74206640625 0.4219166666666666 0.18264843749999998 0.2315277777777778
3 0.6611953125 0.31751388888888893 0.17542187499999998 0.3361388888888889
19 0.56990234375 0.4981458333333333 0.07464843749999997 0.16376388888888885
0 0.5706953125 0.30077777777777776 0.04446875000000006 0.1270555555555556
8 0.21278515625 0.3678888888888889 0.052570312499999994 0.12141666666666664
8 0.276421875 0.1683611111111111 0.179765625 0.33375
10 0.5066484375 0.135625 0.08626562500000005 0.27125
19 0.62425 0.12624305555555557 0.1125 0.15765277777777775
19 0.39853125 0.08054861111111111 0.06353124999999996 0.0762361111111111
19 0.7378359375 0.5875277777777778 0.041281249999999936 0.07883333333333332
19 0.62548828125 0.5605694444444443 0.0841796875 0.17558333333333329
0 0.6888398437500001 0.5929027777777778 0.04919531250000002 0.08336111111111108
19 0.45745703125 0.3424583333333333 0.07586718749999992 0.15186111111111117
8 0.5168828125 0.3438888888888889 0.07204687500000002 0.13388888888888886
19 0.46907812499999996 0.8359583333333335 0.05024999999999995 0.07136111111111126
19 0.12076171875 0.2946736111111111 0.1258203125 0.5893472222222222