19 0.51255859375 0.92625 0.08566406250000007 0.14750000000000008
19 0.237109375 0.9409722222222222 0.1546875 0.11805555555555555
19 0.34863671875 0.9641041666666667 0.08757031250000002 0.07179166666666674
19 0.434765625 0.94375 0.08515625 0.1125
19 0.6340390625 0.9286805555555555 0.1508906249999999 0.14263888888888895
19 0.39680078124999996 0.9015555555555556 0.07907031249999999 0.11294444444444436
7 0.817859375 0.8476944444444445 0.193765625 0.304611111111111
7 0.7026132812499999 0.8394930555555555 0.05750781249999992 0.1955416666666666
19 0.43131640624999995 0.7340208333333333 0.05591406249999995 0.12065277777777786
10 0.1837421875 0.8273125000000001 0.12710937499999997 0.1589027777777779
10 0.60868359375 0.7550972222222222 0.10902343749999996 0.17563888888888893
19 0.43118359375 0.6287083333333333 0.19161718749999998 0.27047222222222217
19 0.34592968749999997 0.6287430555555555 0.04532812499999998 0.19562500000000002
19 0.53053125 0.7503194444444444 0.01729687500000008 0.019083333333333345
19 0.33816015625 0.5101805555555555 0.08735156249999995 0.19841666666666669
19 0.32771875 0.38404166666666667 0.110359375 0.24808333333333335
19 0.42145312500000004 0.40907638888888886 0.12204687500000003 0.1797083333333333
19 0.6299648437500001 0.36578472222222225 0.07060156249999991 0.07831944444444443
19 0.22865625 0.44528472222222226 0.029984374999999997 0.06593055555555559
17 0.2709453125 0.24865277777777778 0.05454687499999995 0.09869444444444445
19 0.8005507812499999 0.22283333333333333 0.11438281249999997 0.22155555555555553
19 0.40934375 0.25050694444444443 0.12603124999999996 0.14240277777777774
19 0.46756640625 0.16118055555555555 0.23564843749999995 0.3223611111111111
19 0.3008046875 0.05465972222222223 0.04806249999999999 0.08545833333333333
19 0.6497265625 0.09141666666666666 0.10146875000000008 0.18283333333333332