18 0.27954296875 0.7525 0.021851562500000022 0.043527777777777665
18 0.139984375 0.051041666666666666 0.10465625000000003 0.10208333333333333
4 0.21657031249999997 0.1361388888888889 0.08595312499999999 0.13772222222222222
12 0.29869531250000003 0.4077013888888889 0.11234374999999996 0.16945833333333332
12 0.6229609375 0.428875 0.07998437500000008 0.14830555555555552
10 0.5863554687500001 0.2927222222222222 0.14467968750000004 0.18761111111111117
3 0.35699609375 0.3676111111111111 0.13532031250000004 0.24661111111111114
18 0.73018359375 0.38727777777777783 0.04766406249999999 0.11649999999999999
18 0.49358984375000003 0.6732361111111111 0.12766406250000006 0.14372222222222225
0 0.7659296875000001 0.8933888888888889 0.08681249999999992 0.1573333333333333
8 0.6301875 0.8994305555555556 0.14553124999999997 0.12708333333333333
10 0.43591015624999996 0.15681944444444443 0.09911718749999995 0.16891666666666666
12 0.32890625 0.6248194444444445 0.04510937500000001 0.09833333333333327
12 0.52082421875 0.883548611111111 0.07319531250000004 0.14070833333333327
10 0.43401562499999996 0.03172222222222223 0.1310625 0.06202777777777777
10 0.43598828125000005 0.03148611111111111 0.12978906250000005 0.06297222222222222
8 0.46252734375 0.9595486111111111 0.13532031250000004 0.08090277777777778
3 0.80635546875 0.6853402777777777 0.10638281250000006 0.1982083333333333
18 0.36210156250000003 0.8025972222222222 0.06382812500000004 0.14222222222222236
19 0.37912109374999997 0.543875 0.0808515625 0.13313888888888892
3 0.5408242187500001 0.12477777777777778 0.07744531250000009 0.14827777777777776
19 0.275203125 0.23305555555555557 0.05106250000000001 0.15761111111111115
19 0.62555859375 0.5249375000000001 0.04255468750000002 0.055486111111111173
19 0.55321875 0.7342361111111111 0.07943750000000005 0.10086111111111119
19 0.605703125 0.6459791666666667 0.07801562499999992 0.16643055555555553
19 0.4922265625000001 0.20594444444444446 0.05815625000000004 0.09833333333333336
6 0.4330078125 0.6579513888888889 0.05460937500000007 0.08195833333333333
19 0.44896484375000006 0.5854583333333334 0.029789062500000085 0.06555555555555562
18 0.3523125 0.018097222222222223 0.04935937499999996 0.034805555555555555
19 0.3786953125 0.08391666666666667 0.04425000000000003 0.09683333333333333
19 0.40891015625 0.20572222222222222 0.07914843749999996 0.16794444444444448
18 0.40678125000000004 0.19210416666666666 0.12254687500000006 0.22845833333333335
18 0.5331640625 0.5431180555555555 0.15234375 0.14676388888888883
19 0.22507812500000002 0.02077777777777778 0.062124999999999986 0.04155555555555556
19 0.51826953125 0.25110416666666663 0.05786718749999995 0.09229166666666665
19 0.28592968750000003 0.9535 0.17192187499999997 0.09300000000000005
19 0.5816757812500001 0.1701597222222222 0.029789062500000085 0.06656944444444443
19 0.5433749999999999 0.7957916666666666 0.04340624999999996 0.06505555555555544
9 0.42337500000000006 0.5521944444444444 0.08935937500000005 0.22241666666666665
18 0.52550390625 0.010944444444444444 0.031492187499999956 0.02188888888888889
19 0.42550781249999997 0.32904861111111117 0.025546875000000035 0.036347222222222246
18 0.28078125 0.7546666666666667 0.024062499999999966 0.04277777777777771