14 0.59833984375 0.9490416666666666 0.09285156249999993 0.10191666666666682
16 0.4171875 0.9409722222222222 0.1734375 0.11805555555555555
19 0.29145703125 0.9529652777777777 0.06119531250000003 0.09406944444444447
12 0.51931640625 0.9022847222222222 0.10302343749999991 0.15201388888888895
19 0.20302343750000001 0.8588749999999999 0.061812500000000006 0.13186111111111118
18 0.18269531249999998 0.7133402777777778 0.08960937499999999 0.20029166666666673
19 0.4066953125 0.8342222222222222 0.17414062500000002 0.19872222222222213
19 0.5600976562500001 0.7525972222222223 0.05971093750000005 0.1401666666666667
10 0.505578125 0.7737083333333334 0.145109375 0.1239166666666667
12 0.68148046875 0.7801388888888889 0.21516406250000006 0.3038888888888888
19 0.36931640625 0.6279236111111112 0.19161718750000004 0.2880416666666666
3 0.49046484375 0.6403819444444444 0.11742968749999996 0.1818194444444444
8 0.6069921875 0.5476666666666666 0.12312499999999993 0.09758333333333333
19 0.7063164062499999 0.5147013888888888 0.026851562499999915 0.08704166666666661
19 0.6294921875 0.5028333333333334 0.10829687499999992 0.08438888888888887
19 0.48403515625000004 0.45668055555555553 0.055039062500000034 0.09758333333333333
19 0.3523203125 0.42261805555555554 0.12906250000000002 0.22984722222222223
19 0.25861328125000005 0.3567222222222223 0.09791406250000004 0.32222222222222224
19 0.717890625 0.3593958333333333 0.05959374999999998 0.1034027777777778
12 0.44910546875 0.40811111111111115 0.1510390625 0.2535833333333334
12 0.6196015625 0.43404166666666666 0.11274999999999995 0.19116666666666665
19 0.30804687499999994 0.2390902777777778 0.05687499999999997 0.4342916666666667
19 0.3853046875 0.23472916666666666 0.10507812500000005 0.15723611111111108
19 0.49533203124999997 0.2347083333333333 0.1199140625 0.11330555555555553
19 0.6609921875 0.29625694444444445 0.105078125 0.3066805555555556
19 0.558984375 0.22041666666666665 0.10875000000000004 0.18583333333333335
17 0.7351679687500001 0.2528958333333333 0.06552343749999992 0.10329166666666667
19 0.60165234375 0.10125 0.05563281250000003 0.07691666666666666
19 0.455859375 0.016881944444444442 0.10503125000000005 0.033763888888888885
19 0.5021484375 0.06119444444444445 0.04806249999999999 0.1223888888888889
19 0.5760234375 0.04010416666666667 0.078328125 0.07595833333333334
13 0.7326875 0.015305555555555555 0.060531250000000016 0.03061111111111111