19 0.75234375 0.9152777777777777 0.1640625 0.16944444444444445
14 0.4796875 0.9729166666666667 0.06875 0.05416666666666667
9 0.32136328125 0.9334722222222223 0.06960156250000002 0.13305555555555548
10 0.5950624999999999 0.89375 0.09128124999999994 0.2018055555555555
18 0.43726953125 0.9386666666666665 0.06378906250000008 0.11955555555555546
17 0.42344140625 0.7387777777777778 0.08716406249999994 0.1299722222222222
7 0.643359375 0.9694444444444444 0.05625 0.06111111111111111
14 0.50872265625 0.6492708333333334 0.10935156250000003 0.20801388888888894
18 0.3179921875 0.7032430555555556 0.078015625 0.10398611111111111
18 0.4221796875 0.6198958333333333 0.08231249999999997 0.13993055555555556
19 0.35770703125000003 0.6279236111111111 0.05163281250000003 0.09118055555555553
18 0.33133203125 0.5754583333333333 0.052101562500000045 0.08052777777777781
3 0.352546875 0.5175416666666667 0.09059375000000003 0.10299999999999995
14 0.6061289062499999 0.49224999999999997 0.06646093749999996 0.1551111111111112
14 0.678828125 0.36569444444444443 0.12328124999999997 0.32888888888888895
19 0.36805859375 0.25725 0.11513281249999996 0.22911111111111107
2 0.4906484375 0.4327916666666667 0.14614062499999997 0.3583611111111111
19 0.3058125 0.23655555555555555 0.08353124999999997 0.1756666666666667
18 0.3311484375 0.36764583333333334 0.03678125000000003 0.08526388888888888
19 0.3910859375 0.41482638888888884 0.08526562499999998 0.0825416666666666
19 0.5791835937500001 0.2506875 0.05024218749999996 0.07748611111111114
17 0.580171875 0.3721111111111111 0.044656250000000064 0.07911111111111112
19 0.49019921874999994 0.20990277777777777 0.08053906249999994 0.10258333333333335
18 0.49367968749999996 0.41904166666666665 0.08778124999999992 0.15358333333333335
8 0.6750625 0.29953472222222227 0.12576562500000002 0.1925416666666667
17 0.620984375 0.32493055555555556 0.06909375000000004 0.16430555555555557
18 0.5850312499999999 0.2089375 0.12584374999999995 0.21981944444444443
18 0.69696875 0.16538888888888892 0.11118749999999995 0.0910277777777778
3 0.40473046875000007 0.10427083333333334 0.1177734375 0.18987500000000002
2 0.6165 0.04172916666666667 0.17117187499999992 0.08345833333333334
19 0.5843281250000001 0.11595833333333333 0.07025000000000006 0.08058333333333335
3 0.49985156249999996 0.10022222222222221 0.04632812499999996 0.07477777777777778
14 0.49678125 0.06771527777777778 0.07074999999999995 0.12676388888888887
17 0.40170312500000005 0.035750000000000004 0.09143749999999998 0.06933333333333333
18 0.26607421875 0.1213611111111111 0.19933593749999998 0.2427222222222222
19 0.71453515625 0.1036875 0.037820312500000064 0.06393055555555556
19 0.67797265625 0.10802083333333334 0.029257812500000036 0.06393055555555556
16 0.683359375 0.023194444444444445 0.032187500000000036 0.04638888888888889