12 0.256640625 0.9777777777777777 0.115625 0.044444444444444446
12 0.51943359375 0.9406111111111112 0.1590703125000001 0.11877777777777775
19 0.64446484375 0.9461736111111111 0.06866406250000008 0.10765277777777776
10 0.71159765625 0.9136805555555556 0.08086718749999999 0.17263888888888881
17 0.775390625 0.9527777777777777 0.06875 0.09444444444444444
19 0.2638671875 0.9300902777777779 0.06671874999999998 0.09018055555555564
19 0.21691406249999998 0.7662708333333332 0.07448437500000002 0.13870833333333327
19 0.418625 0.9384027777777777 0.06320312500000003 0.10025000000000009
19 0.40558203125 0.9558472222222223 0.039070312499999996 0.05194444444444457
19 0.6974609375 0.8061180555555555 0.06656250000000004 0.07356944444444448
19 0.6170117187499999 0.8036805555555557 0.08749218750000001 0.12141666666666677
19 0.5956523437500001 0.9100763888888889 0.06319531250000007 0.11859722222222237
17 0.5463515625 0.814125 0.05568749999999998 0.13519444444444434
12 0.7899453125 0.7380763888888888 0.06734375000000004 0.15034722222222222
19 0.41371484374999995 0.8432569444444444 0.05710156249999998 0.06848611111111104
19 0.36198437499999997 0.8790347222222222 0.042031249999999964 0.17981944444444448
19 0.36946875 0.7690347222222221 0.0600625 0.0744583333333332
19 0.42767968750000007 0.7760208333333334 0.048562500000000064 0.09362500000000011
19 0.47551953125000007 0.7200277777777777 0.07336718750000007 0.3712222222222222
19 0.40943359375000005 0.6957430555555556 0.08616406249999997 0.06845833333333336
16 0.30962109375 0.7178541666666667 0.06202343749999999 0.10298611111111115
19 0.348953125 0.7078263888888888 0.03568749999999996 0.07593055555555558
19 0.8357578125 0.7776944444444444 0.03464062500000011 0.07366666666666662
19 0.6603789062500001 0.7360486111111112 0.051695312500000055 0.11184722222222218
17 0.6899765625000001 0.6849027777777777 0.08629687500000002 0.15963888888888897
19 0.73400390625 0.6241041666666666 0.05510156249999998 0.10076388888888882
19 0.7713203125 0.624361111111111 0.03754687499999996 0.0632777777777777
17 0.83835546875 0.6348819444444445 0.07477343750000003 0.07337500000000005
19 0.62703125 0.6423611111111112 0.06328125 0.05805555555555549
12 0.6053515624999999 0.46688888888888885 0.15984374999999992 0.3404722222222222
19 0.23323437499999997 0.5941111111111111 0.1415625 0.2446666666666667
19 0.3488984375 0.6244583333333332 0.057343749999999985 0.12211111111111106
8 0.42110156249999997 0.5606388888888888 0.12134374999999994 0.23752777777777775
19 0.25434765625000005 0.6547847222222223 0.05757031250000004 0.13256944444444452
19 0.544875 0.7797430555555555 0.08048437499999998 0.17323611111111115
19 0.597734375 0.7293402777777778 0.026374999999999992 0.08112500000000003
19 0.1969296875 0.5536666666666666 0.05645312499999999 0.08688888888888881
8 0.29010546875000004 0.48686111111111113 0.12133593749999996 0.12583333333333335
19 0.325640625 0.5793958333333333 0.05181249999999995 0.1585972222222223
19 0.37635156249999996 0.5062847222222222 0.045828124999999977 0.08318055555555554
19 0.3870078125 0.4002291666666667 0.08339062500000001 0.15768055555555552
19 0.4681640625 0.43139583333333326 0.11290624999999999 0.1366805555555555
11 0.3087578125 0.30272222222222217 0.079984375 0.30711111111111106
19 0.23238671875 0.33762499999999995 0.08586718749999997 0.15413888888888888
19 0.7167421875 0.5393958333333333 0.079875 0.12404166666666659
8 0.8069218749999999 0.5374027777777778 0.12743749999999993 0.14561111111111116
19 0.71483203125 0.42649305555555556 0.10267968750000005 0.21323611111111107
19 0.77083203125 0.2455277777777778 0.11067968749999997 0.18911111111111115
17 0.4713984375 0.34656250000000005 0.09481249999999992 0.09740277777777781
19 0.48425 0.28704861111111113 0.1369375 0.22965277777777782
19 0.55526171875 0.16614583333333333 0.16208593750000003 0.28562499999999996
19 0.227109375 0.21791666666666668 0.07328124999999999 0.10138888888888889
12 0.589609375 0.09034722222222222 0.11624999999999996 0.18069444444444444
19 0.4298671875 0.07868055555555556 0.14254687500000002 0.15736111111111112
3 0.6654492187500001 0.057999999999999996 0.049539062500000064 0.11599999999999999
19 0.75291015625 0.072375 0.054601562500000075 0.14475