19 0.70240234375 0.9924791666666666 0.03238281250000004 0.015041666666666566
2 0.34447265624999995 0.9002777777777777 0.22836718749999996 0.1994444444444443
19 0.48102734375 0.8800972222222222 0.12127343750000001 0.22741666666666668
0 0.56954296875 0.9284166666666666 0.05697656250000005 0.14316666666666655
7 0.259109375 0.715201388888889 0.1243125 0.2762638888888889
17 0.36612890625 0.7286805555555556 0.0878984375 0.13430555555555562
19 0.52062109375 0.8340555555555556 0.0851640625 0.15833333333333333
8 0.41594921874999996 0.6176597222222223 0.11024218750000006 0.1533750000000001
19 0.33781249999999996 0.5516736111111111 0.074328125 0.1404305555555556
19 0.5132734375 0.6247916666666667 0.018046874999999928 0.0338055555555556
10 0.5705546874999999 0.44797222222222216 0.05843749999999996 0.31425
19 0.39673046875000006 0.6904652777777778 0.05160156250000001 0.09231944444444448
19 0.686296875 0.9335555555555555 0.04921875 0.06361111111111105
19 0.22073046874999996 0.39921527777777777 0.1253828125 0.22570833333333332
19 0.34825390624999997 0.41556944444444444 0.11458593750000001 0.26052777777777786
7 0.4190078125 0.4220902777777778 0.15442187500000001 0.32806944444444447
14 0.49799218749999996 0.5143819444444445 0.11526562499999997 0.1222361111111111
14 0.4780546875000001 0.3159861111111111 0.09406250000000008 0.20083333333333336
18 0.5562109375000001 0.3140277777777778 0.08742187500000007 0.18611111111111114
17 0.31144921875000003 0.26616666666666666 0.0784140625 0.13211111111111112
2 0.5024921875 0.20566666666666664 0.07218750000000007 0.15669444444444444
19 0.19800390625 0.20444444444444443 0.022945312500000002 0.03605555555555553
17 0.42098828125 0.12313194444444445 0.10239843749999995 0.17476388888888886
18 0.28640625 0.05584722222222222 0.06729687499999999 0.11169444444444444
19 0.36516796875 0.1224375 0.012867187500000021 0.03973611111111113
19 0.58341015625 0.04261805555555556 0.022007812500000057 0.03793055555555556
8 0.60003125 0.007791666666666667 0.03217187500000005 0.015583333333333334
18 0.11199218749999999 0.13903472222222224 0.10217187500000002 0.2780694444444445