18 0.4943437500000001 0.9904444444444445 0.036046875000000075 0.0191111111111111
14 0.5246445312500001 0.9919791666666667 0.03258593750000003 0.016041666666666603
17 0.27645703125 0.9808472222222221 0.05714843749999998 0.038305555555555454
17 0.6711796875 0.9614513888888889 0.060765624999999976 0.0770972222222222
17 0.53931640625 0.8662777777777778 0.08024218750000003 0.15561111111111106
17 0.45056250000000003 0.7852152777777778 0.09365625000000008 0.17329166666666665
19 0.26995703125000003 0.8800625000000001 0.07586718750000002 0.08559722222222238
19 0.24916796875 0.8175694444444445 0.08899218749999997 0.09736111111111098
10 0.524359375 0.7320486111111112 0.07781249999999992 0.14048611111111114
19 0.27682421874999996 0.7102916666666667 0.0729453125 0.10158333333333339
19 0.32075 0.6934305555555556 0.044984375000000035 0.14480555555555555
19 0.61242578125 0.7024305555555556 0.051070312499999916 0.09077777777777772
14 0.1788046875 0.42471527777777773 0.131046875 0.4212638888888888
19 0.47759374999999993 0.6080902777777778 0.023093749999999958 0.0737083333333334
19 0.5190234375 0.5510416666666667 0.04496874999999996 0.10830555555555559
19 0.6519375000000001 0.6522569444444445 0.09846874999999997 0.2013194444444445
19 0.734078125 0.5168680555555556 0.053749999999999964 0.1817083333333334
17 0.29935546875 0.6093194444444444 0.08024218750000003 0.13633333333333328
17 0.38117968750000003 0.6175416666666667 0.07781250000000002 0.11691666666666675
19 0.7177968750000001 0.5435486111111111 0.07707812500000007 0.14309722222222218
19 0.7059609375 0.5464930555555556 0.14881250000000001 0.10115277777777784
19 0.64310546875 0.5191875 0.05252343750000001 0.10115277777777784
19 0.59074609375 0.5217847222222223 0.08316406250000004 0.17895833333333336
19 0.357109375 0.4978680555555555 0.07878125000000002 0.13229166666666667
19 0.27426953125 0.4968541666666667 0.06564843749999998 0.14265277777777782
19 0.2774375 0.30594444444444446 0.2265625 0.30772222222222223
19 0.43428125 0.4132638888888888 0.09364062499999996 0.14280555555555552
19 0.43925390625 0.32490972222222225 0.10091406250000001 0.11240277777777775
19 0.54685546875 0.39587500000000003 0.11185156250000006 0.14480555555555555
19 0.58272265625 0.3241875 0.09969531249999992 0.14481944444444445
19 0.78333984375 0.24133333333333332 0.0708984375 0.16566666666666666
19 0.58751953125 0.18495833333333336 0.04753906249999993 0.16102777777777777
19 0.47410546875000004 0.17941666666666667 0.19696093750000004 0.3118888888888889
10 0.7094140624999999 0.18409722222222225 0.17117187499999992 0.20319444444444446
10 0.34559765625 0.12356944444444444 0.05471093749999998 0.24713888888888888
19 0.4965625 0.029902777777777778 0.08510937500000004 0.059805555555555556
19 0.5644453125 0.017298611111111112 0.044578124999999955 0.034597222222222224
19 0.6632265625 0.06952777777777779 0.13070312499999998 0.13905555555555557
14 0.72553515625 0.029006944444444446 0.09321093749999995 0.05801388888888889
19 0.8111523437499999 0.0245 0.08003906249999995 0.049