12 0.68196875 0.9882847222222222 0.06325000000000003 0.023430555555555403
17 0.6078125 0.9833333333333333 0.065625 0.03333333333333333
0 0.33605859374999997 0.9139236111111111 0.1113359375 0.17215277777777785
10 0.40834765625 0.9614652777777778 0.05685156249999999 0.07706944444444445
19 0.48745703124999995 0.938375 0.05982031249999995 0.12325000000000001
12 0.33678125000000003 0.7045138888888889 0.15895312500000003 0.28638888888888897
19 0.5134882812500001 0.8377083333333333 0.19464843750000008 0.1684999999999999
19 0.50309765625 0.6744652777777778 0.11091406250000002 0.1229583333333333
19 0.6063046875 0.5995902777777777 0.11545312499999998 0.2082083333333333
19 0.6416953125 0.5198888888888888 0.14282812499999994 0.2799722222222223
19 0.7336171875 0.529263888888889 0.07375000000000007 0.2655555555555556
17 0.537921875 0.5361458333333333 0.08074999999999992 0.12379166666666666
17 0.39018749999999996 0.42449305555555555 0.06912499999999996 0.16243055555555558
19 0.34234765625 0.45626388888888886 0.01813281250000003 0.03391666666666661
19 0.200984375 0.4299722222222222 0.08209375000000001 0.13702777777777772
19 0.8197539062499999 0.4132013888888889 0.12303906249999992 0.17204166666666668
19 0.48978906250000004 0.3749444444444444 0.11481250000000003 0.22294444444444442
18 0.5686484375 0.2901458333333333 0.06098437499999996 0.0936527777777778
19 0.5935117187500001 0.2008125 0.03922656250000003 0.052541666666666646
3 0.24402343750000002 0.14729166666666668 0.07789062500000003 0.16736111111111113
7 0.54230078125 0.9890625 0.05266406250000007 0.021875
18 0.47124999999999995 0.08522916666666668 0.049249999999999974 0.17045833333333335
11 0.26487109375 0.010951388888888889 0.02397656250000004 0.021902777777777778
12 0.320171875 0.02904861111111111 0.06989062500000003 0.05809722222222222
18 0.37035546875 0.027756944444444445 0.024789062500000014 0.0462361111111111
19 0.38803124999999994 0.09458333333333332 0.07720312499999996 0.15386111111111112
17 0.41383593750000003 0.03136805555555556 0.053234375000000035 0.057791666666666665
19 0.5117578125 0.7575138888888888 0.017953125000000014 0.0313055555555555
19 0.3608671875 0.06332638888888889 0.022343750000000016 0.030097222222222223
19 0.44703125000000005 0.16588194444444443 0.016968750000000022 0.026013888888888875
18 0.11199218749999999 0.13903472222222224 0.10217187500000002 0.2780694444444445