17 0.2788515625 0.9637430555555555 0.074421875 0.07251388888888893
16 0.34140625 0.9743055555555555 0.05625 0.05138888888888889
16 0.6838984375 0.9694583333333333 0.058937500000000045 0.06108333333333336
2 0.58380078125 0.9072847222222222 0.15072656250000005 0.18543055555555554
12 0.378125 0.9854166666666667 0.03515625 0.029166666666666667
19 0.45234375 0.9180555555555555 0.05390625 0.1638888888888889
17 0.74990625 0.9631249999999999 0.06753125000000004 0.07374999999999987
19 0.1915625 0.9732916666666667 0.093453125 0.053416666666666716
14 0.206640625 0.8389930555555556 0.11671874999999998 0.22634722222222226
17 0.51150390625 0.8230347222222221 0.04338281249999998 0.09173611111111105
17 0.5341875 0.6365416666666667 0.10956250000000001 0.12133333333333335
3 0.5581015625 0.8289305555555556 0.050515625000000064 0.07563888888888894
19 0.4099609375 0.8283472222222221 0.11885937499999995 0.22527777777777785
12 0.7318125 0.8462916666666668 0.09826562499999998 0.17605555555555555
16 0.57301171875 0.45281250000000006 0.1359453125 0.19059722222222225
18 0.47684765625000003 0.7225277777777778 0.11969531250000003 0.14080555555555563
18 0.80680078125 0.7056180555555555 0.09625781250000003 0.24165277777777772
10 0.8073476562499999 0.3407430555555555 0.13967968749999998 0.34259722222222216
14 0.38862109375 0.5770555555555555 0.0469765625 0.12502777777777777
16 0.20985546875 0.6197152777777778 0.08357031250000002 0.18804166666666663
8 0.7418554687500001 0.5620972222222222 0.11902343750000002 0.1555833333333333
18 0.78244140625 0.46900694444444435 0.11519531250000004 0.19245833333333323
19 0.4701171875 0.5343611111111111 0.03951562499999994 0.05944444444444438
18 0.2636328125 0.386625 0.079296875 0.2111111111111111
14 0.47339843750000005 0.4210138888888889 0.076171875 0.1756666666666667
17 0.66303125 0.2828333333333333 0.05418749999999992 0.09736111111111115
17 0.5756445312499999 0.7613125 0.07996093749999993 0.12068055555555561
3 0.65403515625 0.7717708333333334 0.08308593749999993 0.19273611111111108
19 0.5614765625 0.24086805555555557 0.15939062499999998 0.34965277777777776
3 0.21389062499999997 0.33588888888888885 0.06606249999999998 0.20638888888888893
17 0.41416796875 0.28728472222222223 0.049742187500000014 0.11106944444444448
18 0.45043749999999994 0.21061805555555552 0.061812499999999916 0.229875
17 0.27089453125 0.12993055555555552 0.07680468749999995 0.21486111111111109
7 0.3550859375 0.12955555555555556 0.07407812499999995 0.1960555555555556
18 0.19279296875000002 0.1944375 0.03238281249999999 0.0677638888888889
19 0.24532421875 0.12394444444444445 0.0666953125 0.12455555555555556
19 0.3563515625 0.10752083333333334 0.09287499999999996 0.2150416666666667
17 0.50284375 0.049180555555555554 0.11567187499999995 0.09755555555555556
17 0.6379296875 0.03847222222222222 0.04137500000000003 0.07694444444444444
14 0.7873749999999999 0.11147222222222221 0.04643749999999995 0.07805555555555554
16 0.7075859375 0.03997222222222222 0.07935937499999994 0.07994444444444444