2 0.43300390625 0.8168263888888889 0.30477343749999997 0.3663472222222222
3 0.593046875 0.9583333333333334 0.078125 0.08333333333333333
19 0.7593515624999999 0.8229166666666666 0.25807812499999994 0.3466666666666666
7 0.35616015624999997 0.9551944444444445 0.046585937499999994 0.0750555555555555
17 0.5329921875 0.9622430555555557 0.048249999999999994 0.07004166666666675
14 0.21253125 0.6699999999999999 0.09392187500000002 0.10300000000000004
3 0.27633593749999996 0.7395416666666667 0.078125 0.17011111111111113
2 0.48884375 0.9056180555555555 0.32090625 0.16318055555555558
17 0.59436328125 0.7790208333333333 0.08427343749999991 0.13420833333333348
18 0.52352734375 0.7718472222222222 0.05178906249999997 0.16852777777777775
19 0.48444921875 0.7483194444444444 0.08428906250000008 0.16066666666666676
14 0.68450390625 0.5450833333333334 0.12975781249999993 0.21194444444444446
3 0.8038046875000001 0.5860069444444445 0.07098437500000002 0.17693055555555554
3 0.47965625 0.47370833333333334 0.23740625000000004 0.4423611111111111
19 0.3873125 0.6416041666666668 0.11592187500000004 0.24451388888888884
19 0.42328124999999994 0.7999375000000001 0.07899999999999996 0.14201388888888888
19 0.314078125 0.7443819444444445 0.04915624999999997 0.12640277777777775
19 0.59128515625 0.6372986111111111 0.11936718749999997 0.1420694444444444
15 0.5993828124999999 0.4949097222222222 0.12956249999999994 0.14981944444444445
17 0.51458984375 0.45246527777777773 0.04528906250000002 0.08801388888888889
19 0.34378125000000004 0.3916319444444445 0.10290625000000002 0.24706944444444442
19 0.24658203125 0.43769444444444444 0.15675781249999998 0.3117777777777778
2 0.26247656249999995 0.5975694444444445 0.09376562499999999 0.1455
17 0.7902851562500001 0.4008611111111111 0.07108593749999992 0.11402777777777781
17 0.54901171875 0.2693541666666667 0.08046093750000001 0.1456527777777778
16 0.64426953125 0.33405555555555555 0.07739843749999994 0.11827777777777773
3 0.6283203125 0.23078472222222224 0.09875000000000007 0.11687499999999999
17 0.4791953125 0.19183333333333333 0.06232812499999998 0.14772222222222225
18 0.35446093749999996 0.24789583333333332 0.04740624999999996 0.09879166666666667
4 0.42661328125000003 0.18289583333333334 0.06144531250000003 0.14668055555555556
11 0.551703125 0.12671527777777777 0.06582812499999999 0.08426388888888889
19 0.6355351562499999 0.15325 0.09128906249999993 0.10300000000000001
12 0.5953828124999999 0.062 0.12114062499999996 0.124
12 0.49624218749999993 0.05655555555555555 0.10314062499999999 0.1131111111111111
8 0.40992187500000005 0.10205555555555554 0.08412500000000005 0.19897222222222222
19 0.3378671875 0.15278472222222222 0.079 0.10273611111111113
18 0.32906250000000004 0.09817361111111111 0.11265625000000004 0.19634722222222223