19 0.35875 0.9838541666666667 0.04828124999999996 0.03229166666666667
16 0.5830312500000001 0.9711527777777778 0.11048437500000005 0.057694444444444395
17 0.47421875 0.9583333333333334 0.0890625 0.08333333333333333
19 0.6640390624999999 0.9538194444444444 0.06785937499999992 0.09236111111111112
2 0.7506171875000001 0.8643888888888889 0.20912500000000006 0.2712222222222222
19 0.61907421875 0.8818194444444446 0.06555468750000007 0.08111111111111123
19 0.44296875 0.8098125 0.13424999999999998 0.2471250000000001
0 0.5441679687500001 0.8385138888888889 0.09836718750000006 0.23447222222222214
17 0.60604296875 0.7872638888888888 0.06460156250000004 0.12097222222222209
14 0.22637109375 0.8347847222222222 0.1690390625 0.3227916666666667
14 0.21198437500000003 0.6418055555555556 0.08574999999999999 0.10447222222222226
19 0.7885859375 0.6419027777777777 0.21039062499999997 0.29066666666666663
19 0.4217109375 0.6364513888888889 0.12981250000000003 0.16909722222222223
19 0.5330703124999999 0.6130347222222222 0.11120312499999993 0.32393055555555555
19 0.6400234375 0.6897152777777779 0.05814062500000006 0.16926388888888882
19 0.64644140625 0.5282083333333334 0.13549218750000006 0.20222222222222225
19 0.21176171875 0.5247708333333333 0.1255703125 0.24623611111111107
8 0.21613671874999998 0.41265972222222225 0.09477343749999997 0.1928194444444445
19 0.377328125 0.4512430555555556 0.06657812500000002 0.11368055555555559
19 0.430578125 0.42992361111111116 0.09353125000000002 0.2432916666666666
19 0.46685546875000006 0.2095138888888889 0.05972656250000004 0.10458333333333335
19 0.5200546875 0.47154861111111107 0.178515625 0.32226388888888885
19 0.75712890625 0.4622152777777778 0.08121093750000004 0.10584722222222227
19 0.8031679687500001 0.4366111111111111 0.03227343749999996 0.16875
19 0.1757421875 0.5310972222222222 0.022109375000000007 0.034722222222222224
19 0.8643281249999999 0.6031805555555555 0.051953125 0.0783333333333333
19 0.23350390625 0.2863958333333333 0.08074218750000002 0.12859722222222228
19 0.3008671875 0.25917361111111115 0.052156249999999994 0.10934722222222225
19 0.32599609375 0.26761805555555557 0.06253906249999996 0.19662500000000002
19 0.35517578125 0.32325694444444447 0.046867187500000004 0.14654166666666665
19 0.3922265625 0.18647916666666664 0.15648437499999995 0.3729583333333333
19 0.5601875 0.22709027777777777 0.06724999999999995 0.09834722222222222
19 0.80770703125 0.3512013888888889 0.07782031250000002 0.13834722222222223
19 0.7806054687499999 0.33588888888888885 0.1439453125 0.2506666666666667
19 0.7720156250000001 0.035347222222222224 0.04346875000000008 0.07069444444444445
7 0.651109375 0.0957638888888889 0.21153125 0.1915277777777778
19 0.47112499999999996 0.11638194444444444 0.06493749999999991 0.09776388888888891
19 0.50972265625 0.19699305555555557 0.06735156250000003 0.14459722222222224
19 0.499515625 0.06952083333333334 0.09479687499999993 0.13904166666666667
19 0.27379296875 0.17549305555555558 0.07088281250000002 0.11684722222222224