19 0.18442578125 0.5254166666666666 0.15041406249999997 0.2066666666666666
3 0.4286484375 0.15087499999999998 0.09604687500000005 0.13480555555555557
17 0.5587500000000001 0.09745138888888889 0.07750000000000004 0.19490277777777779
19 0.24757812500000004 0.26541666666666663 0.07625000000000001 0.15166666666666664
19 0.5243593750000001 0.2600277777777778 0.09100000000000001 0.13738888888888892
19 0.45406640624999994 0.06344444444444444 0.13103906250000003 0.12258333333333334
2 0.25123828125000003 0.05559027777777777 0.08299218750000001 0.11118055555555555
19 0.20795703125 0.3075763888888889 0.0775390625 0.18120833333333336
19 0.7486992187499999 0.20524305555555555 0.03208593749999995 0.08381944444444446
4 0.5500390625 0.9554166666666666 0.08898437500000007 0.08916666666666673
17 0.5291445312499999 0.8316388888888888 0.05897656250000001 0.09455555555555545
3 0.34505859375 0.9164513888888889 0.12503906249999996 0.16709722222222215
8 0.20605859375 0.9456736111111111 0.08250781250000001 0.1086527777777778
19 0.3385859375 0.43862499999999993 0.19132812500000002 0.4087222222222222
17 0.32096484375 0.7499027777777777 0.07244531250000001 0.15686111111111117
3 0.23249218750000003 0.6769236111111111 0.10279687500000004 0.14843055555555548
3 0.5416015625 0.6702222222222223 0.10110937500000006 0.18772222222222218
3 0.42750781250000003 0.6495138888888888 0.101953125 0.16627777777777775
12 0.42616015625000003 0.8665208333333333 0.13832031249999996 0.26265277777777796
19 0.52867578125 0.8026527777777778 0.1390546875 0.1135833333333333
19 0.4473515625 0.5020902777777778 0.06401562500000005 0.10026388888888896
19 0.5461015625 0.46652083333333333 0.13903125000000002 0.20090277777777774
19 0.7076796875 0.37948611111111114 0.29320312500000006 0.5674166666666666
19 0.4356484375 0.32102777777777775 0.14945312499999996 0.24958333333333335
17 0.5513945312499999 0.43779166666666663 0.09553906249999997 0.14205555555555552
17 0.40960156249999996 0.4371180555555556 0.06656250000000004 0.11806944444444444