18 0.3780703125 0.5597916666666666 0.07957812500000001 0.14433333333333329
18 0.27902343749999997 0.8620833333333332 0.10726562499999996 0.2758333333333332
14 0.46005078125 0.8766875000000001 0.10958593749999998 0.1468194444444445
4 0.3763203125 0.8446944444444445 0.05575000000000001 0.10447222222222226
2 0.6334765625 0.8470416666666668 0.12799999999999995 0.2164722222222224
12 0.57315625 0.7527083333333332 0.12865625000000006 0.2056944444444444
15 0.5079609374999999 0.47556250000000005 0.10164062499999993 0.0931805555555556
11 0.6445390625 0.4220347222222222 0.06673437500000005 0.22854166666666664
2 0.5244765625000001 0.3146180555555555 0.06829687500000006 0.14118055555555553
8 0.7627148437500001 0.1620138888888889 0.10324218750000007 0.31652777777777785
2 0.26321484375 0.1734375 0.06352343749999996 0.14681944444444442
8 0.60134765625 0.0320625 0.16941406249999993 0.064125
5 0.39355859375 0.15118749999999997 0.06088281250000005 0.1082361111111111
19 0.7933359375 0.972013888888889 0.08504687499999992 0.05597222222222216
19 0.25279296875 0.6499930555555555 0.13150781250000004 0.22023611111111102
17 0.32912109375 0.38511111111111107 0.08022656250000004 0.0993611111111111
11 0.4517695312500001 0.20620833333333333 0.07433593750000007 0.10341666666666664
12 0.31015625 0.8847222222222222 0.096875 0.23055555555555557
12 0.65268359375 0.9595138888888889 0.06369531249999998 0.08097222222222215
3 0.49349609375 0.7220000000000001 0.0748046875 0.17605555555555555
9 0.5532265625 0.6012083333333333 0.08100000000000004 0.12988888888888886
19 0.35648046874999995 0.05930555555555556 0.09994531250000005 0.11861111111111113
19 0.12076171875 0.2946736111111111 0.1258203125 0.5893472222222222