19 0.8061875000000001 0.9782638888888889 0.09887499999999996 0.04347222222222216
19 0.25137109375 0.9406180555555556 0.09319531249999997 0.11876388888888888
19 0.57706640625 0.8985902777777778 0.056757812500000074 0.15862500000000004
14 0.75059375 0.8041597222222222 0.20726562500000006 0.39168055555555553
17 0.5869921874999999 0.934 0.09851562499999993 0.13199999999999995
19 0.41643749999999996 0.9645277777777777 0.14620312499999993 0.07094444444444434
19 0.496953125 0.9185555555555556 0.07093749999999996 0.1610000000000001
19 0.3986054687499999 0.922423611111111 0.050585937499999956 0.10256944444444432
19 0.5381484375 0.8072986111111111 0.050484374999999915 0.08973611111111097
19 0.25260156250000004 0.7924791666666667 0.04440625000000002 0.08334722222222221
19 0.42903515625 0.7285208333333333 0.058039062499999974 0.19023611111111116
10 0.37015234374999995 0.7726527777777777 0.05911718749999997 0.33125
18 0.50258203125 0.6949166666666667 0.13249218749999994 0.2433333333333334
19 0.650390625 0.7619930555555555 0.09764062500000001 0.09101388888888885
19 0.25883984375 0.6775347222222222 0.07541406249999998 0.12523611111111105
19 0.30896484375 0.6891597222222223 0.0483359375 0.10109722222222225
19 0.4521875000000001 0.5654305555555555 0.07046875000000004 0.10850000000000001
19 0.5315 0.5843819444444445 0.1002812500000001 0.15248611111111107
8 0.62032421875 0.5008055555555555 0.12485156249999996 0.30905555555555553
19 0.8029296875 0.48834722222222227 0.20476562499999992 0.5291666666666667
19 0.3938359375 0.49027777777777776 0.128578125 0.258
19 0.26933984375 0.5368541666666666 0.11744531250000004 0.19120833333333329
19 0.1934375 0.5489444444444445 0.04821875000000002 0.10550000000000005
19 0.23621875 0.5630069444444444 0.06850000000000005 0.1362638888888889
19 0.474046875 0.4786736111111112 0.02690625000000004 0.04734722222222227
19 0.48705078124999995 0.4008194444444445 0.06922656249999992 0.12658333333333333
19 0.28690234375 0.38477777777777783 0.08777343750000002 0.15769444444444444
17 0.20369921875000002 0.40675694444444443 0.0642890625 0.117375
17 0.5636796875 0.37047222222222226 0.08360937499999999 0.13977777777777775
17 0.23888281249999999 0.28674999999999995 0.10978124999999998 0.13977777777777775
17 0.35459375 0.31178472222222225 0.08010937499999997 0.1319027777777778
19 0.41690234375 0.3117986111111111 0.07121093750000003 0.1265972222222222
19 0.48737109375000004 0.2523472222222222 0.22400781250000001 0.18747222222222223
19 0.494046875 0.3210277777777778 0.06528124999999996 0.060666666666666674
12 0.72328125 0.16645833333333332 0.14984374999999997 0.33291666666666664
19 0.2118828125 0.11240972222222223 0.09198437500000001 0.16615277777777776
19 0.6309765625 0.07813194444444443 0.05192187500000003 0.12395833333333334
19 0.3668359375 0.04236111111111111 0.06393750000000002 0.08472222222222223
19 0.4439804687500001 0.07536111111111111 0.08174218750000009 0.15058333333333335
2 0.48633203125 0.0911875 0.09197656250000001 0.17695833333333336
17 0.8245742187499999 0.1361527777777778 0.06527343750000006 0.12922222222222224
19 0.6446953125 0.3468541666666667 0.051515625000000044 0.06409722222222224
19 0.8779882812499998 0.1078472222222222 0.023804687499999845 0.029305555555555547