17 0.450171875 0.9071041666666667 0.10657812500000001 0.18579166666666663
19 0.29856640624999997 0.9012916666666667 0.15335156249999998 0.1974166666666665
12 0.6408828125 0.9318888888888888 0.11187500000000003 0.13622222222222213
17 0.70200390625 0.8854305555555555 0.06686718749999994 0.10447222222222226
19 0.55050390625 0.9319583333333333 0.08207031249999996 0.1242777777777778
3 0.38685937499999995 0.8423055555555556 0.09428125000000005 0.18511111111111106
19 0.351484375 0.7400555555555555 0.301640625 0.36011111111111105
18 0.21985156250000001 0.7935763888888889 0.04890625000000002 0.08376388888888882
19 0.51228515625 0.8094861111111111 0.04485156250000007 0.13394444444444453
19 0.6255625 0.7670138888888889 0.08625000000000008 0.16550000000000004
18 0.330890625 0.6085972222222222 0.09629687499999999 0.11913888888888885
18 0.5896992187500001 0.5654097222222223 0.13669531250000003 0.22112500000000004
19 0.69480078125 0.7057361111111111 0.07571093750000006 0.14341666666666666
16 0.8052617187500001 0.7114444444444444 0.10763281249999998 0.19263888888888894
17 0.80805859375 0.5803402777777779 0.10505468749999994 0.12076388888888895
12 0.6487734375 0.49852083333333336 0.07903125000000007 0.1675138888888889
19 0.56503515625 0.4549652777777778 0.06491406249999994 0.08059722222222218
17 0.1960703125 0.5222638888888889 0.09729687500000002 0.15124999999999997
19 0.45593359375000003 0.4862083333333334 0.10841406249999999 0.17111111111111119
16 0.31231640625 0.5016666666666667 0.050148437500000045 0.11138888888888895
14 0.23623046875 0.3547986111111111 0.0820390625 0.1560138888888889
17 0.18473046875 0.40880555555555553 0.059757812499999986 0.12174999999999996
16 0.60660546875 0.3596805555555556 0.05977343749999999 0.09255555555555553
10 0.54363671875 0.30302083333333335 0.06960156249999994 0.23979166666666663
17 0.341375 0.2768541666666666 0.05978124999999999 0.1404861111111111
14 0.28260937499999994 0.26424305555555555 0.05774999999999997 0.1224861111111111
19 0.23357421875 0.1424513888888889 0.18966406249999998 0.2849027777777778
2 0.34681249999999997 0.04455555555555556 0.11145312500000001 0.08911111111111111
12 0.53973828125 0.09661111111111112 0.1072265625 0.1410833333333333
3 0.6845390625000001 0.060347222222222226 0.15029687500000008 0.12069444444444445
19 0.60888671875 0.2614791666666667 0.04474218749999999 0.10206944444444446