12 0.5252382812499999 0.9471666666666666 0.11639843750000001 0.10566666666666656
19 0.43477343749999997 0.956361111111111 0.08798437499999996 0.08727777777777766
19 0.6881562499999999 0.8607986111111111 0.15632812499999993 0.27840277777777783
2 0.7598203125 0.7856805555555556 0.10129687500000006 0.4286388888888888
19 0.52118359375 0.7203888888888889 0.1609453125 0.20097222222222227
19 0.39512890624999997 0.8308125000000001 0.019085937500000004 0.040263888888888905
10 0.22980468750000002 0.6998680555555555 0.15240625000000002 0.2716249999999999
19 0.6975078124999999 0.7679722222222222 0.05412499999999998 0.09108333333333324
19 0.32183203125 0.8359583333333334 0.024257812499999965 0.057888888888888976
19 0.3181640625 0.5131597222222223 0.182421875 0.4046249999999999
19 0.217140625 0.5600902777777778 0.06490625000000001 0.13759722222222212
19 0.5414843749999999 0.48325 0.21921874999999993 0.2973333333333334
19 0.6836718749999999 0.6342430555555555 0.060249999999999915 0.0686527777777777
19 0.80436328125 0.4977569444444444 0.06267968750000001 0.10090277777777774
17 0.7927578125 0.4183263888888889 0.08020312499999997 0.08559722222222221
19 0.99477734375 0.01670138888888889 0.010445312499999915 0.03340277777777778
17 0.25693359375 0.23954861111111111 0.11003906250000002 0.1857638888888889
19 0.36832421875000004 0.2072222222222222 0.11821093749999996 0.20222222222222225
19 0.44326953125 0.29781944444444447 0.12044531250000001 0.25825
19 0.52969140625 0.20194444444444443 0.07530468750000008 0.22388888888888886
3 0.5816367187500001 0.20575694444444442 0.1887578125000001 0.4090138888888889
19 0.26703515625 0.3312152777777778 0.06202343749999999 0.11020833333333337
19 0.80959765625 0.29304861111111113 0.13002343749999995 0.2594583333333333
19 0.81433203125 0.23958333333333334 0.1144609374999999 0.21083333333333334
12 0.2769375 0.05629166666666667 0.10093750000000004 0.11183333333333331
12 0.3946484375 0.06585416666666667 0.13360937499999997 0.13170833333333334
19 0.4758359375 0.04461805555555556 0.03851562499999996 0.08923611111111111
18 0.11199218749999999 0.13903472222222224 0.10217187500000002 0.2780694444444445