3 0.24720703125000001 0.9038958333333335 0.14010156250000003 0.19220833333333315
19 0.3599765625 0.8648333333333335 0.12164062500000003 0.27033333333333315
19 0.67491015625 0.9454652777777778 0.08550781250000003 0.10906944444444441
19 0.51627734375 0.7997013888888889 0.24755468749999995 0.4005972222222223
18 0.71547265625 0.8520000000000001 0.12060156249999991 0.2361111111111111
19 0.40491406249999995 0.5875763888888889 0.09789062499999997 0.17873611111111118
12 0.49688671875 0.5902777777777778 0.1277109375 0.21138888888888896
19 0.377921875 0.50825 0.08868749999999999 0.1282777777777778
19 0.31034765625 0.4853888888888889 0.07633593750000003 0.11538888888888894
19 0.35492578125 0.38445833333333335 0.08046093750000001 0.14013888888888887
14 0.212109375 0.3270972222222222 0.06593749999999998 0.23566666666666672
19 0.7294296874999999 0.41193749999999996 0.09806249999999998 0.1635138888888889
7 0.5903203124999999 0.3313611111111111 0.08954687499999991 0.1555
19 0.546875 0.5396111111111112 0.010734375000000008 0.03433333333333337
19 0.43726953125 0.3556388888888889 0.0937578125 0.16416666666666668
19 0.36488671875 0.24647916666666667 0.08757031250000002 0.12359722222222223
19 0.425875 0.21713888888888888 0.08028125 0.1107222222222222
19 0.53197265625 0.23578472222222221 0.13050781249999996 0.09490277777777775
19 0.5094453124999999 0.27974305555555556 0.10298437499999995 0.09245833333333332
8 0.3109765625 0.21027777777777779 0.06695312500000003 0.1366666666666667
12 0.733875 0.2661875 0.12671875000000005 0.16904166666666665
19 0.8183945312500001 0.38127083333333334 0.014304687499999958 0.02437499999999994
19 0.40496484375 0.09470138888888889 0.13135156250000005 0.18940277777777778
19 0.2886328125 0.05120833333333333 0.09787499999999998 0.10241666666666666
19 0.5865390625 0.11233333333333333 0.073828125 0.16330555555555554
19 0.55262890625 0.1642222222222222 0.05236718749999998 0.04730555555555554
19 0.50498046875 0.07188888888888889 0.05666406249999998 0.1098888888888889
19 0.82133984375 0.053569444444444454 0.055804687499999964 0.08241666666666668
17 0.50326171875 0.1687986111111111 0.05150781250000005 0.09920833333333334
19 0.63701953125 0.08595833333333333 0.12888281250000003 0.16869444444444442
19 0.26748828125 0.3524583333333334 0.03708593750000002 0.06813888888888889