12 0.37987890625 0.9759583333333333 0.07663281249999998 0.04808333333333318
16 0.5014921875 0.9780902777777778 0.14110937499999993 0.04381944444444438
8 0.62775390625 0.9519930555555555 0.05028906249999991 0.09601388888888904
19 0.7612617187499999 0.9339444444444445 0.06392968749999994 0.13211111111111096
19 0.45898046875 0.9348472222222223 0.09792968749999993 0.1290277777777779
19 0.58351171875 0.8878611111111111 0.10325781250000006 0.10355555555555548
17 0.81934375 0.8961180555555556 0.07170312500000006 0.1596250000000001
8 0.65425390625 0.674951388888889 0.1902265625 0.38634722222222234
14 0.788875 0.7538125 0.10500000000000007 0.17851388888888886
19 0.38741796875 0.8268333333333334 0.14907031249999997 0.14047222222222236
19 0.49560546875 0.7598611111111111 0.05832031250000007 0.06666666666666667
8 0.41025390625 0.7217777777777777 0.1486328125 0.2119444444444444
19 0.48743359374999995 0.6645486111111112 0.10311718750000001 0.15098611111111115
19 0.5306171875 0.6535069444444445 0.05415624999999995 0.09623611111111106
19 0.7707304687499998 0.6188611111111112 0.08767968749999992 0.10461111111111102
12 0.42843359375 0.5309861111111112 0.05721093750000002 0.0988611111111112
19 0.36497265624999997 0.4582916666666667 0.1161484375 0.18611111111111112
9 0.5031953125 0.43585416666666665 0.16185937500000006 0.2642083333333334
19 0.7888203125000001 0.4878611111111111 0.06993750000000007 0.21794444444444439
10 0.60381640625 0.4944027777777778 0.13616406249999996 0.22669444444444448
8 0.72679296875 0.3937986111111111 0.12447656249999994 0.3294305555555556
17 0.230765625 0.35831250000000003 0.05609374999999996 0.13112499999999996
19 0.4194140625 0.32415277777777773 0.08937500000000002 0.12277777777777775
9 0.78957421875 0.28396527777777775 0.1178828124999999 0.24070833333333339
17 0.37725390625 0.21159722222222221 0.07919531249999996 0.12374999999999997
19 0.60558984375 0.3589583333333333 0.08189843749999995 0.10402777777777775
19 0.6509921875 0.29236805555555556 0.06804687499999992 0.17568055555555556
19 0.70024609375 0.22140972222222222 0.06111718750000002 0.08331944444444446
19 0.53435546875 0.20990277777777777 0.06121093749999993 0.41980555555555554
19 0.49066015625 0.18756944444444446 0.03303906249999997 0.12458333333333332
19 0.4058984375 0.1709027777777778 0.06726562499999997 0.11208333333333331
19 0.32970703125 0.027256944444444445 0.023007812500000037 0.05243055555555556
19 0.3845390625 0.03229861111111111 0.06379687499999998 0.06459722222222222
19 0.65813671875 0.10078472222222222 0.07450781249999991 0.09112500000000003
10 0.6999609375 0.08440972222222222 0.12992187499999996 0.16881944444444444
10 0.77751171875 0.06880555555555555 0.07732031250000002 0.1376111111111111
19 0.8507226562500001 0.030333333333333334 0.08714843750000015 0.06066666666666667