2 0.4616015625 0.7469444444444444 0.19398437499999996 0.5061111111111112
17 0.199390625 0.9650694444444444 0.05699999999999998 0.06986111111111105
18 0.4203984375 0.9363888888888888 0.13607812500000005 0.1272222222222221
18 0.6459140624999999 0.8960208333333333 0.04245312499999994 0.06587500000000009
0 0.43495703125 0.8172083333333333 0.08492968750000003 0.10980555555555548
19 0.48907421875 0.7892986111111111 0.11996093749999996 0.1959583333333333
19 0.54167578125 0.7189861111111112 0.07464843749999997 0.12988888888888886
10 0.7701484375 0.6304791666666667 0.07149999999999998 0.2767916666666667
12 0.46021484375000005 0.517826388888889 0.11435156249999992 0.2400138888888888
19 0.3711015625 0.7362222222222223 0.04573437499999997 0.12927777777777777
19 0.3463203125 0.5337916666666668 0.036531249999999994 0.0705833333333334
7 0.5668359375 0.44253472222222223 0.18900000000000006 0.22468055555555552
19 0.36882031249999997 0.39763194444444444 0.10985937500000001 0.22359722222222222
19 0.5682031249999999 0.4691111111111111 0.078515625 0.2487222222222223
19 0.6220195312500001 0.5728541666666668 0.023742187500000077 0.041597222222222285
19 0.7805546875 0.44293749999999993 0.041906250000000075 0.06862499999999995
19 0.21156250000000001 0.6409444444444444 0.04512499999999999 0.09966666666666665
8 0.5250390625 0.9738194444444445 0.046484375 0.05236111111111118
2 0.49378906250000004 0.33643749999999994 0.14293750000000002 0.11059722222222218
18 0.39130859375 0.2647083333333333 0.07746093750000002 0.10580555555555557
19 0.37498046874999996 0.13899305555555555 0.09153906249999996 0.15490277777777778
19 0.268546875 0.09780555555555556 0.03309375000000001 0.052944444444444454
19 0.2260859375 0.02908333333333333 0.031984375000000044 0.053138888888888874
19 0.67884375 0.057513888888888885 0.09706250000000001 0.11391666666666664
18 0.7879765625 0.0474375 0.04864062499999999 0.094875
2 0.35636328125 0.4003125 0.062210937499999994 0.11826388888888886