14 0.50538671875 0.8328958333333333 0.10935156250000003 0.20801388888888886
19 0.29543359375 0.9651458333333333 0.06335156250000003 0.06970833333333341
18 0.5015625 0.9770833333333333 0.04453125 0.04583333333333333
2 0.590625 0.9694444444444444 0.12734375 0.06111111111111111
14 0.542 0.8451180555555555 0.07662499999999994 0.14754166666666668
17 0.39231640625 0.9698958333333333 0.0848515625 0.060208333333333204
18 0.21581250000000002 0.9660624999999999 0.09634374999999998 0.06787499999999985
16 0.660546875 0.9569444444444445 0.059375 0.08611111111111111
14 0.545390625 0.6547708333333333 0.07375000000000007 0.15543055555555552
3 0.46936718749999995 0.901951388888889 0.08534375000000001 0.14087500000000008
3 0.71748046875 0.9294374999999999 0.07610156250000007 0.09520833333333327
14 0.408421875 0.8875208333333333 0.11443750000000001 0.1528194444444444
19 0.7270000000000001 0.8166736111111111 0.10209375000000005 0.36665277777777777
19 0.26608984375 0.9317986111111111 0.09294531250000002 0.1171249999999999
19 0.3312109375 0.8470347222222222 0.12426562499999996 0.10129166666666675
17 0.28225390624999996 0.8013402777777778 0.08374218750000004 0.09609722222222229
3 0.570296875 0.5809930555555555 0.10354687499999997 0.3274027777777777
7 0.768921875 0.6532013888888888 0.11584375000000006 0.2530416666666667
19 0.6612226562499999 0.5750902777777778 0.05711718749999992 0.10923611111111108
0 0.47327343749999995 0.5982777777777778 0.06659375000000001 0.12544444444444436
3 0.36826953125 0.6946527777777778 0.09919531250000002 0.14669444444444452
15 0.40715625 0.6409236111111112 0.08275000000000002 0.16329166666666659
18 0.35066015624999997 0.6508541666666667 0.044570312499999966 0.10451388888888889
14 0.7055859375 0.43064583333333334 0.04479687499999994 0.0777638888888889
14 0.52242578125 0.39936111111111117 0.032960937500000044 0.059000000000000025
17 0.4394453125 0.4996388888888889 0.08996875000000001 0.12094444444444451
3 0.4893515625 0.47323611111111114 0.10679687500000004 0.1456388888888889
14 0.3485703125 0.5028819444444445 0.049453124999999966 0.0734027777777778
19 0.80463671875 0.34196527777777774 0.15785156250000004 0.34823611111111114
14 0.3891210937499999 0.3526111111111111 0.18710156249999996 0.2682777777777777
19 0.6902734375 0.2888472222222222 0.09898437500000004 0.18444444444444447
16 0.53587890625 0.28497222222222224 0.13324218749999997 0.20477777777777773
19 0.42466406250000005 0.13875 0.09585937500000004 0.2775
8 0.73226953125 0.15824305555555557 0.12025781250000005 0.13420833333333332
2 0.5470507812500001 0.10564583333333333 0.18521093749999995 0.21129166666666666
17 0.6352773437500001 0.15695833333333334 0.049148437500000065 0.08058333333333335
14 0.35826953125 0.09139583333333334 0.08646093749999997 0.15101388888888892