19 0.45352734375 0.9548194444444444 0.07903906250000006 0.09036111111111103
12 0.333984375 0.9819444444444444 0.12578125 0.03611111111111111
19 0.5279765624999999 0.9335347222222222 0.08032812499999994 0.1329305555555556
19 0.70137890625 0.8836666666666667 0.03005468750000002 0.06769444444444446
19 0.45437890624999994 0.8938055555555555 0.04636718749999993 0.0970555555555557
19 0.40125 0.8099583333333334 0.127546875 0.21041666666666667
19 0.552078125 0.7595069444444444 0.157625 0.2502916666666667
19 0.68985546875 0.7756944444444445 0.021773437499999916 0.047111111111111215
19 0.247984375 0.8370555555555557 0.012421874999999982 0.022083333333333458
19 0.72110546875 0.7623958333333333 0.03389843750000008 0.06143055555555558
19 0.67316015625 0.6967361111111111 0.03949218749999996 0.11141666666666662
19 0.512796875 0.7734791666666666 0.04642187500000006 0.11290277777777773
17 0.43369921875 0.6901527777777777 0.04944531249999997 0.07324999999999994
19 0.35846484375 0.6725486111111111 0.0916953125 0.07326388888888889
19 0.36996874999999996 0.6658194444444444 0.10679687500000004 0.2804166666666667
8 0.7744960937500001 0.6422013888888889 0.17410156250000003 0.19245833333333323
19 0.43659375 0.5707916666666667 0.10610937499999995 0.10097222222222228
19 0.5495859375000001 0.5831944444444445 0.05034375000000004 0.09925000000000005
19 0.29596875 0.5327569444444444 0.03296875000000003 0.07326388888888889
19 0.38610937500000003 0.49520833333333325 0.07314062499999996 0.07141666666666661
8 0.48964453125 0.46681944444444445 0.08653906249999999 0.15383333333333332
19 0.50973828125 0.3112083333333333 0.08757031249999994 0.2671388888888889
19 0.20921875 0.26763194444444444 0.043265624999999995 0.07195833333333333
3 0.26485156249999997 0.26290972222222225 0.06593749999999998 0.1719305555555556
14 0.60018359375 0.22847222222222222 0.10197656249999998 0.29944444444444446
19 0.6944687500000001 0.1442361111111111 0.03706250000000004 0.2884722222222222
19 0.26449609374999994 0.1363541666666667 0.013710937499999964 0.024375000000000015
19 0.3250078125 0.13094444444444445 0.01967187499999996 0.02755555555555556
19 0.5339453125 0.06901388888888889 0.11126562500000006 0.13552777777777775
8 0.32069140625000003 0.02352083333333333 0.11950781250000002 0.04704166666666666
15 0.43555859375 0.06564583333333333 0.09786718749999998 0.13129166666666667
8 0.6704531250000001 0.005201388888888889 0.031937500000000084 0.010402777777777778
19 0.5766953125 0.018027777777777778 0.03192187499999992 0.036055555555555556