2 0.47062500000000007 0.8874305555555555 0.13234375000000007 0.22513888888888875
2 0.15998828125000003 0.960388888888889 0.08116406250000001 0.07922222222222217
12 0.2484765625 0.9374097222222222 0.09053125 0.1251805555555557
12 0.1868046875 0.8808611111111111 0.036531250000000015 0.08188888888888894
10 0.39935546874999994 0.6398680555555556 0.14183593749999995 0.1394861111111112
18 0.22156250000000002 0.5299652777777778 0.08603125 0.16079166666666664
18 0.327140625 0.35820833333333335 0.1515625 0.4353055555555555
18 0.7983710937499999 0.39265277777777785 0.23513281250000012 0.40413888888888894
9 0.20833984375 0.49795138888888885 0.0763046875 0.2617916666666667
8 0.640890625 0.4077986111111111 0.134578125 0.24662499999999996
0 0.535109375 0.42887499999999995 0.09945312499999996 0.1990555555555555
17 0.21475 0.30178472222222225 0.09926562499999998 0.1505694444444444
19 0.445703125 0.3676527777777778 0.11646874999999998 0.24941666666666673
2 0.52776171875 0.2555972222222222 0.11117968749999996 0.13941666666666666
17 0.5893242187500001 0.20029166666666667 0.04900781250000001 0.09469444444444446
12 0.6885703125 0.14647222222222223 0.09396874999999998 0.16705555555555557
19 0.6475390625 0.22530555555555556 0.054265625000000026 0.1035277777777778
2 0.8090117187499999 0.10059722222222223 0.08338281250000001 0.13647222222222222
14 0.8890859375 0.1958888888888889 0.05029687500000009 0.07763888888888888
18 0.2126953125 0.04047916666666666 0.0663125 0.077875
19 0.3940859375 0.12529861111111112 0.06882812500000002 0.134125
19 0.42247265624999997 0.21588888888888888 0.04910156249999997 0.0753055555555556
0 0.4635703125 0.07618055555555556 0.07279687500000005 0.1523611111111111
14 0.5469531249999999 0.07342361111111112 0.08603124999999992 0.14376388888888889
8 0.6256367187499999 0.03970833333333333 0.08483593749999993 0.07941666666666666
0 0.2978046875 0.6246180555555555 0.08421874999999997 0.14034722222222215
3 0.33625390624999996 0.8802430555555557 0.05822656249999998 0.11337500000000016
4 0.56463671875 0.9494444444444444 0.06244531250000005 0.10111111111111105
12 0.6357421875 0.9615208333333333 0.07306249999999999 0.06887499999999988
19 0.12076171875 0.2946736111111111 0.1258203125 0.5893472222222222