12 0.255859375 0.9673611111111111 0.06171875 0.06527777777777778
19 0.46908203125000003 0.9171249999999999 0.13180468750000002 0.1657499999999999
19 0.62258203125 0.9706805555555555 0.06291406249999998 0.05863888888888893
19 0.8021640624999999 0.9692708333333333 0.06382812499999994 0.06145833333333333
12 0.373046875 0.9694444444444444 0.071875 0.06111111111111111
12 0.37609375 0.7455624999999999 0.07598437499999999 0.18920833333333337
18 0.31158984375000004 0.8774444444444445 0.24721093750000006 0.24511111111111114
18 0.7123710937500001 0.6565694444444444 0.16652343750000007 0.30013888888888884
19 0.49529296875 0.7646041666666666 0.06171093750000001 0.15237500000000004
19 0.8134804687499999 0.8399166666666666 0.06282031249999998 0.10125000000000013
19 0.24800781249999998 0.7123819444444444 0.09604687499999998 0.15562499999999993
19 0.601796875 0.6369861111111111 0.07864062500000006 0.1695277777777777
8 0.45307421875 0.6721180555555557 0.06686718749999994 0.19723611111111117
12 0.8046289062499999 0.6892222222222222 0.1065546874999999 0.2293055555555555
19 0.5384218749999999 0.5378472222222223 0.033468749999999936 0.04502777777777772
17 0.44812890625 0.45913194444444444 0.060789062499999956 0.14770833333333336
17 0.51996484375 0.4311527777777778 0.06991406250000001 0.15480555555555556
17 0.598890625 0.4791319444444444 0.081046875 0.12068055555555554
10 0.662296875 0.4066388888888888 0.11140624999999993 0.2592222222222222
19 0.3019375 0.2598541666666666 0.09237500000000001 0.14362499999999995
19 0.4046875 0.2830625 0.044984374999999986 0.11026388888888887
19 0.45392578125 0.32519444444444445 0.06322656250000006 0.15130555555555558
19 0.513515625 0.23823611111111112 0.09000000000000004 0.22575000000000003
17 0.63076171875 0.15395138888888887 0.0669921875 0.20848611111111112
3 0.27690234374999995 0.03096527777777778 0.060789062499999956 0.06193055555555556
3 0.41307421875 0.033125 0.046195312500000044 0.06625
19 0.5054765625 0.04718055555555555 0.07537500000000001 0.0943611111111111