19 0.6088359375000001 0.856013888888889 0.07610937500000006 0.1290833333333334
17 0.6888085937499999 0.9475416666666667 0.1095703125 0.10491666666666662
17 0.543546875 0.9037569444444445 0.06948437500000004 0.11765277777777783
19 0.24075000000000002 0.8285 0.07087500000000002 0.1344444444444444
19 0.45954296875 0.9086597222222222 0.060664062500000074 0.10587500000000002
19 0.5771875 0.8847986111111112 0.029781249999999915 0.04509722222222226
19 0.5007187500000001 0.7897847222222222 0.05073437500000004 0.07565277777777782
19 0.5100781249999999 0.6910277777777777 0.062890625 0.12944444444444442
19 0.6733203125 0.7963055555555556 0.07501562499999999 0.13055555555555556
19 0.39134375 0.931763888888889 0.043234375000000026 0.08811111111111118
17 0.5549179687500001 0.7640625 0.04972656250000007 0.09545833333333335
19 0.2734375 0.6673194444444445 0.15165625 0.13072222222222216
19 0.45376953125 0.6965694444444444 0.05974218750000002 0.13236111111111104
8 0.8158007812499999 0.5038888888888888 0.10235156250000008 0.26724999999999993
10 0.7908476562500001 0.5887083333333334 0.15063281250000005 0.2617222222222223
18 0.47513281249999995 0.6071041666666666 0.06726562499999993 0.13356944444444438
19 0.590453125 0.5563055555555556 0.15685937499999997 0.33486111111111116
19 0.43494140625 0.5222430555555556 0.11936718749999997 0.20393055555555561
6 0.23256640625 0.431125 0.056351562499999994 0.1293611111111111
12 0.40864843749999996 0.3722986111111111 0.058656249999999986 0.07918055555555555
2 0.6326171875 0.4237152777777778 0.26909375 0.3507916666666667
18 0.402125 0.45089583333333333 0.062156249999999955 0.09512500000000002
18 0.42564843750000003 0.19629166666666664 0.07979687500000003 0.2063055555555555
19 0.42167578125 0.2515208333333333 0.11491406249999998 0.16970833333333332
19 0.46148046875000004 0.36056944444444444 0.14671093749999997 0.12808333333333338
19 0.55073046875 0.25606944444444446 0.17739843749999995 0.2114722222222222
19 0.611890625 0.1872777777777778 0.1065312500000001 0.136
17 0.49375 0.1460763888888889 0.040437499999999994 0.08495833333333336
19 0.45790234375 0.10850000000000001 0.023898437499999935 0.03594444444444444
19 0.41010937500000005 0.09052083333333333 0.05882812499999997 0.08823611111111111
19 0.54981640625 0.03872222222222222 0.09558593749999993 0.07744444444444444
17 0.59715234375 0.058333333333333334 0.08180468750000003 0.11666666666666667
17 0.22628906249999997 0.017486111111111112 0.05698437500000002 0.034972222222222224