2 0.76796875 0.9534722222222223 0.10078125 0.09305555555555556
19 0.37886328125 0.9841666666666667 0.12944531250000005 0.03166666666666661
16 0.183046875 0.9810138888888887 0.071875 0.03797222222222211
17 0.47164453124999994 0.9736180555555556 0.030148437499999937 0.0527638888888889
19 0.616015625 0.9263333333333332 0.13254687500000006 0.14733333333333323
19 0.42375390625 0.9148402777777777 0.17452343749999993 0.1703194444444446
12 0.44278515625 0.8506597222222221 0.06171093750000001 0.11681944444444431
9 0.6411875 0.7520277777777779 0.167578125 0.2924999999999999
19 0.5090390625 0.7939513888888888 0.08168749999999995 0.2038472222222222
19 0.38713671875 0.7791458333333333 0.0832109375 0.18423611111111116
17 0.44431640625 0.7556458333333335 0.05446093750000003 0.10109722222222217
19 0.55915234375 0.8362569444444444 0.043929687500000016 0.09276388888888884
19 0.47323828125 0.6701736111111111 0.08694531249999997 0.12943055555555563
19 0.3065390625 0.5973611111111111 0.146671875 0.24138888888888882
19 0.33879296875000003 0.7138055555555555 0.04566406250000003 0.1356944444444445
19 0.39680078124999996 0.6177916666666666 0.04767968749999998 0.17133333333333337
19 0.46738671875 0.5965277777777778 0.11094531249999999 0.1216666666666667
19 0.5291718750000001 0.5227847222222222 0.06615625000000006 0.17384722222222215
19 0.8520312499999999 0.7405624999999999 0.05876562499999984 0.11387500000000002
10 0.7596718750000001 0.48478472222222224 0.11335937500000001 0.2827638888888889
19 0.7171953125 0.5954722222222222 0.05484375000000004 0.056972222222222195
19 0.7013203124999999 0.5163472222222222 0.08639062499999994 0.1055833333333333
19 0.2497578125 0.4524583333333333 0.16662499999999997 0.33338888888888885
19 0.52019140625 0.5627916666666667 0.2164140625 0.3645833333333334
19 0.4204921875 0.46043055555555557 0.06943750000000004 0.19063888888888889
19 0.7532890625 0.23550000000000001 0.13829687499999999 0.326
19 0.6535390625 0.2704305555555555 0.07279687500000005 0.15777777777777782
19 0.6083945312499999 0.37832638888888886 0.05224218749999991 0.12581944444444448
19 0.5115000000000001 0.3595347222222222 0.15003124999999998 0.1977361111111111
8 0.31636718750000004 0.2614166666666667 0.11507812499999996 0.11144444444444446
19 0.36860546874999994 0.3482638888888889 0.10524218749999999 0.18791666666666665
19 0.57872265625 0.21680555555555558 0.049742187500000055 0.07722222222222225
12 0.42750781250000003 0.17311805555555557 0.15904687499999998 0.27793055555555557
19 0.8132617187500001 0.07047916666666666 0.09027343750000005 0.14095833333333332
19 0.29224609375 0.15358333333333332 0.0970703125 0.15994444444444444
8 0.23967968750000002 0.0798611111111111 0.10310937500000002 0.15638888888888888
19 0.64269921875 0.03876388888888889 0.16278906249999991 0.07752777777777778
19 0.5122656250000001 0.10617361111111111 0.08392187500000006 0.21234722222222221
10 0.36762890625 0.04865277777777778 0.1022421875 0.09730555555555556
8 0.17938281250000002 0.0670625 0.042718749999999986 0.06656944444444446
12 0.27798046875 0.02364583333333333 0.09830468750000003 0.04729166666666666