19 0.59796484375 0.9844027777777777 0.03313281250000007 0.031194444444444493
19 0.43346093750000003 0.9321180555555556 0.07292187499999998 0.13576388888888888
2 0.51111328125 0.9567083333333333 0.07171093749999997 0.08658333333333322
3 0.5908359375 0.8745694444444445 0.049156250000000054 0.13419444444444428
0 0.2760546875 0.855875 0.11117187499999996 0.10750000000000012
19 0.48917578125000005 0.7480069444444444 0.14836718750000005 0.2713194444444444
19 0.24683203125 0.8371597222222222 0.07789843750000003 0.10393055555555546
12 0.22896875000000003 0.7112083333333334 0.10175000000000001 0.22677777777777774
12 0.6361679687499999 0.7253055555555556 0.09069531249999993 0.10838888888888884
19 0.41414453125 0.7239652777777777 0.026867187500000077 0.046791666666666745
19 0.46076171875 0.5764097222222223 0.02839843749999993 0.037263888888888944
19 0.48220703125000003 0.3542430555555556 0.07667968750000007 0.13790277777777776
12 0.28644140625 0.39875000000000005 0.10586718749999999 0.1905555555555556
19 0.3546171875 0.4223402777777778 0.03546874999999998 0.05245833333333331
19 0.53071484375 0.5012777777777778 0.029507812499999987 0.05311111111111112
19 0.8421875 0.5270625 0.03176562499999989 0.04748611111111119
14 0.233890625 0.1512361111111111 0.06439062499999997 0.13169444444444445
19 0.262015625 0.3788333333333333 0.06501562500000002 0.12858333333333336
19 0.42437500000000006 0.21259722222222222 0.12046875000000004 0.17952777777777776
12 0.4821601562500001 0.08007638888888889 0.07552343750000005 0.16015277777777778
12 0.4161328125 0.09410416666666666 0.05851562500000003 0.10298611111111113
12 0.378125 0.05511805555555556 0.0421875 0.11023611111111112
19 0.41078125 0.014166666666666666 0.03707812500000003 0.028333333333333332
19 0.274703125 0.024652777777777777 0.04296875 0.049305555555555554
19 0.707546875 0.7927430555555557 0.06740624999999997 0.08837500000000015
18 0.11199218749999999 0.13903472222222224 0.10217187500000002 0.2780694444444445