10 0.632796875 0.9300416666666667 0.11265625000000004 0.1399166666666667
17 0.690234375 0.9763888888888889 0.09140625 0.04722222222222222
17 0.70159765625 0.895840277777778 0.06167968750000004 0.13662499999999986
19 0.486984375 0.9251041666666666 0.12242187500000004 0.14979166666666655
3 0.58891796875 0.8482083333333333 0.20877343750000002 0.3035833333333333
9 0.375265625 0.7885763888888888 0.17959375 0.2419027777777778
8 0.2277734375 0.7710277777777778 0.138671875 0.24622222222222218
19 0.7935390625000001 0.7743749999999999 0.10789062500000002 0.16041666666666668
19 0.81065234375 0.6710416666666668 0.07260156249999997 0.04541666666666673
10 0.542578125 0.46325000000000005 0.13903125000000002 0.2805277777777778
19 0.3190859375 0.42267361111111107 0.10154687500000001 0.18354166666666663
18 0.6529609375000001 0.4257222222222222 0.19760937500000003 0.3513055555555556
17 0.6720234375 0.2905347222222222 0.06673437500000005 0.11504166666666664
17 0.44185546875000004 0.24075694444444445 0.08732031249999998 0.1998472222222222
3 0.5070429687500001 0.3119722222222222 0.07902343750000007 0.11961111111111111
14 0.567265625 0.19830555555555557 0.10953125000000004 0.1657777777777778
19 0.46335546875 0.11220833333333333 0.06846093750000008 0.10505555555555554
19 0.42116796875 0.043708333333333335 0.08796093749999997 0.08741666666666667
19 0.288703125 0.057187499999999995 0.13043750000000004 0.11437499999999999
19 0.5392578125 0.048833333333333326 0.12639062499999998 0.09766666666666665
3 0.7125078125 0.5531111111111111 0.14329687500000005 0.2386388888888888
19 0.8326757812500001 0.5655763888888888 0.10813281249999998 0.1741805555555555