18 0.40633984375 0.9637083333333334 0.15419531249999996 0.07258333333333332
19 0.29221875 0.976875 0.035546875 0.04624999999999994
19 0.56548046875 0.7945833333333334 0.2657578125000001 0.4108333333333333
17 0.40414453125000005 0.9035763888888889 0.09044531249999999 0.06079166666666664
17 0.48382031249999996 0.8020069444444443 0.08162500000000002 0.10990277777777793
10 0.56809375 0.8487916666666666 0.07289062499999996 0.3002222222222223
10 0.26732812499999997 0.7938333333333333 0.06850000000000005 0.2649166666666667
19 0.39428515625 0.819611111111111 0.07389843750000002 0.08627777777777762
19 0.7546757812499999 0.8253402777777777 0.11025781250000008 0.3060416666666666
10 0.37883984374999996 0.7107222222222223 0.15330468749999998 0.18433333333333338
19 0.5166835937500001 0.7438125 0.030882812499999978 0.12156944444444441
19 0.5483203125 0.6902847222222223 0.0375 0.041180555555555526
17 0.5555703125 0.5521458333333333 0.05328125000000004 0.07954166666666664
17 0.30126171874999996 0.5373055555555556 0.07278906249999997 0.11999999999999997
19 0.24103906249999998 0.6800416666666667 0.12176562500000002 0.17647222222222214
19 0.17552734375 0.5267083333333333 0.033085937500000016 0.07294444444444442
19 0.21478906250000002 0.4851388888888889 0.088671875 0.15294444444444444
19 0.52074609375 0.5274930555555556 0.03705468750000005 0.09881944444444442
19 0.23354296874999997 0.4372777777777778 0.05161718749999995 0.09025000000000002
0 0.48720703125 0.4468680555555556 0.14294531250000003 0.14118055555555553
17 0.34673828125 0.25053472222222223 0.09152343749999999 0.20976388888888886
17 0.50501953125 0.3231041666666667 0.059554687500000016 0.11568055555555558
17 0.52211328125 0.26231944444444444 0.08492968750000003 0.11961111111111111
19 0.47578906249999997 0.309375 0.029781249999999915 0.07647222222222222
19 0.25048046875 0.22836111111111113 0.09264843750000003 0.20966666666666672
19 0.5963671875000001 0.24682638888888886 0.06353124999999996 0.10612499999999996
12 0.7134960937500001 0.18131250000000002 0.07941406250000008 0.12487499999999997
9 0.42268359375 0.03733333333333333 0.13908593749999998 0.07466666666666666
19 0.51758984375 0.10008333333333333 0.2691171875 0.20016666666666666
19 0.6327890625 0.1295416666666667 0.10707812499999995 0.14908333333333332
14 0.78058984375 0.14918055555555554 0.08724218749999997 0.11763888888888888
19 0.3566171875 0.07080555555555555 0.022984374999999967 0.028583333333333332
19 0.52352734375 0.18106250000000002 0.059554687500000016 0.06118055555555557