19 0.28515625 0.9770833333333333 0.06796875 0.04583333333333333
19 0.3859375 0.9888888888888889 0.01953125 0.022222222222222223
19 0.5027734374999999 0.9501180555555554 0.09242187499999996 0.09976388888888879
17 0.6167812500000001 0.9122916666666667 0.06699999999999999 0.1754166666666666
3 0.26859765625 0.7849583333333333 0.060789062499999956 0.1268055555555555
3 0.40902343750000003 0.7816874999999999 0.04620312500000003 0.08134722222222214
19 0.49373828125 0.7782986111111111 0.0802734375 0.16173611111111116
19 0.55028125 0.7375 0.07003125000000007 0.0985555555555556
19 0.6674453124999999 0.606548611111111 0.08170312499999995 0.1972361111111111
19 0.7140625 0.6163055555555556 0.029328124999999972 0.06975000000000003
9 0.4948437500000001 0.5786458333333333 0.1647500000000001 0.31401388888888887
2 0.23924609375 0.5959444444444444 0.14239843749999997 0.24086111111111105
19 0.5414609374999999 0.34019444444444447 0.11140624999999993 0.22708333333333333
19 0.57812109375 0.48254861111111114 0.06889843750000005 0.0828472222222222
3 0.6247265625 0.48093055555555553 0.08510937500000004 0.16391666666666665
17 0.48732421875 0.38230555555555557 0.06892968750000002 0.12266666666666662
19 0.60122265625 0.32422222222222224 0.03546093750000008 0.07205555555555555
19 0.57021875 0.20354166666666668 0.03951562499999994 0.16930555555555554
19 0.21226562499999999 0.27198611111111115 0.024312500000000004 0.03602777777777778
19 0.41165624999999995 0.43373611111111116 0.028374999999999994 0.04683333333333337
8 0.6841992187500001 0.2069375 0.21316406249999992 0.28418055555555555
7 0.26566406249999996 0.1565416666666667 0.12210937499999996 0.12719444444444442
17 0.45948046875 0.21288194444444444 0.07739843749999994 0.21395833333333336
19 0.3609765625 0.17743055555555556 0.051796874999999964 0.07819444444444446
19 0.70511328125 0.01129861111111111 0.05471093749999998 0.02259722222222222
19 0.28991406249999996 0.04695833333333334 0.09240624999999998 0.09391666666666668
7 0.8314921875 0.08911111111111111 0.10832812499999997 0.17822222222222223
18 0.18413671874999998 0.05451388888888889 0.09239843749999999 0.10902777777777778
17 0.44128125 0.047472222222222214 0.08145312499999999 0.08866666666666666
19 0.35680468750000005 0.06463194444444444 0.014906250000000032 0.02826388888888888