19 0.558203125 0.9631944444444445 0.09296875 0.07361111111111111
12 0.31180078125 0.9520833333333333 0.1254765625 0.09583333333333334
2 0.44138281249999994 0.8834930555555556 0.08073437499999994 0.14823611111111112
16 0.59347265625 0.7947083333333335 0.22680468749999996 0.41058333333333324
2 0.45993359375000004 0.6472638888888889 0.04411718750000002 0.08236111111111105
12 0.21091015624999998 0.4982430555555555 0.03441406249999999 0.06587499999999993
18 0.691875 0.4845138888888889 0.1265625 0.20950000000000005
12 0.1888046875 0.4052986111111112 0.038375000000000006 0.08706944444444452
12 0.31574609375 0.2578888888888889 0.09002343750000001 0.13905555555555557
19 0.5997617187500001 0.3187083333333333 0.05558593750000007 0.10588888888888887
3 0.75127734375 0.08224305555555556 0.18582031249999992 0.14965277777777777
3 0.62890625 0.05400694444444444 0.058921875000000054 0.10445833333333332
19 0.574984375 0.10059027777777778 0.07464062499999997 0.16376388888888888
14 0.6991679687500001 0.8318194444444444 0.12122656250000005 0.33427777777777784
19 0.74426171875 0.18745833333333334 0.046273437500000014 0.07883333333333332
19 0.63216015625 0.17259027777777777 0.0841796875 0.18918055555555557
0 0.69580859375 0.20647916666666669 0.049789062500000016 0.09318055555555559
19 0.4602226562499999 0.013402777777777779 0.06292968749999997 0.026805555555555558
8 0.5217656249999999 0.006826388888888889 0.058296874999999915 0.013652777777777778
2 0.7546250000000001 0.9715277777777778 0.04293750000000003 0.04944444444444432
3 0.40922656249999995 0.7979861111111111 0.07076562499999998 0.08763888888888877
19 0.474796875 0.4521388888888888 0.05024999999999995 0.06119444444444437
19 0.12076171875 0.2946736111111111 0.1258203125 0.5893472222222222