18 0.55546875 0.9680555555555556 0.1890625 0.06388888888888888
17 0.69444140625 0.9671805555555556 0.08372656250000006 0.06563888888888887
7 0.2890625 0.9263888888888889 0.16796875 0.14722222222222223
3 0.4054296875 0.9732638888888889 0.069140625 0.05347222222222222
14 0.7235390625 0.8452083333333332 0.06057812499999997 0.10013888888888876
17 0.29739453125000004 0.7199930555555555 0.08153906250000001 0.16048611111111105
17 0.6630703124999999 0.7889722222222222 0.06317187499999992 0.11855555555555541
11 0.6079296875 0.8015416666666667 0.05476562499999993 0.13480555555555548
19 0.52581640625 0.8486041666666667 0.12472656250000007 0.2082361111111112
12 0.7712382812499999 0.7180694444444444 0.05139843749999997 0.09888888888888896
19 0.48298046875 0.7503541666666667 0.08571093750000003 0.14762499999999995
10 0.6124140625 0.6260347222222222 0.11265625000000004 0.251486111111111
17 0.6877265625 0.6317291666666667 0.09128124999999994 0.11668055555555554
17 0.70412109375 0.51775 0.06167968750000004 0.13661111111111113
19 0.470484375 0.5800000000000001 0.12242187500000004 0.2516666666666667
3 0.571578125 0.5309652777777777 0.23065625 0.4360416666666667
9 0.39227734375 0.40970833333333334 0.17958593749999996 0.24191666666666672
8 0.2318359375 0.38479861111111113 0.12859375 0.23543055555555553
19 0.8048046875000001 0.40252777777777776 0.10789062499999993 0.16041666666666668
19 0.817109375 0.28011111111111114 0.06609374999999992 0.06022222222222224
10 0.541546875 0.10917361111111111 0.120125 0.21834722222222222
19 0.321546875 0.06118055555555555 0.10559374999999997 0.1223611111111111
18 0.668265625 0.10159722222222223 0.19956250000000003 0.20319444444444446
10 0.23903124999999997 0.8936666666666667 0.11243749999999997 0.2126666666666665
3 0.71135546875 0.2088611111111111 0.1335703125 0.17288888888888893
19 0.83821875 0.17122916666666665 0.10814062500000006 0.17418055555555556