19 0.362109375 0.90625 0.12109375 0.1875
17 0.28885546875 0.9420208333333333 0.060664062499999984 0.11309722222222231
17 0.48483984374999994 0.9406111111111112 0.10808593749999992 0.11877777777777775
19 0.44733203125000004 0.8504375 0.060664062500000074 0.10393055555555546
19 0.507953125 0.8423958333333333 0.07168749999999999 0.08234722222222217
10 0.6070546875 0.8433194444444444 0.08879687500000007 0.20983333333333323
7 0.83933984375 0.7427291666666667 0.14819531250000004 0.35070833333333334
10 0.330765625 0.6716458333333333 0.07281250000000003 0.27451388888888884
17 0.19893359375 0.7869861111111113 0.06925781249999999 0.14150000000000015
19 0.57159765625 0.6620833333333334 0.09516406249999995 0.17283333333333342
19 0.23175390624999997 0.6772986111111111 0.12560156249999999 0.14587499999999995
10 0.44476953124999996 0.7082222222222222 0.14985156249999995 0.20438888888888893
8 0.39357031249999996 0.5663541666666666 0.05559375000000002 0.2152083333333334
19 0.44747265625 0.5398124999999999 0.05691406249999993 0.1869027777777777
7 0.73721875 0.5854583333333333 0.18250000000000002 0.3163333333333333
19 0.63936328125 0.4959791666666667 0.12044531250000005 0.21165277777777775
19 0.23466796875 0.5464722222222222 0.08483593750000003 0.11999999999999997
19 0.2236796875 0.4885277777777778 0.09675000000000003 0.15213888888888885
19 0.4972578125 0.3348611111111111 0.191421875 0.2808333333333333
19 0.1753046875 0.3655347222222222 0.018265624999999997 0.043375000000000025
19 0.2817109375 0.31879166666666664 0.075 0.11177777777777777
19 0.34328906249999996 0.34101388888888895 0.05293749999999999 0.10783333333333335
19 0.44084765625000005 0.3684652777777778 0.030992187500000056 0.0862638888888889
19 0.57132421875 0.25140277777777775 0.0968828125 0.3524722222222222
19 0.7488242187499999 0.1990972222222222 0.2845234375 0.3981944444444444
19 0.77642578125 0.38905555555555554 0.09149218749999992 0.11961111111111111
19 0.439453125 0.10670138888888889 0.17171874999999998 0.20326388888888888
14 0.19790625 0.24186805555555552 0.08268750000000002 0.2531805555555555
18 0.28038281249999997 0.13520833333333332 0.164046875 0.27041666666666664
8 0.61783203125 0.12418055555555554 0.09650781249999998 0.1862777777777778
19 0.56700390625 0.10644444444444444 0.05294531249999999 0.1