2 0.48929687499999996 0.9680277777777778 0.05078125 0.06394444444444439
19 0.38678515625000004 0.9754722222222221 0.04299218750000002 0.04905555555555547
19 0.27907031250000003 0.9524652777777778 0.15326562500000004 0.09506944444444451
19 0.32442578125 0.9223888888888887 0.09803906250000001 0.11302777777777794
19 0.35970703125 0.8329305555555556 0.13102343749999998 0.18769444444444427
19 0.5010234375 0.7452708333333333 0.06453124999999993 0.10512500000000008
19 0.26376953125 0.7125347222222221 0.059554687500000016 0.1082361111111112
19 0.340828125 0.6374930555555556 0.05779687500000001 0.06823611111111111
19 0.77101953125 0.7334444444444445 0.04910156249999993 0.12000000000000005
5 0.5496875 0.6514166666666668 0.06750000000000007 0.09647222222222228
17 0.37038671875 0.7120069444444445 0.07014843750000002 0.09412499999999997
19 0.39758984375 0.60225 0.09264843750000003 0.15133333333333338
19 0.462703125 0.5952777777777777 0.030437500000000027 0.03999999999999994
19 0.44488281250000006 0.5177083333333333 0.082421875 0.1490277777777777
19 0.34571874999999996 0.5125277777777778 0.062203125000000005 0.11530555555555554
19 0.53586328125 0.47704166666666664 0.043679687500000064 0.0941111111111111
17 0.45509765625 0.4288402777777778 0.15100781249999998 0.15523611111111107
12 0.812078125 0.3590694444444444 0.12453125000000007 0.20536111111111113
5 0.49144921874999997 0.23666666666666664 0.12775781249999998 0.2341666666666667
19 0.43585546875 0.23684027777777775 0.07907031250000003 0.3364583333333333
2 0.5955859375 0.29518055555555556 0.125 0.19819444444444442
17 0.68455859375 0.289875 0.05330468750000002 0.0931388888888889
18 0.3819296875 0.07890277777777778 0.17757812499999998 0.15780555555555556
19 0.5037499999999999 0.034784722222222224 0.06628124999999993 0.06956944444444445