10 0.53571875 0.9838958333333333 0.03925000000000001 0.03220833333333341
12 0.596875 0.975 0.0578125 0.05
19 0.29751562500000006 0.9714791666666666 0.07231249999999996 0.05704166666666658
12 0.5087421875 0.8210694444444444 0.06685937499999994 0.11872222222222224
19 0.5276953124999999 0.9479791666666666 0.03929687499999997 0.05873611111111106
10 0.23744921875 0.8286319444444444 0.0978515625 0.29468055555555556
10 0.38101953125000004 0.8615069444444445 0.11092968750000005 0.23043055555555567
18 0.294796875 0.8628125 0.05912500000000005 0.17562500000000006
12 0.35803515625 0.7524444444444445 0.09802343749999998 0.19652777777777777
19 0.4334921875 0.6207986111111111 0.16179687499999998 0.27918055555555554
19 0.3236015625 0.6158402777777777 0.12220312499999997 0.31081944444444437
19 0.58622265625 0.7882638888888889 0.15021093749999997 0.35347222222222224
19 0.36701562499999996 0.4355694444444444 0.084375 0.07958333333333327
19 0.35591015625000005 0.3242361111111111 0.14042968750000004 0.16102777777777774
12 0.23967187500000003 0.3067291666666667 0.130875 0.1869305555555556
12 0.469546875 0.2763263888888889 0.09887499999999996 0.16984722222222226
14 0.52784765625 0.3209444444444444 0.04283593749999994 0.059916666666666646
19 0.24953906250000002 0.19422222222222224 0.057906250000000006 0.1453888888888889
19 0.3722578125 0.22615277777777779 0.052640624999999996 0.08480555555555556
17 0.63534375 0.20789583333333334 0.09009374999999994 0.151625
17 0.65945703125 0.3311388888888889 0.0814453125 0.10611111111111107
14 0.763484375 0.384875 0.020781249999999928 0.05555555555555555
19 0.18197265624999998 0.7204791666666667 0.02925781249999999 0.14251388888888883
19 0.26009765625000003 0.6834236111111112 0.05910156249999998 0.09045833333333332
18 0.6002265625 0.12766666666666668 0.08329687499999991 0.09680555555555558
19 0.23145312499999998 0.08368055555555555 0.11865624999999999 0.1673611111111111
19 0.2557265625 0.018395833333333333 0.070703125 0.03679166666666667
12 0.40249609374999995 0.03139583333333333 0.07655468750000001 0.06279166666666666
19 0.51155859375 0.07690972222222223 0.10077343750000001 0.15381944444444445
19 0.47600781249999996 0.14370833333333333 0.12068750000000002 0.11558333333333332
19 0.604671875 0.027548611111111114 0.04425000000000008 0.05009722222222223
18 0.11199218749999999 0.13903472222222224 0.10217187500000002 0.2780694444444445