2 0.6738515625 0.9342916666666667 0.25610937500000003 0.13141666666666652
19 0.49501953125 0.9939166666666667 0.04441406249999993 0.012166666666666654
7 0.21246484375 0.9554166666666666 0.0958359375 0.08916666666666673
2 0.38498828124999995 0.8591736111111111 0.1709140625 0.22195833333333326
3 0.77030859375 0.7594583333333332 0.14094531250000006 0.2522499999999999
19 0.5845351562500001 0.8188263888888888 0.24805468749999998 0.2870972222222223
19 0.4955312500000001 0.7385694444444444 0.09679687500000007 0.2044444444444445
19 0.38152734375 0.717125 0.06903906249999996 0.08316666666666674
19 0.30851953125000003 0.7048611111111112 0.06141406250000001 0.11533333333333329
16 0.37771484375000003 0.601375 0.06928906250000004 0.12361111111111112
17 0.44309374999999995 0.5464861111111111 0.07437500000000004 0.19638888888888886
19 0.7141992187499999 0.5139652777777778 0.09967968749999993 0.15984722222222228
8 0.49842578125000003 0.5477361111111111 0.05838281250000001 0.16666666666666666
19 0.5289414062500001 0.5935902777777777 0.04797656250000006 0.10229166666666664
19 0.59728515625 0.6069375 0.11178906249999994 0.1344305555555555
14 0.6212695312500001 0.43712500000000004 0.1591953125 0.3005277777777778
10 0.58594921875 0.44936111111111116 0.09185156249999996 0.1645555555555556
19 0.524171875 0.3826597222222222 0.06570312499999993 0.1915416666666666
19 0.39751171875 0.4546111111111111 0.03169531250000004 0.0838055555555556
19 0.40270312500000005 0.36441666666666667 0.11618750000000003 0.17447222222222222
17 0.275828125 0.3705833333333333 0.08332812499999998 0.17983333333333335
17 0.19046093749999998 0.37006944444444445 0.09046875000000001 0.12416666666666663
19 0.32604296875 0.5937916666666666 0.05477343750000001 0.10611111111111107
12 0.46961328125 0.30839583333333337 0.0923828125 0.18873611111111113
19 0.41848437499999996 0.25640972222222225 0.03949999999999996 0.0650138888888889
12 0.524140625 0.17439583333333333 0.09937500000000003 0.20898611111111115
19 0.43921875000000005 0.15784722222222222 0.0984375 0.14347222222222225
19 0.35548046875 0.20281944444444444 0.05997656249999998 0.12102777777777776
19 0.2900546875 0.17006944444444444 0.09167187500000003 0.23486111111111113
19 0.24981640624999998 0.2504444444444444 0.04310156249999997 0.07872222222222224
3 0.64423046875 0.15646527777777777 0.14455468749999997 0.20487499999999997
19 0.57079296875 0.05288888888888889 0.08510156250000005 0.10577777777777778
17 0.46630859375 0.05513888888888889 0.13060156250000005 0.11027777777777778
19 0.38609765625000003 0.01964583333333333 0.04625781250000003 0.03929166666666666
19 0.27954296875 0.036319444444444446 0.0989296875 0.07263888888888889
19 0.1803984375 0.08820138888888888 0.077203125 0.17056944444444444
17 0.19534375 0.08629166666666666 0.08025000000000002 0.15563888888888888