2 0.730515625 0.968375 0.07089062500000001 0.06116666666666662
10 0.73288671875 0.9650694444444444 0.11797656249999999 0.06986111111111105
19 0.35791796875 0.9582847222222222 0.08425781249999997 0.08343055555555547
19 0.512109375 0.8854166666666666 0.096875 0.22916666666666666
19 0.24031640625 0.8747916666666667 0.12063281249999998 0.2504166666666666
16 0.431203125 0.9130555555555557 0.09356249999999999 0.17000000000000012
19 0.609765625 0.9451388888888889 0.071875 0.10972222222222222
19 0.6600234374999999 0.8822222222222222 0.06726562499999993 0.13602777777777786
19 0.58475390625 0.8064375 0.08707031250000004 0.18734722222222205
19 0.7639843749999999 0.46104166666666674 0.40601562500000005 0.7479166666666667
19 0.40602734374999994 0.7737083333333334 0.13507031249999996 0.1760833333333333
19 0.3110859375 0.7323958333333334 0.09262499999999996 0.19490277777777776
19 0.5254453125 0.6766875 0.11125000000000007 0.24476388888888892
19 0.24033593749999999 0.5800833333333334 0.12035937499999998 0.29288888888888887
8 0.47453515625 0.4697222222222222 0.25844531249999997 0.2933333333333333
19 0.38698437500000005 0.32615277777777774 0.12234374999999997 0.14230555555555557
19 0.36169531250000003 0.15506944444444445 0.18473437500000003 0.3101388888888889
19 0.278203125 0.19041666666666665 0.06640625 0.1441666666666667
19 0.4789140625 0.24357638888888888 0.10435937499999995 0.21548611111111107
8 0.5663671875 0.14041666666666666 0.153515625 0.2808333333333333
17 0.37991015624999996 0.03732638888888889 0.054601562500000034 0.07465277777777778
17 0.17933203125000002 0.11265972222222223 0.08507031250000001 0.13781944444444447
19 0.23263281249999998 0.09018055555555557 0.09010937500000002 0.09980555555555558
19 0.744375 0.04163888888888889 0.06843749999999993 0.08327777777777778
17 0.81425390625 0.034 0.06961718750000001 0.068