19 0.588875 0.9727777777777777 0.05412499999999998 0.05444444444444451
16 0.33537500000000003 0.9676388888888888 0.08581250000000003 0.0647222222222221
19 0.7409609375 0.9289305555555555 0.24267187499999993 0.1421388888888888
19 0.4560546875 0.9030347222222221 0.09045312499999998 0.17887499999999995
0 0.39925 0.6837430555555556 0.09351562499999999 0.17790277777777783
18 0.51376171875 0.8631111111111112 0.05094531250000003 0.09083333333333346
2 0.5765859375 0.7882152777777778 0.2788281250000001 0.41226388888888876
19 0.7090546874999999 0.7917916666666667 0.12798437499999996 0.1791388888888889
17 0.7011132812499999 0.7885486111111111 0.0904296875 0.12015277777777776
17 0.35394140625 0.7969097222222222 0.07288281249999998 0.15762500000000002
17 0.55644140625 0.7041180555555555 0.08163281250000001 0.10923611111111108
19 0.55644921875 0.8141388888888889 0.04127343749999994 0.0514999999999999
19 0.31598828125 0.6926388888888889 0.041976562500000016 0.15777777777777782
19 0.4809609375 0.6243749999999999 0.09510937500000001 0.17819444444444438
16 0.74072265625 0.5685416666666667 0.14282031249999996 0.2606944444444445
18 0.25763281250000003 0.5295763888888888 0.09343750000000002 0.1943194444444444
12 0.17774218749999998 0.5463402777777778 0.080078125 0.13434722222222226
19 0.35472265625 0.533701388888889 0.10007031250000002 0.19351388888888896
2 0.4214375 0.5703819444444445 0.04915625000000001 0.17009722222222226
2 0.5210703125 0.5173263888888889 0.13606250000000006 0.151375
12 0.7997656249999999 0.3822847222222222 0.08074999999999992 0.1403472222222222
19 0.5157890624999999 0.3854652777777777 0.07642187499999994 0.13731944444444444
3 0.59525 0.3861111111111111 0.08340624999999999 0.10305555555555558
18 0.59129296875 0.3852986111111111 0.04564843750000005 0.08270833333333331
13 0.4341640625 0.3767152777777778 0.12992187499999996 0.24968055555555552
14 0.2379921875 0.24220138888888887 0.134265625 0.1442083333333333
3 0.329265625 0.3384861111111111 0.09918750000000003 0.20130555555555554
19 0.299859375 0.39934722222222224 0.04389062499999996 0.12016666666666664
3 0.395109375 0.3002152777777778 0.05181249999999995 0.09681944444444442
18 0.5474257812500001 0.24141666666666667 0.07767968750000005 0.12155555555555553
19 0.49430078124999993 0.12359722222222222 0.1659140624999999 0.24719444444444444
8 0.39668359375 0.17431249999999998 0.11499218750000004 0.1716527777777778
3 0.65387890625 0.10331250000000003 0.12377343750000006 0.20443055555555556
17 0.647734375 0.03331944444444444 0.08865625000000002 0.06663888888888889
19 0.23691796874999999 0.057506944444444444 0.09567968750000003 0.11501388888888889
14 0.33040625 0.06765277777777778 0.09129687500000001 0.13530555555555557
0 0.3909765625 0.06039583333333333 0.03862500000000004 0.08426388888888889
19 0.8645546874999999 0.07154861111111112 0.10095312499999984 0.14309722222222224