7 0.28586328125 0.9063888888888889 0.07453906249999998 0.18722222222222215
18 0.3416484375 0.9793680555555555 0.051265625 0.04126388888888894
2 0.466484375 0.9123402777777778 0.16696875000000003 0.17531944444444447
19 0.5750468750000001 0.8040277777777778 0.22007812500000004 0.3919444444444445
18 0.39612890624999997 0.9652569444444444 0.05836718749999999 0.06948611111111107
19 0.33574609375 0.9304999999999999 0.03272656249999999 0.06572222222222214
19 0.439828125 0.6965694444444444 0.12521875 0.23144444444444434
19 0.5872460937499999 0.630736111111111 0.07582031249999996 0.14869444444444438
19 0.2428515625 0.6398958333333333 0.09460937500000002 0.23673611111111117
17 0.38952734375000003 0.5485277777777777 0.07241406250000004 0.13730555555555557
19 0.25690625 0.42368055555555556 0.07373437499999999 0.08055555555555556
19 0.32498828125 0.4286736111111111 0.07475781250000005 0.14929166666666668
19 0.40003124999999995 0.4927777777777778 0.07978124999999996 0.08319444444444442
19 0.38452734375 0.4426736111111111 0.019085937499999962 0.033930555555555485
19 0.46213671875000006 0.5098125 0.07572656250000005 0.14531944444444445
19 0.51894921875 0.4428125 0.08632031250000001 0.12062500000000004
19 0.42683984375 0.3539236111111111 0.11242968750000001 0.19701388888888893
19 0.49532421875 0.3421875 0.05060156249999999 0.09159722222222225
18 0.5905859375 0.25913888888888886 0.11976562499999996 0.3411666666666667
7 0.7634609374999999 0.20802083333333338 0.19245312499999995 0.40881944444444446
19 0.817421875 0.4103680555555556 0.08843749999999995 0.10990277777777777
19 0.39757031249999997 0.3296458333333333 0.07720312499999996 0.1534583333333333
8 0.23660156250000003 0.25930555555555557 0.11148437500000001 0.26833333333333326
19 0.27609765625 0.23111111111111107 0.057960937500000045 0.12861111111111112
19 0.3521484375 0.17314583333333333 0.07945312500000004 0.16379166666666667
19 0.48285156249999994 0.1721388888888889 0.17367187499999998 0.3442777777777778
19 0.37182421875 0.273125 0.0405234375 0.08680555555555555
19 0.76201171875 0.0320625 0.09827343749999998 0.064125
19 0.29860156250000003 0.10731944444444445 0.08795312500000003 0.15761111111111115
19 0.382328125 0.07742361111111111 0.11609374999999997 0.15484722222222222
18 0.11199218749999999 0.13903472222222224 0.10217187500000002 0.2780694444444445