19 0.28290625 0.9611041666666666 0.04481250000000001 0.07779166666666665
19 0.40707812499999996 0.9483819444444443 0.05192187500000003 0.10323611111111101
2 0.2255703125 0.8047083333333334 0.25689062499999993 0.3905833333333334
2 0.65896484375 0.974423611111111 0.07014843749999997 0.05115277777777768
18 0.5236562499999999 0.8730347222222221 0.10101562499999997 0.24281944444444434
12 0.6657031250000001 0.7329444444444445 0.169140625 0.2596111111111111
18 0.436203125 0.8542152777777777 0.07814062499999999 0.23470833333333335
19 0.7717968749999999 0.8592013888888889 0.09007812499999997 0.11756944444444457
19 0.5730703125 0.8707777777777777 0.027578124999999964 0.04111111111111099
19 0.8586132812499999 0.8734513888888888 0.022976562499999888 0.02720833333333322
18 0.79376953125 0.7731041666666667 0.07610156249999997 0.15490277777777775
17 0.21685156249999998 0.6248888888888889 0.09478125000000001 0.12347222222222219
14 0.3924140625 0.6046944444444444 0.09485937500000001 0.23922222222222222
2 0.519765625 0.6550972222222222 0.1020624999999999 0.16430555555555548
2 0.7725039062500001 0.4957361111111111 0.22327343750000006 0.3836388888888889
19 0.25344921875 0.5331041666666666 0.08821093749999998 0.18234722222222216
19 0.6151992187499999 0.5533333333333333 0.07939843750000009 0.11372222222222221
10 0.6365937500000001 0.46439583333333334 0.08006250000000001 0.30840277777777775
19 0.51025390625 0.4999375 0.1318203125 0.17037499999999994
17 0.5452343749999999 0.3690902777777778 0.11274999999999995 0.10993055555555552
19 0.4309765625 0.28739583333333335 0.15353124999999998 0.29951388888888886
19 0.37816015625 0.35024305555555557 0.10588281249999998 0.15293055555555557
16 0.322453125 0.1638333333333333 0.130375 0.2637222222222222
14 0.5769062500000001 0.24495833333333333 0.136328125 0.1721388888888889
19 0.35325390624999997 0.5412986111111111 0.07160156249999998 0.12940277777777773
11 0.48236328125000005 0.09424305555555557 0.16808593750000003 0.15293055555555554
19 0.5273632812500001 0.17894444444444446 0.09132031250000008 0.13411111111111113
3 0.5524453125 0.08065277777777778 0.14175000000000004 0.16130555555555556
19 0.24015625 0.07894444444444446 0.048968749999999964 0.04705555555555555
19 0.2725859375 0.043000000000000003 0.1720625 0.08600000000000001