19 0.39441015625000003 0.9829861111111111 0.08696093749999996 0.034027777777777775
17 0.65703125 0.9888888888888889 0.08359375 0.022222222222222223
19 0.25401953125 0.9812361111111111 0.051460937500000005 0.03752777777777775
19 0.293359375 0.94375 0.03046875 0.1125
19 0.47099609375 0.9736319444444445 0.06378906250000008 0.05273611111111115
19 0.75342578125 0.9631736111111111 0.09049218749999995 0.07365277777777773
19 0.36851171875 0.7761944444444444 0.08602343750000001 0.14258333333333337
19 0.43983203125000003 0.8297013888888889 0.06507031249999998 0.08823611111111107
12 0.56187109375 0.8321875 0.0498046875 0.14462500000000014
19 0.787296875 0.7553888888888889 0.15514062499999995 0.29216666666666663
19 0.46916796875 0.8810625 0.12830468750000001 0.23787499999999998
17 0.47262890625000004 0.7641458333333333 0.059554687500000016 0.12220833333333335
17 0.5046484375 0.8809513888888888 0.06728124999999992 0.08234722222222217
17 0.42031640625 0.9114722222222222 0.08713281249999998 0.10391666666666657
17 0.6803515625000001 0.7007847222222223 0.06342187500000004 0.10456944444444448
17 0.6124804687500001 0.6726805555555555 0.08180468750000003 0.09841666666666668
19 0.4455 0.6068402777777778 0.09532812499999999 0.09918055555555551
19 0.55566015625 0.6370625 0.12241406250000005 0.2544305555555556
19 0.6799609375 0.47893055555555564 0.22365624999999997 0.3596111111111112
19 0.5241953125000001 0.4241180555555556 0.09995312500000005 0.1714305555555556
17 0.43178515624999997 0.5334930555555556 0.08492968750000003 0.11568055555555551
19 0.39096875 0.3414097222222222 0.13118749999999996 0.29448611111111106
19 0.47846875000000005 0.29607638888888893 0.11696875000000002 0.21951388888888895
19 0.20644921875 0.23068055555555553 0.06088281250000003 0.10108333333333329
8 0.6178515625000001 0.2802222222222222 0.10853125000000005 0.16436111111111115
17 0.29388671874999994 0.28374305555555557 0.06350781249999997 0.1439583333333333
12 0.1965234375 0.11193055555555556 0.08271875 0.15294444444444444
19 0.5880703125 0.10310416666666666 0.09595312499999994 0.20587499999999997
12 0.53678125 0.12271527777777778 0.07720312499999996 0.17451388888888889
12 0.44849609374999994 0.12467361111111111 0.05746093749999996 0.1195972222222222
8 0.300203125 0.09614583333333332 0.09815624999999999 0.18843055555555557
8 0.770609375 0.058888888888888886 0.11470312499999995 0.11391666666666667
10 0.5745625000000001 0.4307986111111111 0.13884375000000002 0.15687500000000001