19 0.373828125 0.9097222222222222 0.0796875 0.18055555555555555
19 0.50215625 0.9243333333333333 0.11284375000000005 0.15133333333333338
17 0.45228515625 0.9273888888888889 0.04767968749999998 0.14522222222222214
17 0.78551953125 0.9525208333333334 0.0469765625 0.09495833333333319
19 0.43044921875000003 0.9023819444444445 0.033210937499999996 0.0666527777777778
19 0.21767187500000001 0.8804861111111112 0.09109375000000001 0.10988888888888873
19 0.31625000000000003 0.8922222222222221 0.015453124999999979 0.030527777777777803
19 0.22848828124999998 0.7777847222222222 0.06530468750000003 0.12287500000000004
19 0.306546875 0.6239722222222223 0.18060937500000004 0.4875
13 0.3033203125 0.7693333333333333 0.1203125 0.19300000000000006
19 0.41698828125 0.800875 0.09194531250000004 0.14397222222222233
19 0.5057421875 0.7792708333333334 0.15343750000000006 0.17731944444444447
19 0.71830859375 0.7496875 0.04389843750000004 0.11020833333333328
19 0.58208203125 0.7045972222222221 0.11341406250000005 0.23169444444444437
2 0.7432890624999999 0.6397777777777778 0.11990624999999992 0.34116666666666673
19 0.22010546874999998 0.6678263888888889 0.027476562499999968 0.06256944444444439
17 0.42743359375 0.6363402777777777 0.06874218750000001 0.13343055555555547
2 0.5665859375 0.6921736111111111 0.22093749999999995 0.27451388888888895
19 0.6415390625 0.5879166666666666 0.07121875000000007 0.1662222222222223
19 0.81009765625 0.6391319444444444 0.03203906250000008 0.09298611111111117
5 0.83441015625 0.5180972222222222 0.09385156250000008 0.16666666666666666
19 0.42572265624999994 0.5062013888888889 0.05985156249999997 0.09890277777777783
19 0.41449218749999994 0.44209722222222214 0.03821875000000001 0.054944444444444365
19 0.7054843749999999 0.47306250000000005 0.06489062499999995 0.21206944444444453
19 0.63753515625 0.4404652777777778 0.08458593749999999 0.14245833333333324
19 0.59101953125 0.5045555555555556 0.05769531249999993 0.15708333333333335
8 0.49556249999999996 0.41902083333333334 0.16412499999999994 0.2930416666666667
17 0.19912109375 0.34118055555555554 0.08035156250000001 0.18569444444444444
19 0.3672578125 0.58125 0.07293749999999996 0.12747222222222218
19 0.352421875 0.46037500000000003 0.105078125 0.10550000000000005
18 0.15171484375 0.32190972222222225 0.02855468750000001 0.131875
18 0.56654296875 0.2944375 0.08407031249999992 0.13845833333333338
19 0.5523242187499999 0.36806944444444445 0.08035156249999993 0.13186111111111115
19 0.264265625 0.2906527777777778 0.04818749999999996 0.17680555555555558
19 0.33969140625 0.2889444444444444 0.11744531250000004 0.2065833333333333
19 0.479375 0.16310416666666666 0.12984375000000004 0.19454166666666667
19 0.397171875 0.17355555555555557 0.11373437499999998 0.2
19 0.3501953125 0.17685416666666667 0.029671875000000014 0.039569444444444456
19 0.28034765624999997 0.14718750000000003 0.05316406249999996 0.11648611111111114
19 0.69511328125 0.12630555555555556 0.029664062500000022 0.05713888888888887
19 0.62587109375 0.9137013888888889 0.1359609375 0.1725972222222222
19 0.7593515625 0.9362638888888889 0.03479687499999997 0.0988611111111112
18 0.1857109375 0.06477083333333333 0.09407812500000001 0.12306944444444444
19 0.5009609375 0.06095833333333334 0.14353125000000003 0.12191666666666667
19 0.57705078125 0.08675 0.025960937500000014 0.03516666666666666
19 0.61716796875 0.018097222222222223 0.04957031250000003 0.036194444444444446
17 0.6611171875 0.03620138888888889 0.05068750000000009 0.06593055555555555
7 0.39964453125 0.023590277777777776 0.07664843750000001 0.04718055555555555