2 0.49368359375 0.9461875 0.15275781249999998 0.10762500000000001
19 0.65234375 0.9097222222222222 0.06484375 0.18055555555555555
8 0.36429296875 0.9146249999999999 0.0887578125 0.17075000000000007
19 0.79097265625 0.9859722222222221 0.035554687499999994 0.028055555555555618
19 0.45430468749999997 0.7487013888888888 0.13154687500000004 0.18676388888888892
19 0.5717734375 0.7234722222222222 0.09582812500000007 0.29305555555555557
19 0.7122343750000001 0.8500694444444444 0.06615625000000006 0.10319444444444438
19 0.6550039062499999 0.718486111111111 0.09147656249999994 0.16041666666666668
19 0.444359375 0.8871527777777778 0.024578125000000027 0.050055555555555506
19 0.7221093749999999 0.759611111111111 0.06698437500000001 0.11333333333333329
12 0.73203125 0.645 0.10629687499999996 0.12663888888888897
17 0.1992109375 0.7093472222222222 0.09264062499999999 0.15863888888888894
19 0.5404296875 0.5354166666666667 0.08648437500000003 0.1783333333333333
19 0.7147070312499999 0.4733611111111111 0.21996093749999995 0.2597777777777777
12 0.22511718749999998 0.434375 0.09867187499999999 0.17430555555555555
17 0.41081640625000004 0.43629166666666663 0.08039843750000002 0.09174999999999993
19 0.3754765625 0.34392361111111114 0.24515624999999996 0.38826388888888885
19 0.14328125 0.5696875 0.03101562499999999 0.07381944444444441
8 0.43640625 0.14847222222222223 0.21531250000000007 0.29694444444444446
19 0.24440625 0.18672916666666667 0.035374999999999976 0.05626388888888888
19 0.56447265625 0.5899652777777777 0.10144531249999993 0.2672916666666667
18 0.11199218749999999 0.13903472222222224 0.10217187500000002 0.2780694444444445