19 0.35780078125000003 0.9716875 0.04049218750000003 0.056624999999999974
19 0.415234375 0.9744097222222221 0.07531250000000003 0.05118055555555543
19 0.52954296875 0.9772847222222222 0.13050781249999996 0.045430555555555606
8 0.30325 0.9566041666666667 0.06695312500000003 0.08679166666666668
12 0.699609375 0.9756944444444444 0.0828125 0.04861111111111111
19 0.40526953125 0.8595833333333335 0.11385156250000002 0.19150000000000014
19 0.287203125 0.7708402777777777 0.09787499999999998 0.24884722222222225
19 0.57280078125 0.8763124999999999 0.07383593749999999 0.1417638888888888
19 0.538890625 0.9253125 0.05237499999999997 0.04731944444444436
19 0.4916171875 0.8456944444444445 0.06170312500000001 0.10988888888888873
19 0.80946484375 0.8418749999999999 0.055804687499999964 0.08241666666666655
17 0.49324609375 0.9415902777777778 0.05150781250000005 0.09920833333333343
19 0.59850390625 0.7964583333333334 0.17528906249999993 0.2786388888888888
19 0.20569140625 0.6183125 0.06294531249999998 0.11229166666666669
19 0.6053906250000001 0.652673611111111 0.12765625000000008 0.1860694444444444
19 0.5100351562500001 0.5927777777777778 0.035476562500000065 0.11958333333333336
19 0.48560937499999995 0.6897013888888889 0.07796874999999996 0.20054166666666665
19 0.423984375 0.7047777777777777 0.11299999999999995 0.22666666666666674
18 0.3221015625 0.6943819444444445 0.19664062500000004 0.29240277777777784
19 0.640578125 0.5311458333333333 0.08837499999999991 0.1958472222222222
19 0.7564453125 0.5109444444444444 0.130859375 0.22158333333333327
19 0.76476953125 0.509875 0.10632031250000003 0.18461111111111106
19 0.45151953124999994 0.5158194444444444 0.1376953125 0.14286111111111113
19 0.5676523437500001 0.4719027777777777 0.06428906249999997 0.0901111111111111
19 0.29938671875 0.4034861111111111 0.14583593749999996 0.3948888888888888
14 0.22638281249999997 0.38663888888888887 0.12060937499999999 0.3535555555555555
19 0.35978906250000003 0.37289583333333337 0.05221875000000002 0.12256944444444444
19 0.48466796875 0.4033472222222222 0.1087890625 0.17483333333333334
19 0.56296484375 0.35506944444444444 0.08752343749999998 0.24000000000000002
19 0.6748828124999999 0.33211805555555557 0.15710937499999994 0.29793055555555553
19 0.39557421875000004 0.3279375 0.022320312499999995 0.0457916666666667
19 0.36705859374999994 0.280625 0.09452343749999996 0.0900555555555556
19 0.4797109375 0.21494444444444444 0.14595312499999996 0.21377777777777773
19 0.5658046874999999 0.23231250000000003 0.03699999999999992 0.061013888888888895
17 0.346640625 0.2103472222222222 0.056656249999999984 0.1126388888888889
17 0.785625 0.2038888888888889 0.07640624999999997 0.11472222222222224
19 0.22032421875 0.11245833333333333 0.09655468750000003 0.19561111111111107
19 0.16599218749999997 0.034798611111111113 0.11126562499999997 0.06959722222222223
19 0.25253125 0.034798611111111113 0.07912499999999997 0.06959722222222223
14 0.5287734374999999 0.08158333333333334 0.14476562499999995 0.16066666666666668
19 0.5738984375 0.02993055555555555 0.04957812500000003 0.057361111111111106
19 0.7328203125 0.09194444444444445 0.24848437499999995 0.1838888888888889