8 0.7605390625 0.9759652777777776 0.042343750000000034 0.048069444444444304
8 0.58800390625 0.933138888888889 0.1815390624999999 0.1337222222222222
4 0.6189140625 0.8484375 0.09045312499999998 0.19179166666666655
19 0.785453125 0.8901666666666668 0.05293749999999999 0.09647222222222228
19 0.40626171875 0.8732986111111111 0.046320312499999974 0.0917638888888888
19 0.54081640625 0.7982222222222223 0.06088281250000005 0.12741666666666668
12 0.30941015625 0.8490208333333332 0.1429609375 0.3019583333333334
2 0.4413789062499999 0.6914930555555555 0.08074218749999992 0.14823611111111112
16 0.5884453125 0.5987986111111111 0.22310937499999994 0.4140694444444445
2 0.46310546874999997 0.45526388888888886 0.04411718750000002 0.08236111111111105
12 0.21091015624999998 0.30059722222222224 0.03441406249999999 0.06588888888888889
18 0.692015625 0.2828611111111111 0.1265625 0.20950000000000005
12 0.18562890625 0.1963611111111111 0.038382812500000016 0.08705555555555557
12 0.31733203125 0.07153472222222222 0.09002343750000001 0.13906944444444444
19 0.6045273437500001 0.10694444444444444 0.05558593750000007 0.10588888888888891
17 0.3531484375 0.9767361111111111 0.05504687500000003 0.04652777777777778
14 0.70101953125 0.6376805555555556 0.12122656250000005 0.33427777777777784
19 0.63153515625 0.04016666666666667 0.08097656250000007 0.08033333333333334
0 0.70133203125 0.030569444444444448 0.05707031249999996 0.061138888888888895
2 0.74464453125 0.7958055555555555 0.11182031250000009 0.1560833333333335
3 0.4081171875 0.6045138888888889 0.07076562499999998 0.08763888888888892
19 0.474796875 0.2657847222222222 0.05024999999999995 0.06120833333333332
19 0.12076171875 0.2946736111111111 0.1258203125 0.5893472222222222