19 0.17305859375000002 0.7992916666666667 0.1261171875 0.40141666666666664
10 0.68021875 0.9624305555555555 0.13987499999999997 0.07513888888888877
19 0.139125 0.8863055555555557 0.10182812500000002 0.16444444444444456
17 0.24816406249999998 0.9592013888888888 0.04437499999999996 0.08159722222222222
19 0.44609375 0.9541666666666667 0.1125 0.09166666666666666
10 0.5268671875 0.8826805555555555 0.07737499999999997 0.23463888888888895
2 0.45147265625 0.8382361111111111 0.13577343749999998 0.1492222222222223
17 0.40895312500000003 0.7716458333333334 0.06617187500000003 0.1086527777777778
19 0.6551406249999999 0.8003888888888888 0.06940624999999993 0.13988888888888892
19 0.73018359375 0.8410555555555557 0.08405468749999993 0.14686111111111114
19 0.35046875 0.6762638888888889 0.043031250000000035 0.10191666666666666
19 0.4203125 0.6746111111111112 0.045218750000000044 0.09411111111111117
19 0.48391796875000004 0.7138263888888889 0.11691406250000007 0.1470694444444445
12 0.613671875 0.7131458333333333 0.11024999999999992 0.16476388888888896
17 0.51662890625 0.7014305555555556 0.07939843750000009 0.14711111111111114
17 0.46168359374999995 0.5582430555555555 0.061789062499999936 0.1568194444444444
19 0.41203124999999996 0.5690069444444444 0.12245312500000001 0.26351388888888894
19 0.54328515625 0.5053055555555556 0.10478906250000009 0.27138888888888885
2 0.3074296875 0.47620833333333334 0.179765625 0.26613888888888887
19 0.21624218749999996 0.46203472222222225 0.091796875 0.15740277777777784
17 0.17716015624999998 0.5593541666666666 0.06882031250000002 0.11654166666666663
17 0.3568125 0.5186041666666668 0.04632812499999996 0.10118055555555559
17 0.505046875 0.46409722222222227 0.059562500000000004 0.1270555555555556
10 0.68210546875 0.47863194444444446 0.1654453125 0.12162499999999991
19 0.68992578125 0.29783333333333334 0.1731328125000001 0.26624999999999993
19 0.485359375 0.41677777777777775 0.11832812500000003 0.12713888888888888
19 0.19944921875000002 0.3633958333333333 0.13327343750000004 0.11601388888888885
12 0.50297265625 0.2175 0.10046093749999993 0.29388888888888887
12 0.580734375 0.19680555555555554 0.070703125 0.2058333333333333
10 0.42308203125 0.2840902777777778 0.0683515625 0.28237500000000004
19 0.3497265625 0.30075694444444445 0.13125 0.1784305555555556
2 0.21406640625 0.20672916666666666 0.1886015625 0.2723472222222222
19 0.29084765625 0.081 0.16808593749999998 0.162
19 0.43180468749999995 0.0712986111111111 0.09793749999999997 0.12965277777777778
19 0.49659375 0.090125 0.08748437500000002 0.16730555555555557
10 0.7288710937499999 0.07394444444444445 0.08616406249999997 0.1478888888888889
13 0.5850703125 0.08311805555555556 0.14426562500000006 0.1662361111111111
13 0.80411328125 0.03959027777777778 0.14558593749999993 0.07918055555555556