19 0.3834140625 0.9177361111111111 0.23759374999999996 0.16452777777777783
19 0.65680078125 0.8722986111111112 0.14713281249999993 0.2554027777777776
12 0.46203906250000004 0.9534513888888889 0.06284375000000005 0.09309722222222218
3 0.5888242187499999 0.8886875000000001 0.11311718749999997 0.10681944444444456
14 0.54170703125 0.8399583333333334 0.0710859375 0.12272222222222208
19 0.71257421875 0.6783819444444446 0.09063281249999999 0.17143055555555564
19 0.67206640625 0.6332083333333334 0.07163281250000005 0.11975000000000004
19 0.47367968749999995 0.639361111111111 0.05907812499999991 0.2603055555555555
19 0.2794296875 0.5961944444444445 0.04914062499999998 0.14172222222222217
2 0.535515625 0.7443541666666665 0.05934375000000003 0.1213194444444444
8 0.57884765625 0.6354305555555555 0.17017968749999995 0.2881944444444444
19 0.71875 0.5395347222222223 0.061921874999999994 0.15201388888888895
19 0.62824609375 0.45477083333333335 0.10405468750000005 0.16231944444444446
19 0.35507421875 0.37840277777777775 0.07125781250000003 0.16919444444444448
19 0.3875 0.4811944444444444 0.014406250000000042 0.02297222222222217
18 0.45755078125 0.42919444444444443 0.14835156249999995 0.15924999999999995
18 0.27742187500000004 0.3422847222222222 0.07750000000000004 0.14245833333333335
19 0.5558398437500001 0.23975000000000002 0.03616406249999997 0.09724999999999998
19 0.4836015625000001 0.2830902777777778 0.08448437500000008 0.17968055555555557
19 0.28076953125 0.23242361111111115 0.07016406249999996 0.08259722222222227
19 0.1889609375 0.3237777777777778 0.06799999999999999 0.11172222222222226
17 0.18327734375000002 0.19503472222222223 0.059382812500000014 0.14520833333333336
17 0.39603515624999996 0.29111805555555553 0.07211718749999996 0.12820833333333334
7 0.34435156250000004 0.2532638888888889 0.057687500000000023 0.12088888888888892
17 0.4302890625 0.14178472222222224 0.07050000000000001 0.16495833333333332
17 0.5446601562500001 0.11004166666666668 0.04697656250000008 0.1318611111111111
17 0.19968359375000003 0.05509722222222223 0.07677343750000001 0.1098888888888889
19 0.35612890625000004 0.10235416666666666 0.09766406250000004 0.2044027777777777
2 0.4864921875 0.06930555555555555 0.14600000000000007 0.1386111111111111
19 0.57556640625 0.025430555555555553 0.03461718749999996 0.050555555555555555