19 0.46796875 0.9888888888888889 0.0265625 0.022222222222222223
18 0.27397265624999995 0.9395138888888888 0.07827343750000004 0.12097222222222209
2 0.36066796874999996 0.9272916666666666 0.09533593749999998 0.14541666666666672
10 0.6660937499999999 0.8586597222222222 0.10026562499999994 0.20159722222222234
19 0.8444921875 0.8993402777777777 0.10170312499999996 0.14937499999999992
6 0.826171875 0.7190833333333333 0.07307812499999997 0.1181944444444444
18 0.7143828125 0.6284722222222222 0.06037499999999998 0.09316666666666672
17 0.31504296875 0.5807222222222223 0.06674218750000005 0.12058333333333325
18 0.29304296874999997 0.48781250000000004 0.10482031249999997 0.129875
18 0.67877734375 0.28223611111111113 0.04310156250000006 0.14122222222222222
18 0.46968359374999996 0.30643055555555554 0.03811718749999997 0.10502777777777779
8 0.24039843749999998 0.22081944444444446 0.173421875 0.18141666666666667
2 0.6201718749999999 0.6381944444444444 0.21296874999999993 0.7236111111111111
15 0.490828125 0.8570416666666667 0.09853124999999992 0.1399166666666667
18 0.5608125 0.1795138888888889 0.11209375000000002 0.18013888888888888
12 0.72012109375 0.06563194444444445 0.1181640625 0.1312638888888889
19 0.42756249999999996 0.11600694444444445 0.15056250000000002 0.2202361111111111
12 0.4713984375000001 0.035131944444444445 0.06670312500000009 0.07026388888888889
18 0.3746875 0.7468472222222222 0.08012499999999996 0.24491666666666664
19 0.48364062499999994 0.7056805555555556 0.15631249999999994 0.2122499999999999
19 0.48981640625 0.5201111111111112 0.12400781250000001 0.1999444444444445
19 0.40007421875000004 0.5598194444444445 0.09547656250000003 0.1040833333333334
2 0.23717968749999999 0.9117222222222223 0.11648437500000001 0.1765555555555554
19 0.12076171875 0.2946736111111111 0.1258203125 0.5893472222222222