18 0.26727734375 0.9625208333333333 0.04361718750000003 0.07495833333333338
19 0.6801875 0.9583541666666666 0.13239062500000004 0.08329166666666671
19 0.37012890625 0.948673611111111 0.07746093750000002 0.08729166666666655
18 0.383421875 0.8698263888888889 0.09792187500000002 0.1329305555555556
19 0.4704882812499999 0.9365625000000001 0.04167968749999993 0.07562500000000007
12 0.46230078125 0.8089583333333332 0.08772656249999997 0.1635833333333333
19 0.600421875 0.711125 0.06895312499999999 0.24361111111111117
19 0.36981640625 0.7602361111111111 0.06289843749999999 0.08408333333333329
17 0.40144531250000004 0.683875 0.08971874999999999 0.14997222222222226
19 0.44221875 0.5901666666666667 0.10523437500000003 0.27347222222222217
17 0.5377890625 0.7438333333333335 0.043953124999999996 0.08127777777777775
18 0.1931953125 0.7582430555555555 0.09889062499999998 0.12481944444444437
2 0.51837109375 0.6189305555555555 0.07171093749999997 0.16166666666666663
3 0.59715625 0.48884722222222227 0.049156250000000054 0.13419444444444445
0 0.27917578125000003 0.48113194444444446 0.11117968749999996 0.10748611111111109
19 0.49839062500000003 0.36733333333333335 0.157421875 0.2713611111111111
19 0.25245703125 0.4501875000000001 0.07789843750000003 0.10393055555555561
12 0.22967187500000003 0.30675694444444446 0.10175000000000001 0.22676388888888888
12 0.64459765625 0.3383194444444445 0.09069531249999993 0.11338888888888891
19 0.41858593749999995 0.3510347222222222 0.030921874999999942 0.054569444444444434
19 0.46546484374999997 0.1961875 0.03266406249999996 0.0387638888888889
19 0.48346875 0.025416666666666667 0.05603125000000002 0.050833333333333335
12 0.2933203125 0.035166666666666666 0.066796875 0.07033333333333333
19 0.3575 0.04536111111111111 0.03721874999999999 0.04494444444444445
19 0.53830859375 0.1152638888888889 0.0294921875 0.05741666666666667
19 0.85433984375 0.12430555555555556 0.02539843750000017 0.03444444444444446
14 0.25884765625 0.0194375 0.054617187499999977 0.038875
18 0.11199218749999999 0.13903472222222224 0.10217187500000002 0.2780694444444445