19 0.4513515625 0.9463194444444445 0.042703125000000064 0.10736111111111105
10 0.30962890625 0.9484305555555556 0.06136718749999996 0.10313888888888888
10 0.22334765625 0.906173611111111 0.09610156249999999 0.18765277777777795
19 0.37749609375 0.9440347222222221 0.07571093749999998 0.11193055555555544
19 0.5527421875 0.9633402777777778 0.09001562500000002 0.0733194444444444
19 0.5082265625000001 0.8882638888888889 0.06065625000000008 0.14177777777777767
19 0.57740234375 0.8405208333333333 0.05358593749999994 0.1042638888888888
19 0.4481484375 0.9039027777777777 0.05875000000000004 0.15463888888888877
16 0.36105468749999997 0.8339305555555556 0.09201562499999998 0.15783333333333346
19 0.2789375 0.7674791666666667 0.062406249999999996 0.19523611111111103
19 0.43371875 0.7603541666666666 0.13367187499999997 0.22865277777777784
19 0.50525390625 0.7441736111111112 0.037460937500000034 0.1491805555555556
19 0.3485625 0.7046944444444444 0.04246875000000001 0.07369444444444437
19 0.38409375 0.6492569444444444 0.06681249999999998 0.08462499999999994
0 0.6679921875 0.5569722222222222 0.08012499999999996 0.13608333333333336
19 0.41558203125000004 0.5679236111111111 0.056554687500000034 0.0847361111111111
17 0.47781250000000003 0.5145 0.0640625 0.1486666666666666
10 0.3530234375 0.5448819444444445 0.09098437500000003 0.14198611111111115
19 0.56877734375 0.4622291666666667 0.08171093749999994 0.15879166666666672
19 0.58089453125 0.40038888888888885 0.2230390625 0.3677777777777777
3 0.700734375 0.367625 0.22509374999999993 0.4460833333333333
9 0.3976171875 0.38076388888888885 0.15757812500000004 0.2404166666666667
19 0.2119609375 0.3431944444444444 0.06600000000000002 0.1023611111111111
17 0.27143359375 0.3094097222222223 0.11021093749999995 0.19220833333333334
19 0.38091796875 0.26866666666666666 0.1284140625 0.14475000000000005
19 0.2103046875 0.11610416666666666 0.09221874999999999 0.14884722222222224
19 0.3531484375 0.18472222222222223 0.061515625000000004 0.08838888888888886
19 0.45046484375 0.20719444444444446 0.06235156249999996 0.08538888888888889
19 0.40244921875 0.15925 0.05896093750000002 0.08238888888888887
17 0.5798085937499999 0.2028472222222222 0.06488281249999997 0.1138333333333333
19 0.51954296875 0.18636111111111112 0.07924218750000005 0.1018888888888889
19 0.59708984375 0.08416666666666667 0.22074218749999996 0.16833333333333333
17 0.610140625 0.048993055555555554 0.08173437499999991 0.09798611111111111
8 0.54553125 0.02427777777777778 0.055906249999999956 0.04855555555555556
19 0.41169140624999995 0.06030555555555556 0.12978906250000005 0.12061111111111111