12 0.463484375 0.8621875000000001 0.079875 0.13662499999999986
17 0.7066992187500001 0.7275416666666668 0.08117968750000007 0.1305833333333333
2 0.31302734375 0.6777986111111111 0.09942968749999999 0.15909722222222217
17 0.8713828125 0.4943194444444445 0.058453125000000127 0.1253055555555556
6 0.22480078125 0.5000138888888889 0.1102421875 0.1984722222222222
19 0.52484375 0.20206249999999998 0.10734375000000007 0.2530138888888889
12 0.33410546875 0.08038194444444445 0.10516406250000002 0.13918055555555553
12 0.43690234375000003 0.12179861111111111 0.10616406250000003 0.24359722222222221
2 0.20763281249999999 0.818875 0.09706250000000001 0.15100000000000005
19 0.57130078125 0.7345208333333334 0.04213281250000005 0.07365277777777773
6 0.8446914062499999 0.07153472222222222 0.039789062499999875 0.07593055555555556
10 0.30748046875 0.8436388888888889 0.10072656250000005 0.2015555555555554
19 0.38606640625 0.9192222222222222 0.07619531249999997 0.16155555555555548
19 0.68359375 0.8902777777777777 0.1640625 0.21944444444444444
19 0.5931015625 0.9409444444444445 0.04748437499999998 0.11811111111111106
19 0.43437890625 0.6132708333333333 0.053085937500000034 0.08876388888888885
19 0.55541015625 0.5935069444444444 0.10111718750000005 0.19690277777777776
2 0.6514296875000001 0.46809722222222216 0.20776562500000004 0.3729444444444444
17 0.7803984374999999 0.5649305555555556 0.08071874999999995 0.1668055555555556
19 0.49760156250000004 0.9226805555555556 0.04718750000000007 0.059916666666666805
19 0.53480859375 0.9067361111111112 0.028648437500000058 0.07488888888888899
7 0.44058984375000004 0.5058055555555556 0.17727343750000002 0.25083333333333335
19 0.4406875 0.5646597222222222 0.15374999999999997 0.2052916666666666
17 0.37551562499999996 0.5252083333333333 0.09399999999999994 0.14916666666666664
19 0.3281015625 0.35052083333333334 0.06106249999999998 0.25165277777777784
19 0.25230859375 0.3524305555555556 0.10755468749999997 0.1511666666666667
19 0.55702734375 0.3632222222222222 0.035757812499999986 0.0829166666666667
19 0.37586328125 0.32213194444444443 0.06167968750000004 0.13598611111111106
19 0.30952734375 0.1957361111111111 0.09233593750000005 0.11813888888888889
19 0.620328125 0.28786805555555556 0.05221874999999994 0.08540277777777779
19 0.64793359375 0.163 0.054445312500000044 0.10166666666666666
19 0.72870703125 0.24006944444444445 0.08649218750000003 0.14791666666666667
19 0.39103906250000003 0.20365277777777777 0.08698437500000003 0.14119444444444443
9 0.20947265625 0.03361111111111111 0.1908203125 0.06722222222222222
19 0.5956328125 0.08811805555555556 0.10529687499999998 0.170125
19 0.5284453125 0.035659722222222225 0.06185937500000005 0.07131944444444445
19 0.477921875 0.06936805555555556 0.05476562499999993 0.13873611111111112