8 0.283203125 0.9847222222222223 0.04609375 0.030555555555555555
10 0.32721875 0.9130208333333333 0.15573437499999998 0.17395833333333333
18 0.52551953125 0.8162569444444445 0.4105390625 0.367486111111111
19 0.7211875 0.8705069444444445 0.030421875000000043 0.12415277777777792
19 0.42243359375 0.8765694444444446 0.13235156250000002 0.23872222222222236
19 0.25119140624999997 0.733548611111111 0.06088281250000005 0.5329027777777778
7 0.20376171875 0.8660000000000001 0.06485156249999999 0.21513888888888902
17 0.22579687499999998 0.7000069444444444 0.13764062500000002 0.1529305555555555
2 0.3637578125 0.6483819444444445 0.08475000000000002 0.4622083333333333
2 0.48528515624999996 0.6323194444444444 0.1244140625 0.13366666666666668
2 0.6864999999999999 0.5781388888888889 0.06589062499999994 0.17327777777777775
19 0.39399609375 0.6858541666666665 0.043679687499999974 0.12529166666666663
19 0.8181875 0.5413819444444444 0.08470312500000006 0.11529166666666665
12 0.22233593750000002 0.544375 0.14029687500000004 0.21486111111111117
12 0.7648710937500001 0.4027986111111111 0.1916953124999999 0.3544861111111111
19 0.43755468749999993 0.5547222222222222 0.05589062499999997 0.3755555555555554
19 0.35181640625 0.3711388888888889 0.13235156249999996 0.2294166666666667
19 0.35623046875 0.33193055555555556 0.07278906249999997 0.1941111111111111
19 0.47093750000000006 0.28115972222222224 0.07279687500000005 0.16623611111111106
17 0.568546875 0.27996527777777774 0.07168749999999999 0.16862499999999997
17 0.50303125 0.152125 0.05845312499999995 0.08038888888888888
17 0.40707812499999996 0.0854513888888889 0.05845312499999995 0.08823611111111111
19 0.41810937500000006 0.1982083333333333 0.05625 0.06666666666666667
19 0.61167578125 0.08938194444444444 0.14558593749999993 0.17843055555555556
19 0.48373046875 0.09722222222222222 0.046320312499999974 0.052944444444444454
19 0.5311562500000001 0.04518055555555556 0.06396875000000009 0.09036111111111111
19 0.45334375 0.04125694444444444 0.10268750000000004 0.08251388888888889
19 0.73906640625 0.043305555555555555 0.06286718750000002 0.08627777777777776
2 0.3546875 0.0785138888888889 0.09926562499999995 0.1570277777777778