14 0.35085937500000003 0.9769444444444444 0.07312500000000002 0.04611111111111117
3 0.2811875 0.973125 0.04378124999999997 0.05375000000000006
3 0.43203125 0.9597222222222223 0.06015625 0.08055555555555556
5 0.8010117187500001 0.9630277777777778 0.10139843749999997 0.07394444444444445
17 0.71049609375 0.946111111111111 0.10172656250000003 0.10777777777777765
17 0.51473046875 0.9211111111111112 0.08913281249999994 0.10961111111111121
19 0.4134609375 0.8133958333333333 0.13256250000000006 0.3196805555555556
2 0.64773828125 0.8144027777777778 0.2321328125000001 0.33388888888888896
14 0.79541796875 0.6057222222222223 0.06624218749999997 0.13411111111111104
19 0.41896093749999996 0.698576388888889 0.08626562500000001 0.09448611111111115
18 0.4870234375 0.5674930555555556 0.15328125000000004 0.24331944444444453
19 0.5323359375 0.6175694444444444 0.07085937500000003 0.09311111111111106
13 0.166171875 0.6195625 0.07625000000000001 0.15026388888888897
4 0.64446484375 0.5749305555555556 0.05003906249999997 0.0856944444444445
8 0.7454140625 0.45711111111111113 0.05979687499999997 0.1268888888888889
17 0.3591640625 0.5450416666666666 0.05006250000000003 0.09311111111111106
19 0.6257890625 0.40331249999999996 0.19178125000000001 0.25890277777777776
19 0.3639140625 0.43500694444444443 0.04235937500000002 0.11234722222222221
19 0.388703125 0.3955625 0.09881249999999997 0.25331944444444443
12 0.45736718749999994 0.39734027777777775 0.040046874999999996 0.10273611111111115
18 0.51026953125 0.4421111111111111 0.09471093750000001 0.2834444444444445
18 0.64260546875 0.13812500000000003 0.09197656250000001 0.2101388888888889
19 0.46773437500000004 0.25227777777777777 0.09078125000000004 0.1737222222222222
19 0.38455078125000003 0.19994444444444445 0.06561718750000001 0.10094444444444445
18 0.39260546874999996 0.18177083333333333 0.07771093749999998 0.1671527777777778
8 0.5742382812500001 0.07431944444444444 0.08780468750000008 0.14863888888888888
3 0.50106640625 0.08458333333333333 0.06161718749999991 0.16916666666666666
2 0.45322265625 0.10567361111111112 0.042367187500000014 0.11412500000000002
3 0.263234375 0.12393750000000002 0.05648437499999996 0.10954166666666669
19 0.3367265625 0.1804236111111111 0.03273437499999998 0.06048611111111113
17 0.40251562500000004 0.05227083333333333 0.06803124999999999 0.10454166666666666
19 0.34603124999999996 0.04485416666666667 0.047499999999999966 0.08970833333333333
19 0.7365976562500001 0.051701388888888894 0.10461718750000007 0.10340277777777779
19 0.68941796875 0.06802777777777778 0.044929687499999996 0.09127777777777778
2 0.6576484375 0.0465625 0.046859375000000016 0.093125