18 0.4134765625 0.9470069444444444 0.12601562499999996 0.10598611111111103
19 0.3507890625 0.9293055555555556 0.13482812500000002 0.14138888888888881
18 0.31845703125 0.8649305555555555 0.24675781249999998 0.2701388888888889
10 0.74361328125 0.8999305555555556 0.13461718750000004 0.11630555555555556
17 0.6609570312499999 0.8285972222222221 0.05758593750000003 0.15086111111111095
12 0.49188671875 0.7898402777777777 0.05805468749999996 0.07304166666666655
12 0.5060234374999999 0.8770833333333333 0.06842187499999994 0.11313888888888894
19 0.593609375 0.8620763888888889 0.06225000000000005 0.13295833333333335
12 0.57730859375 0.7623541666666667 0.0951171875 0.11251388888888887
14 0.7623984375000001 0.7780277777777778 0.09965625000000004 0.1077499999999999
2 0.2256171875 0.7973888888888889 0.06382812500000001 0.11013888888888883
14 0.2792578125 0.7549236111111112 0.08093750000000002 0.09968055555555554
2 0.45514453124999993 0.8031041666666667 0.035835937499999915 0.10765277777777776
16 0.67716015625 0.7318958333333334 0.10972656250000004 0.16073611111111114
19 0.264484375 0.5261041666666667 0.160890625 0.2761805555555556
19 0.77712890625 0.6397083333333333 0.1020390625000001 0.21416666666666673
18 0.71605078125 0.6017847222222222 0.06288281250000001 0.14356944444444444
2 0.54491796875 0.4846805555555556 0.11838281249999998 0.17302777777777784
16 0.37037109375 0.40234722222222224 0.10847656250000001 0.19986111111111107
12 0.54155078125 0.32945138888888886 0.12396093750000006 0.219125
14 0.33059765625000004 0.7202222222222223 0.0995078125 0.07402777777777772
14 0.30264453125 0.2729097222222222 0.058992187499999994 0.20112499999999997
18 0.61266015625 0.1650138888888889 0.06574218750000008 0.13152777777777777
3 0.39024609374999997 0.4493472222222223 0.07078906249999997 0.12583333333333335
18 0.35059375000000004 0.5034375 0.03423437500000004 0.05773611111111118
18 0.29108203125 0.04190277777777778 0.14221093749999997 0.08380555555555556
8 0.41000390625000005 0.06145833333333333 0.11671093749999994 0.12291666666666666