19 0.35078125 0.9513888888888888 0.05859375 0.09722222222222222
17 0.425390625 0.9180555555555555 0.05703125 0.1638888888888889
19 0.517578125 0.9576388888888889 0.121875 0.08472222222222223
19 0.273875 0.8893125000000001 0.07754687499999999 0.1322083333333334
17 0.3699609375 0.8977708333333333 0.07074999999999995 0.20445833333333338
19 0.46501953125 0.8552222222222222 0.08939843750000005 0.18427777777777787
19 0.52576171875 0.8497847222222222 0.04964843749999996 0.13631944444444458
12 0.391203125 0.6913680555555555 0.12881250000000005 0.24106944444444436
16 0.5088359375 0.6818680555555555 0.141984375 0.24640277777777772
8 0.6260703125 0.5736111111111111 0.05028124999999992 0.1061944444444445
19 0.773078125 0.5582013888888889 0.07568750000000009 0.1655694444444445
19 0.45982421874999996 0.5491180555555556 0.09792968749999993 0.14851388888888897
19 0.58435546875 0.5043819444444444 0.10325781250000006 0.1035416666666666
17 0.82861328125 0.5036597222222222 0.07171093749999997 0.1596250000000001
8 0.66355859375 0.27768055555555554 0.1902265625 0.4043611111111111
14 0.80375 0.3586944444444444 0.10500000000000007 0.20100000000000004
19 0.39397265625 0.42954861111111114 0.15408593749999996 0.14770833333333336
19 0.520734375 0.3874513888888889 0.06039062499999996 0.06668055555555555
8 0.41834375 0.34069444444444447 0.148625 0.21194444444444446
19 0.49164453124999996 0.2870625 0.10311718750000001 0.16476388888888888
19 0.5390390624999999 0.2677847222222222 0.05415624999999995 0.09623611111111113
19 0.78913671875 0.23202777777777778 0.08767968750000002 0.1046111111111111
12 0.44076953125000007 0.13199305555555554 0.05721093750000002 0.09887499999999999
19 0.3723046875 0.08555555555555555 0.11867187499999998 0.1711111111111111
9 0.5121445312499999 0.0916111111111111 0.16430468749999996 0.1832222222222222
19 0.7961015625 0.09924999999999999 0.06993749999999999 0.19849999999999998
10 0.60734375 0.10524305555555556 0.12906250000000002 0.21048611111111112
8 0.7263398437499999 0.08458333333333333 0.12739843749999996 0.16916666666666666
17 0.22742187500000002 0.016180555555555556 0.040312500000000015 0.03236111111111111