19 0.36538281249999993 0.9537291666666666 0.10954687499999997 0.09254166666666681
19 0.28299609375 0.9496180555555556 0.11783593750000003 0.10076388888888882
16 0.43269531250000004 0.9627777777777777 0.08523437499999997 0.07444444444444431
7 0.56034375 0.9810972222222222 0.11524999999999999 0.03780555555555559
15 0.7410742187499999 0.9170347222222222 0.08128906249999997 0.16593055555555558
19 0.2659375 0.8529861111111111 0.06673437499999997 0.09347222222222216
19 0.5023828124999999 0.9040069444444444 0.11425 0.17070833333333343
19 0.59806640625 0.9215833333333333 0.08186718749999997 0.1007222222222222
9 0.63771875 0.8481805555555556 0.1233281250000001 0.2930833333333333
19 0.41273828124999995 0.8360486111111111 0.12536718750000003 0.2554027777777777
19 0.5428867187499999 0.6916875 0.04833593749999991 0.15468055555555565
19 0.36255078125 0.7290833333333334 0.03033593750000003 0.16058333333333327
17 0.1126953125 0.510888888888889 0.08629687499999998 0.1495833333333334
19 0.41171875 0.9576388888888889 0.0625 0.08472222222222223
17 0.44548828125 0.5334166666666667 0.09567968750000003 0.12611111111111103
19 0.19160546875 0.6552291666666666 0.08383593749999999 0.18593055555555565
19 0.5370507812499999 0.5338263888888888 0.07661718749999995 0.15387499999999996
19 0.4551875000000001 0.35805555555555557 0.08584375000000008 0.20033333333333334
19 0.32395312499999995 0.40268055555555554 0.03265624999999996 0.027083333333333334
19 0.5442578124999999 0.33931944444444445 0.12890625 0.2686111111111111
12 0.6349921875 0.4308125 0.10220312499999995 0.22031944444444443
19 0.66804296875 0.5437430555555556 0.04921093750000001 0.08634722222222216
19 0.70350390625 0.42952083333333335 0.04875781250000007 0.1269861111111112
7 0.7658046875 0.3665416666666666 0.12682812499999993 0.36552777777777784
14 0.23287890625 0.1983125 0.07174218750000001 0.13059722222222225
19 0.2760546875 0.2579930555555556 0.04146875000000003 0.21759722222222216
18 0.451796875 0.146875 0.11421875000000004 0.29375
16 0.5152187500000001 0.2175763888888889 0.1192499999999999 0.2020972222222222
2 0.687421875 0.17083333333333334 0.16109375000000004 0.26916666666666667
19 0.640671875 0.11689583333333332 0.06775000000000002 0.11684722222222221
17 0.8393593749999999 0.10161805555555554 0.07887500000000003 0.18334722222222222
14 0.367625 0.1177986111111111 0.07593749999999999 0.15279166666666666
19 0.3065 0.07822222222222222 0.06471875000000002 0.15644444444444444
5 0.5700390625 0.028694444444444446 0.08585937500000007 0.05738888888888889