2 0.44183203125 0.7060902777777778 0.12367968749999995 0.5878194444444444
17 0.39140625 0.9694444444444444 0.08359375 0.06111111111111111
19 0.52731640625 0.8929791666666668 0.09386718750000007 0.14509722222222227
19 0.5101640625 0.7648819444444445 0.12904687500000006 0.1474305555555556
19 0.695765625 0.7801388888888889 0.04425000000000008 0.10200000000000008
2 0.34369921875 0.6667222222222222 0.09411718750000002 0.3575277777777779
19 0.28901171875 0.7406805555555555 0.03971093750000003 0.07999999999999995
19 0.4940390625 0.5957986111111111 0.12240625000000005 0.24715277777777783
19 0.50184765625 0.5919791666666667 0.07596093750000002 0.1294583333333334
12 0.6862421875 0.5277152777777778 0.120703125 0.16659722222222229
7 0.25237109375 0.3760069444444445 0.10528906249999999 0.19895833333333332
8 0.50213671875 0.4507986111111111 0.12388281249999995 0.09845833333333331
19 0.42640625 0.2403611111111111 0.13796874999999997 0.38266666666666665
19 0.47220703124999996 0.33368749999999997 0.1004765625000001 0.13137500000000005
19 0.44628515625 0.22516666666666668 0.09055468750000006 0.1092222222222222
7 0.6857031250000001 0.1447638888888889 0.09484375000000007 0.20325000000000001
19 0.858 0.21056249999999999 0.028062500000000056 0.04220833333333331
2 0.52844140625 0.13170833333333332 0.1401484374999999 0.26075000000000004
17 0.57478125 0.22125694444444446 0.04092187500000009 0.07781944444444441
19 0.39008984375000005 0.043805555555555556 0.06838281250000003 0.08761111111111111
19 0.29904296875 0.04577083333333333 0.1379765625 0.09154166666666666