3 0.51563671875 0.9709722222222222 0.08013281249999996 0.05805555555555549
19 0.2566015625 0.9616527777777778 0.07942187499999998 0.07669444444444448
2 0.75071875 0.9885416666666667 0.04121874999999999 0.022916666666666665
11 0.7504140625 0.8967152777777778 0.08310937500000008 0.1469305555555555
2 0.6247343750000001 0.8645972222222222 0.06046875000000007 0.11888888888888877
16 0.5344140625 0.9115208333333332 0.07739062499999996 0.13237499999999994
18 0.33712890625 0.927361111111111 0.13228906250000003 0.14527777777777764
19 0.41817187499999997 0.8662083333333335 0.04756250000000004 0.10130555555555563
19 0.37957421875 0.8702708333333333 0.046320312500000016 0.13862499999999991
19 0.5190234374999999 0.8020902777777777 0.1379843749999999 0.20604166666666662
19 0.44547265625000004 0.6754791666666667 0.14252343750000004 0.3027083333333334
19 0.6370625 0.7551527777777778 0.04928124999999994 0.10208333333333333
14 0.7083320312500001 0.7406666666666666 0.06753906250000004 0.08630555555555562
2 0.7546601562500002 0.6557986111111112 0.18222656250000008 0.11754166666666666
17 0.2725546875 0.6840347222222222 0.09214062500000005 0.16765277777777782
19 0.33669531249999995 0.6980138888888889 0.12101562499999999 0.29619444444444454
3 0.3574140625 0.45945833333333336 0.06498437500000005 0.15941666666666662
2 0.43096875 0.38604861111111116 0.10509374999999999 0.29181944444444446
17 0.715703125 0.41930555555555554 0.09296875 0.21694444444444447
19 0.60290625 0.12225000000000001 0.05153125000000003 0.10050000000000002
17 0.86547265625 0.04425 0.07514843750000004 0.0885
19 0.84014453125 0.13053472222222223 0.03630468749999984 0.04804166666666667