12 0.25860546875 0.9346944444444445 0.1120078125 0.13061111111111107
19 0.36851171874999994 0.969486111111111 0.06422656249999999 0.061027777777777854
7 0.440234375 0.8631944444444445 0.17265625 0.27361111111111114
10 0.58139453125 0.8847986111111112 0.08580468749999995 0.2304027777777776
19 0.7524531250000001 0.8537083333333333 0.1165156249999999 0.18902777777777766
3 0.28060156249999996 0.8543819444444444 0.07473437499999998 0.11565277777777776
18 0.45270703125 0.6163680555555556 0.05291406250000001 0.09287500000000001
19 0.5523007812499999 0.5683125 0.09007031249999997 0.13604166666666673
17 0.76715625 0.5619999999999999 0.08923437499999994 0.16513888888888886
19 0.24035156249999998 0.4121388888888889 0.027578124999999964 0.04627777777777785
19 0.39038671875 0.3447777777777778 0.08905468749999997 0.15041666666666664
19 0.51025 0.44259722222222214 0.18262499999999998 0.21380555555555558
10 0.6109921875000001 0.49706249999999996 0.09628125000000001 0.11693055555555563
19 0.6228828125 0.37100694444444443 0.05390625 0.09784722222222225
19 0.44664062499999996 0.1996527777777778 0.03640624999999993 0.06041666666666667
19 0.5454296875 0.18520833333333334 0.11570312499999993 0.22041666666666665
11 0.62953515625 0.13897222222222222 0.05907031249999992 0.21538888888888894
12 0.30941015625 0.11297916666666666 0.14352343750000002 0.18459722222222225
19 0.4653359375 0.13641666666666666 0.07735937499999998 0.13391666666666668
12 0.4143671875 0.02821527777777778 0.05667187499999997 0.05643055555555556
19 0.6567109375 0.015694444444444445 0.03564062499999991 0.03138888888888889
19 0.18721484375 0.09004166666666666 0.03371093749999998 0.05386111111111111
19 0.50769140625 0.31197916666666664 0.05521093750000006 0.09901388888888887
18 0.11199218749999999 0.13903472222222224 0.10217187500000002 0.2780694444444445