8 0.591484375 0.8870833333333332 0.09734374999999992 0.22583333333333322
17 0.33730078125 0.5400277777777779 0.07492968749999998 0.12299999999999993
17 0.4476171875 0.5766180555555556 0.092578125 0.13398611111111114
2 0.72060546875 0.5471319444444445 0.16617968750000003 0.25279166666666664
17 0.6635 0.2462083333333333 0.06121874999999992 0.1286944444444444
12 0.54312109375 0.2686944444444444 0.10141406249999996 0.2307222222222222
18 0.5206601562500001 0.45686805555555554 0.0964765625 0.17765277777777774
19 0.30534765625000004 0.43213888888888896 0.049664062500000036 0.07425000000000005
19 0.406875 0.9279166666666667 0.15740625000000003 0.1441666666666666
18 0.49609375 0.9099305555555556 0.07171874999999997 0.16152777777777771
18 0.54888671875 0.5580347222222222 0.028789062499999928 0.06448611111111104
19 0.42418750000000005 0.20743055555555553 0.14462499999999995 0.11902777777777776
17 0.361421875 0.051 0.08496875 0.1018888888888889
13 0.3674765625 0.7904027777777778 0.13551562500000003 0.24469444444444452
13 0.20231250000000003 0.6787916666666667 0.038968749999999996 0.06825000000000006
12 0.42396093749999997 0.34602083333333333 0.10854687500000004 0.16795833333333338
3 0.342953125 0.4802430555555555 0.12217187500000004 0.09487499999999992
18 0.28853125 0.7373958333333333 0.03628125000000004 0.05409722222222228
19 0.62511328125 0.12511111111111112 0.08335156250000005 0.1916111111111111
8 0.7189609375 0.14426388888888889 0.10532812499999995 0.28852777777777777
3 0.46316015625 0.11897916666666665 0.09711718749999995 0.10795833333333336
12 0.43978515625 0.03416666666666667 0.056523437499999926 0.06833333333333334
19 0.79140625 0.8127916666666667 0.023953124999999974 0.03911111111111122
19 0.8428515624999999 0.3246388888888889 0.03523437499999993 0.05872222222222218
19 0.5384453125 0.116875 0.028109375000000013 0.06430555555555556
19 0.29676953125 0.08099305555555555 0.015523437500000004 0.03106944444444444
18 0.11199218749999999 0.13903472222222224 0.10217187500000002 0.2780694444444445