19 0.48125 0.9569444444444445 0.05859375 0.08611111111111111
19 0.7196835937499999 0.9834652777777778 0.05510156249999998 0.03306944444444437
12 0.5964140625 0.8393194444444444 0.15984374999999992 0.3213611111111112
19 0.22734375 0.9416666666666667 0.13125 0.11666666666666667
8 0.41267578125000004 0.9074305555555556 0.12135156249999998 0.18513888888888883
19 0.19389453125 0.949125 0.05646093749999999 0.08688888888888881
8 0.282015625 0.8787222222222222 0.12132812499999997 0.1258333333333332
19 0.32817187499999995 0.9669513888888888 0.05181249999999995 0.06609722222222211
19 0.36927343749999997 0.8954513888888889 0.045828124999999977 0.08318055555555569
19 0.37682421875000005 0.7940208333333333 0.09263281249999995 0.1772083333333333
19 0.46546875 0.816076388888889 0.11290624999999999 0.13668055555555567
11 0.303703125 0.6909930555555556 0.079984375 0.3070972222222222
19 0.23137500000000003 0.7276944444444443 0.08585937499999999 0.1541388888888889
19 0.71269921875 0.9213749999999999 0.07986718750000002 0.12402777777777771
8 0.803515625 0.9277777777777778 0.1203125 0.14444444444444443
19 0.704890625 0.8087708333333334 0.10267187500000005 0.21323611111111107
19 0.7634960937499999 0.6308541666666667 0.11285156250000003 0.16504166666666664
17 0.466140625 0.7305138888888889 0.09481249999999992 0.09738888888888882
19 0.48128125 0.6933541666666667 0.1369375 0.22965277777777773
19 0.53976171875 0.5779236111111111 0.16208593750000003 0.22720833333333337
19 0.22257031249999998 0.6079861111111111 0.056062499999999994 0.10138888888888889
12 0.583375 0.4705 0.11624999999999996 0.16877777777777775
19 0.426 0.4618472222222222 0.13746875000000003 0.1411944444444444
3 0.6266015625000001 0.32400694444444444 0.17335937500000007 0.36051388888888886
19 0.74734375 0.43783333333333335 0.05798437500000002 0.18680555555555556
19 0.7465273437500001 0.31295138888888885 0.1100703124999999 0.1675694444444444
19 0.43102343750000005 0.3878958333333334 0.17267187499999997 0.23856944444444442
0 0.23502343750000004 0.48272916666666665 0.05278124999999996 0.07765277777777774
19 0.73125 0.24979861111111112 0.036843750000000064 0.09693055555555559
19 0.5784921875 0.20727083333333335 0.049125000000000085 0.16281944444444446
19 0.54458984375 0.19768750000000002 0.052382812499999966 0.13926388888888885
19 0.47674609375 0.16125694444444444 0.12130468749999998 0.1427638888888889
19 0.40337109375 0.22641666666666668 0.03569531250000004 0.07088888888888892
11 0.43046484375 0.08990277777777776 0.054054687500000045 0.07619444444444445
14 0.48765234374999994 0.035291666666666666 0.05766406249999996 0.07058333333333333
10 0.59967578125 0.07960416666666667 0.1327109374999999 0.15920833333333334
17 0.31876171875 0.12672222222222224 0.1018515625 0.1698333333333333
2 0.25358203125 0.042902777777777776 0.13271093750000001 0.08580555555555555
19 0.20056640625000002 0.12200694444444445 0.05196093749999999 0.14231944444444442