19 0.99477734375 0.01670138888888889 0.010445312499999915 0.03340277777777778
19 0.37330859375 0.9484097222222222 0.0490234375 0.10318055555555551
18 0.34310546875000003 0.9106180555555555 0.07150781249999998 0.134263888888889
18 0.50362890625 0.9021944444444443 0.15053906250000004 0.19561111111111099
19 0.694578125 0.8870347222222221 0.08650000000000002 0.1948194444444444
10 0.45140625000000006 0.8020347222222222 0.14610937499999999 0.24287499999999992
12 0.413203125 0.7390208333333333 0.16500000000000004 0.22637500000000002
19 0.34094921874999995 0.8481527777777779 0.033320312499999984 0.0738055555555557
19 0.3323515625 0.7837847222222222 0.014390624999999968 0.03129166666666663
19 0.3609453125 0.6681041666666666 0.07482812499999998 0.13787499999999997
19 0.48132031249999996 0.5854166666666667 0.07842187500000009 0.16027777777777774
18 0.5931796875 0.5299722222222222 0.17551562500000006 0.20699999999999996
18 0.45513671875000006 0.5014236111111111 0.12074218749999996 0.1589583333333334
19 0.5110546875 0.32354166666666667 0.24539062499999997 0.3690277777777777
18 0.25443359375 0.39040972222222226 0.14689843749999998 0.2854861111111111
17 0.794328125 0.4202222222222222 0.08599999999999994 0.1670555555555555
17 0.702234375 0.2921736111111111 0.07996874999999992 0.14995833333333336
19 0.37093750000000003 0.21590277777777775 0.11359374999999998 0.2029166666666667
19 0.40142578125000006 0.35978472222222224 0.0390078125 0.12829166666666666
19 0.60881640625 0.2187013888888889 0.03169531249999995 0.05876388888888889
19 0.5171406249999999 0.1279861111111111 0.049249999999999974 0.06936111111111111
19 0.43862890624999995 0.20384027777777775 0.05997656249999998 0.08062500000000002
19 0.7962851562500001 0.047604166666666656 0.10883593750000005 0.093625
19 0.5726484375 0.034104166666666665 0.14885937499999996 0.06820833333333333
19 0.40774609375 0.06667361111111111 0.061507812500000016 0.13334722222222223
18 0.11199218749999999 0.13903472222222224 0.10217187500000002 0.2780694444444445