8 0.78591796875 0.9694444444444444 0.06097656249999996 0.06111111111111111
6 0.22567578125 0.9724375 0.03521093750000004 0.05512500000000008
12 0.4031328125 0.9621041666666665 0.058656249999999986 0.07579166666666658
2 0.6179140625 0.9223611111111112 0.26909375 0.1552777777777777
18 0.36953125 0.9875 0.009375 0.025
18 0.41737890625 0.7788333333333333 0.07978906249999995 0.17858333333333332
19 0.4120390625 0.8397569444444445 0.132359375 0.1697083333333334
19 0.42890625 0.9576388888888889 0.10546875 0.08472222222222223
19 0.54980859375 0.8418263888888889 0.17739843749999995 0.1934583333333333
19 0.60177734375 0.7730416666666665 0.10653906249999992 0.15400000000000008
17 0.48455859375 0.7147083333333334 0.04044531249999998 0.08497222222222223
19 0.45091406250000005 0.6749027777777777 0.01910937500000003 0.028250000000000046
19 0.40153125 0.6686875000000001 0.05882812499999997 0.08823611111111115
19 0.5323515625 0.5395694444444444 0.11948437500000005 0.2719444444444444
17 0.5824453125 0.6490069444444444 0.08179687500000003 0.13793055555555547
17 0.21324218749999999 0.5442847222222222 0.08678125 0.18987500000000004
10 0.71112109375 0.5210763888888889 0.13878906250000006 0.21079166666666665
18 0.29788671875 0.4803611111111111 0.09044531249999999 0.17058333333333325
3 0.22603906250000003 0.44180555555555556 0.124609375 0.28350000000000003
19 0.49857421874999996 0.33621527777777777 0.08091406249999995 0.19529166666666664
0 0.75961328125 0.3406041666666667 0.07732031250000002 0.13087500000000002
19 0.52159765625 0.5397083333333333 0.06433593749999993 0.12091666666666659
19 0.14796875 0.11625 0.18468750000000003 0.2325
19 0.41038671875000005 0.2913402777777778 0.0937578125 0.17645833333333336
19 0.50276953125 0.23145138888888891 0.06711718750000006 0.15570833333333337
19 0.55101171875 0.2562083333333333 0.045960937499999945 0.09966666666666665
18 0.3041796875 0.24223611111111115 0.09664062500000004 0.1896944444444445
17 0.5625 0.14656944444444445 0.06801562499999995 0.09966666666666665
10 0.29131640625 0.10245138888888888 0.15817968750000003 0.20098611111111112
19 0.4200390625 0.09427777777777781 0.10478125000000005 0.1683055555555556
19 0.49494140625000005 0.07222222222222222 0.11672656250000006 0.13400000000000004
14 0.6976093750000001 0.09020138888888887 0.06617187500000003 0.17973611111111107
18 0.37959765624999997 0.16617361111111112 0.10110156250000002 0.10620833333333334
18 0.60799609375 0.04101388888888889 0.11305468750000003 0.08202777777777778
2 0.765625 0.04427777777777778 0.07168750000000008 0.08855555555555555